  0.00194177018798684  0.01202179223636009  0.02339472306145505  0.03399380079462858
  0.04437411288914159  0.05458296150234859  0.06477119241623751  0.07491967358295443
  0.08506949985356334  0.09521217621402875  0.10530646959003714  0.11532128714504003
  0.12535038005818458  0.13536910803125526  0.14537750356329657  0.15526878570321095
  0.16523057066549693  0.17525110837573024  0.18528271335231328  0.19537742922928400
  0.20548974109413784  0.21582032230450951  0.22610273680449008  0.23631377174157661
  0.24654395464558571  0.25688756506174065  0.26730998125014560  0.27756560398558333
  0.28768842968595720  0.29777755022489860  0.30803018064493792  0.31814178000247428
  0.32802489558934134  0.33791062065019017  0.34780114535479445  0.35785645431173613
  0.36791973940470707  0.37815452954710888  0.38859995449435208  0.39897707194868809
  0.40925162588723873  0.41962562252456159  0.43002649691416711  0.44035152604161948
  0.45044128107138176  0.46053968104199916  0.47063114315413984  0.48071634801001373
  0.49081578663444486  0.50091629885671840  0.51096039674717630  0.52092288938060660
  0.53087439106956602  0.54090746407512669  0.55098658764199637  0.56123233943168294
  0.57152709071262020  0.58175430279200446  0.59188624557244141  0.60196995742995418
  0.61212063345345802  0.62229730962109753  0.63250091885929283  0.64277265392716554
  0.65319766551123726  0.66370364162615725  0.67423332107884182  0.68469493955883276
  0.69509603959292898  0.70543836026656725  0.71573523354113144  0.72595403274786430
  0.73604681437741348  0.74609215939282836  0.75630418103667829  0.76665280445051287
  0.77698258050766211  0.78730353926711516  0.79767808564995468  0.80814926683472310
  0.81858677040792183  0.82906162395854699  0.83959396482906945  0.85015160968642778
  0.86068303348069286  0.87115933130132550  0.88159167432844110  0.89203095879874972
  0.90260170449826138  0.91331364224195333  0.92407460552816545  0.93488066242418244
  0.94601585669271704  0.95827285081650848  0.97477134022755563  1.00000000000000000
  0.00138446473281826  0.01441162905091890  0.02730792931956974  0.03862603795003347
  0.04942070537387139  0.05995761062420901  0.07050425098374828  0.08093092608685110
  0.09134485648012719  0.10147813059844440  0.11166235284437179  0.12163748782954813
  0.13178134438108052  0.14207485843275855  0.15235593914442028  0.16263970759078394
  0.17263594213027889  0.18278269574295325  0.19283603190905027  0.20281762846091303
  0.21274881385743202  0.22281968508412445  0.23285040167585683  0.24299450001753126
  0.25296587582305385  0.26293092056736367  0.27290084779896701  0.28294949006430908
  0.29304627335534728  0.30328711682417991  0.31358129640055349  0.32387895331372701
  0.33413409114551557  0.34437441778596539  0.35471648500532854  0.36492435637650966
  0.37505768530816946  0.38514619509016579  0.39518408615694484  0.40519739301499014
  0.41515605639840453  0.42517642835798514  0.43519682638308194  0.44520232221080236
  0.45529464036613232  0.46549107755605662  0.47576694183881829  0.48604603700471294
  0.49634619304630040  0.50666965029829769  0.51701616126952510  0.52730861651557326
  0.53752630151258518  0.54760881969268516  0.55754238844097925  0.56746297566798920
  0.57732111422114862  0.58732898041804538  0.59748247530722953  0.60774248594820202
  0.61818967324571228  0.62869102913122088  0.63920400584324832  0.64962972943144437
  0.65981861582616963  0.66997084061609391  0.68014551330234596  0.69038483553614971
  0.70073383705753700  0.71110396946993304  0.72151143696961795  0.73189156776633135
  0.74192890078278251  0.75196713877242871  0.76217329096651765  0.77231358266414452
  0.78234590272146265  0.79245820375310438  0.80270519890220371  0.81293383448914835
  0.82280466079686299  0.83267338998313767  0.84264269526585112  0.85272870644921717
  0.86294459327284456  0.87327667180124358  0.88357141718998056  0.89390037066669092
  0.90426223870556521  0.91479228128863921  0.92565535091933526  0.93665623028234946
  0.94803643884326660  0.95971149400869649  0.97335065495403350  1.00000000000000000
 -0.00242519101958326  0.00949287486708954  0.01966117183290510  0.03011249454582897
  0.04074192541402546  0.05130503776171838  0.06185351876244848  0.07244873258507570
  0.08302548945013882  0.09376162488107651  0.10457024866957620  0.11541888816449836
  0.12623348769963086  0.13679037599795840  0.14749476685223487  0.15793148549177419
  0.16842350028622516  0.17878037525018040  0.18922802522297305  0.19960075884791348
  0.20995171338988933  0.22046064942593124  0.23087215276205514  0.24121353796156805
  0.25148794895929777  0.26191892125234451  0.27251444596268370  0.28316248703770441
  0.29374888579804764  0.30431296118664641  0.31481225297582327  0.32536570360399669
  0.33583318763383041  0.34648806488743439  0.35710728645855649  0.36772271607663676
  0.37823515596398127  0.38882820777182825  0.39944955977928026  0.41017927999119547
  0.42092572644615861  0.43163359552860492  0.44225488662760298  0.45291951258849616
  0.46356056354356784  0.47422039324374909  0.48479397957145587  0.49534214451423647
  0.50582370651545894  0.51612436156088404  0.52655632100300009  0.53699588096636908
  0.54755814075724452  0.55801634133455547  0.56846940222371922  0.57891820008008543
  0.58939981867933045  0.59995120390624246  0.61050464279266814  0.62098337257594749
  0.63143830199496942  0.64196955112066467  0.65245461540848182  0.66284219457992766
  0.67320635369402093  0.68364760199113617  0.69405273896308550  0.70449032026423342
  0.71503691235844913  0.72569183967958917  0.73628871346291846  0.74687397654268806
  0.75745472771082867  0.76802435081675891  0.77859361127045890  0.78910269159384017
  0.79984584464223418  0.81052445978470045  0.82133295658150784  0.83202383823215764
  0.84274166890080027  0.85349689442420285  0.86404314239101287  0.87446020973530958
  0.88491188746505067  0.89545788295203488  0.90610576035232215  0.91673268856234968
  0.92723305074547790  0.93773809358075078  0.94802938566808015  0.95842608090790160
  0.96869339886830208  0.97917497558203492  0.98956093509340159  1.00000000000000000
 -0.00248219804455590  0.00943210553604341  0.01958428567359738  0.03015589390582241
  0.04081051830360445  0.05148353490747002  0.06212568303578599  0.07277734243791838
  0.08349039742764176  0.09437383444705376  0.10529626355473466  0.11619578022994335
  0.12699515612888951  0.13757711859502955  0.14814928157084245  0.15857997441487356
  0.16900791235325352  0.17919050106931148  0.18936360651821063  0.19970576214674224
  0.21007900547584007  0.22062880099290261  0.23117382646516038  0.24184406220755561
  0.25245280243377349  0.26278819816144150  0.27321989816804310  0.28371148555429854
  0.29422870871560147  0.30470105264345387  0.31515214873394493  0.32592017450734773
  0.33675795379123863  0.34753493017462966  0.35825977471469156  0.36884518539425504
  0.37944396912881367  0.38988530894575762  0.40039573154607810  0.41087005322551390
  0.42138154553150103  0.43195185267850644  0.44245437863257309  0.45288921307247432
  0.46334250729711285  0.47381895977577509  0.48444102041819076  0.49513638368221913
  0.50592119048617634  0.51667304119842306  0.52734161390823719  0.53795943793910717
  0.54853960250520684  0.55915416738062340  0.56972975636939094  0.58017154966533035
  0.59062902945199924  0.60123651821030111  0.61196614674663374  0.62257982983796711
  0.63306964621485950  0.64362717547113724  0.65439731425768655  0.66512110583472828
  0.67579265927557730  0.68631123475758971  0.69689127172534304  0.70747756207183754
  0.71802132567071331  0.72869694118654904  0.73920771366339244  0.74994404018099703
  0.76048711807694502  0.77105144483848054  0.78135796706157645  0.79185694724690237
  0.80235958650688000  0.81284578872304047  0.82329421917291412  0.83362710302307652
  0.84407292214591578  0.85448972002646872  0.86510930198374991  0.87559453190976821
  0.88595901619411688  0.89616239078251325  0.90657197330379014  0.91700200881806671
  0.92767936484767699  0.93829620839174688  0.94880947821782669  0.95919451513723530
  0.96943759676203567  0.97966190539237330  0.98979460155081300  1.00000000000000000
 -0.00243005083074667  0.00932649510626090  0.01916497375918062  0.02970601629844876
  0.04004416817744250  0.05053116169940407  0.06092585365185785  0.07139745279637354
  0.08176630386785363  0.09208617962080970  0.10244559558234338  0.11310511822717109
  0.12380156852859163  0.13460482556427758  0.14527079136961435  0.15601160614489759
  0.16668503510397811  0.17743282633479582  0.18797880500146277  0.19878973770243707
  0.20956700563504740  0.22036263230957470  0.23103515386411888  0.24148994932136536
  0.25191150734701462  0.26225791368499596  0.27270911337388692  0.28332087722152599
  0.29385827570641859  0.30438517207377680  0.31486242665072883  0.32547840220104773
  0.33620489498443840  0.34686582931305515  0.35752246316385661  0.36809163193158895
  0.37858236732341871  0.38902724420559565  0.39949281727232100  0.41009532841192264
  0.42073021129905280  0.43144639734415213  0.44212304606838726  0.45277385964792038
  0.46333172336876621  0.47376207136280329  0.48422101055303091  0.49470790314908941
  0.50531533234770742  0.51601104551547750  0.52668599884548928  0.53722192680083902
  0.54767349089111184  0.55813727285304648  0.56857487943360552  0.57890137288499455
  0.58927867187830096  0.59977227569029679  0.61031430830886824  0.62073983982409930
  0.63131051271408956  0.64184648062691985  0.65263576785954835  0.66328790734836707
  0.67395402243424329  0.68439607330751551  0.69479764042853032  0.70531933550135606
  0.71595710386061884  0.72671322289865381  0.73724652201141661  0.74765599952114681
  0.75822570744684048  0.76886028922197669  0.77948553262794007  0.78991403632896318
  0.80035317913029680  0.81079596565173195  0.82123170514289257  0.83174805364393134
  0.84235718941148863  0.85295100390337597  0.86363114366234162  0.87415554499450954
  0.88459307758969574  0.89481810784974625  0.90520992035828574  0.91563304761353637
  0.92614643474417446  0.93668106408004492  0.94733887249330739  0.95796985447412875
  0.96856964535781620  0.97910921684636387  0.98962072523238243  1.00000000000000000
 -0.00249710676091285  0.00953766791520515  0.01977571446729211  0.03028173830434060
  0.04079389526609634  0.05113832552676485  0.06148785449953449  0.07192363057751376
  0.08251640078441626  0.09308524998955502  0.10360044062830311  0.11412197569292101
  0.12470043457465038  0.13500128147615426  0.14532045752788708  0.15579100461033824
  0.16630977227867982  0.17662683199847193  0.18686934619311368  0.19712380161144052
  0.20740776978914197  0.21771958807969471  0.22803241858619178  0.23843067259707590
  0.24877203684709498  0.25929501345585432  0.26981873565383974  0.28034677698740312
  0.29084680372150923  0.30143267357474357  0.31199465036106588  0.32275195103075555
  0.33348894997001965  0.34430649811554492  0.35515724032785329  0.36603407412654182
  0.37688196410310842  0.38756818719023522  0.39829792294356409  0.40882542647407677
  0.41938725422977696  0.42994208866450823  0.44059499600919144  0.45125254212665949
  0.46203558849732290  0.47273584902661125  0.48322312176002519  0.49367928826551333
  0.50423587186087415  0.51478963787998577  0.52534940202192071  0.53589924404252975
  0.54665000895804983  0.55729884949665653  0.56796427635778080  0.57851093428384248
  0.58916701652303127  0.59975289976567248  0.61044985347119796  0.62094911757400306
  0.63145819793078761  0.64181695629391089  0.65221656253369165  0.66270206095782247
  0.67318095075706341  0.68361638430909000  0.69394786432303213  0.70415775455440066
  0.71429765624877184  0.72448156096635297  0.73490998020333986  0.74548004998619899
  0.75608933982872040  0.76672167320080042  0.77746510794978585  0.78822409856888032
  0.79891492670152819  0.80947105796026741  0.82016748993019961  0.83085452462864218
  0.84141674013399870  0.85194502154654472  0.86241936132779640  0.87296083251278955
  0.88345940651325150  0.89389273064112762  0.90437259738560483  0.91474606045539020
  0.92527023643061035  0.93588746224595598  0.94665590098960417  0.95734025357477159
  0.96784564488752822  0.97844778901381924  0.98919256393339094  1.00000000000000000
 -0.00248685178210778  0.00952893072767676  0.01975985149894401  0.03041917766464081
  0.04112020079817415  0.05180863825269715  0.06245035594794515  0.07295903103680047
  0.08353810636844819  0.09408456308573507  0.10480992366969363  0.11556911867733752
  0.12644468722207161  0.13727864541300486  0.14795599460216319  0.15846400927588991
  0.16896897283940726  0.17951181518803658  0.19004439450621480  0.20044768185092809
  0.21074611709132821  0.22106148410721924  0.23139698949625837  0.24181591786132928
  0.25233480827593435  0.26295445048037547  0.27351316148110283  0.28404815729803123
  0.29446042815213169  0.30508083948498005  0.31561663606689644  0.32642293367282099
  0.33703111488222376  0.34765641204505876  0.35810505397676878  0.36856031054349325
  0.37908285397720143  0.38967411679817199  0.40030870336566288  0.41090616413542208
  0.42151721326650649  0.43225337890144749  0.44290972545004498  0.45361507279657132
  0.46419159285162731  0.47476926870971198  0.48508869898977769  0.49560113507512737
  0.50612406550898381  0.51670530802395909  0.52717938219503013  0.53773575413345320
  0.54819044887305868  0.55864672579873842  0.56905427957650956  0.57952459239970588
  0.59001177136869687  0.60052628496965776  0.61108153703346513  0.62157561122467131
  0.63218340960518071  0.64294080315088764  0.65362903209643597  0.66439703133461803
  0.67506989210718393  0.68574773004319189  0.69635261415966332  0.70696781959827260
  0.71763430771244130  0.72819743296543327  0.73868079557024069  0.74907280866047832
  0.75947594144868591  0.76992682054028505  0.78043009831694854  0.79097082335531088
  0.80147705600214703  0.81195912565504913  0.82245261799148783  0.83289854197897040
  0.84342255614210537  0.85402206426096583  0.86454905959822714  0.87495330028218277
  0.88513459274581574  0.89527364375636120  0.90559713512418494  0.91602886360603319
  0.92658153336813065  0.93721793081936411  0.94777018913101929  0.95838152196646065
  0.96887420081640263  0.97924250886199715  0.98967583305566353  1.00000000000000000
 -0.00243183045414468  0.00950459345164102  0.01952707192308359  0.03006555822068850
  0.04045141891946528  0.05099963516826840  0.06145181884462741  0.07221485830981854
  0.08297851744034132  0.09360723255430391  0.10421361200399729  0.11478261567793617
  0.12535966531246562  0.13567363009050465  0.14592018313764893  0.15627601614293113
  0.16649131265932979  0.17690910571001928  0.18730966253063092  0.19795453020497417
  0.20850334712923355  0.21915706500699675  0.22984877255177569  0.24070457255957892
  0.25152516254076424  0.26234397701551537  0.27300760106895461  0.28357524194961964
  0.29419193725523968  0.30484264901356356  0.31541201630052040  0.32595501970185370
  0.33654057439282609  0.34725107278258038  0.35782916338985465  0.36832991017097944
  0.37886837710233084  0.38939701318180964  0.39983693112189672  0.41011304912505542
  0.42043274546432902  0.43073191640411579  0.44110523310184102  0.45154167170742820
  0.46200791822446524  0.47256596625956937  0.48316676178870865  0.49369304335838476
  0.50429492282689614  0.51484860027820722  0.52541756693364416  0.53588777053044345
  0.54622798514132087  0.55662604383555425  0.56690546183568546  0.57719948780804498
  0.58749664273288937  0.59800845919016665  0.60857748968643410  0.61912890221649874
  0.62976795454556089  0.64057778224188322  0.65139628331988719  0.66214553748473548
  0.67290882465682611  0.68362470958960642  0.69410236813312243  0.70451516155023797
  0.71502878235822642  0.72564370383314825  0.73616331280481895  0.74674798560770472
  0.75721661004477148  0.76781403732262399  0.77828512342205314  0.78877124611494687
  0.79919263249215899  0.80966845977569180  0.82018503780014873  0.83058479617782477
  0.84108020808989570  0.85149968531884301  0.86207924816947923  0.87267003565318013
  0.88330303638404062  0.89385727050366592  0.90423599241456643  0.91487896943012315
  0.92554353335618245  0.93617226990789215  0.94662623346701436  0.95703309100444012
  0.96781510539963356  0.97853824550500446  0.98938024418972048  1.00000000000000000
 -0.00130001314916104  0.01313376059441896  0.02529744296487074  0.03631016821879773
  0.04718470221007211  0.05788899136174248  0.06861437020582782  0.07945568867764101
  0.09024843846624239  0.10094692644079084  0.11166072923926347  0.12241603968325478
  0.13324284449945975  0.14395980749581466  0.15462418244588730  0.16523892929314177
  0.17573049163000329  0.18615813524814856  0.19673241631050409  0.20734471632400650
  0.21792168278095753  0.22847868422252141  0.23902581142222717  0.24957883840367287
  0.25994312924983876  0.27031371665397347  0.28072153090421764  0.29105658723218358
  0.30138209413655737  0.31158417838007807  0.32191677680312886  0.33216879803714372
  0.34262779088685169  0.35321093827459948  0.36376306316953400  0.37430652084588473
  0.38484313683036381  0.39545631184846602  0.40616422625127541  0.41671056178526644
  0.42712431857619265  0.43746825027497332  0.44768842981886420  0.45790656850015860
  0.46824370520584846  0.47862308017551669  0.48925684036073980  0.49974138637240184
  0.51019015387243805  0.52060593925754461  0.53089200225307787  0.54131033091422620
  0.55157103282745412  0.56194969174362552  0.57237423135279675  0.58283148706361143
  0.59351258739227153  0.60406501425996528  0.61451430417095365  0.62475982230794747
  0.63515635376179613  0.64567063216751497  0.65607601439190866  0.66648668441241443
  0.67684118097687840  0.68720726141788036  0.69751783677755819  0.70787142436011030
  0.71826533438193452  0.72873533419092618  0.73923363299154687  0.74977087220722993
  0.76032622390095184  0.77100954547756129  0.78154292695390515  0.79206694496162189
  0.80258546298562694  0.81310039252825184  0.82340836098849746  0.83385032811398441
  0.84451896404141780  0.85512460454865946  0.86544283300198932  0.87566523025047516
  0.88601117527404738  0.89635320322215450  0.90667296311769052  0.91699699698719062
  0.92729454118593779  0.93761510515407731  0.94808637074872537  0.95841651445192244
  0.96873498623860244  0.97893140074769980  0.98946232667292577  1.00000000000000000
 -0.01961967418879414  0.12229150509193777  0.16781111687081360  0.19710978385469075
  0.22108433073698280  0.24151965865479430  0.25966322348369536  0.27612030690343825
  0.29139299495781656  0.30573961492232132  0.31929029336306619  0.33217327017138770
  0.34446808202845353  0.35627072915112457  0.36761500725213703  0.37854057101106786
  0.38905789202781804  0.39925365220527220  0.40915774831373403  0.41880981408917844
  0.42817018803612139  0.43734370218161628  0.44632600172350662  0.45516503555039839
  0.46380271512779753  0.47227453005626613  0.48060574941077339  0.48870209940728976
  0.49669240107061013  0.50450776952267584  0.51218584881617635  0.51979315824880901
  0.52723187100175506  0.53456798260236038  0.54178910939530855  0.54889116095345503
  0.55592389004225451  0.56288533023132536  0.56974243128700375  0.57650648233014823
  0.58317855886772962  0.58974286191377112  0.59623547246194186  0.60268605475983283
  0.60904448329589245  0.61532338600921066  0.62154809161671531  0.62769543080121903
  0.63374858010746526  0.63974831773092711  0.64570782040622476  0.65159493570258720
  0.65743797154253436  0.66325674988633099  0.66901113258621070  0.67470371796158712
  0.68036769354566518  0.68600114674557644  0.69157584498611591  0.69709295658635961
  0.70259682221996367  0.70807630698904434  0.71351970591032088  0.71892325404463564
  0.72431198642143002  0.72969344012475279  0.73508577562455990  0.74048465652146223
  0.74587854987681024  0.75126454434940659  0.75664173402582902  0.76201716697127575
  0.76742122700065230  0.77285136022859879  0.77831308964846191  0.78380021500227604
  0.78936442979060339  0.79503260094930295  0.80079487567021224  0.80662122332416875
  0.81254157771168267  0.81861168594654954  0.82479986026791308  0.83107495510245166
  0.83758266594887809  0.84431915458500417  0.85125790466710194  0.85863968990358686
  0.86653028166200008  0.87488348153215145  0.88415114399024652  0.89446407182140919
  0.90664650122304880  0.92199286517946755  0.94552721860243572  1.00000000000000000
   1.1428012745088720E-005  -1.0000000000000000     
 F F F F F F F F F F F F F F F F T T T T T T T T T T T T T T T T T T T T T T T T T T T T T T T T F F F F F F F F F F F F F F F F F F F F F F F F F F F F F F F F T T T T T T T T T T T T T T T T T T T T T T T T T T T T T T T T F F F F F F F F F F F F F F F F
  <DiscreteSampler_grid>
  grouped_processes
  1 # 1 for a reference and 2 for a running grid.
  10 # Attribute 'min_bin_probing_points' of the grid.
  1 # Attribute 'grid_mode' of the grid. 1=='default',2=='initialization'
  0.0000000000000000 # Attribute 'small_contrib_threshold' of the grid.
  0.5000000000000000 # Attribute 'damping_power' of the grid.
 # binID   n_entries weight   weight_sqr   abs_weight
    31   10   4.034061518210857E+005   4.492547237635083E+011   4.034061518210857E+005
    32   10   4.034061518210860E+005   4.492547237635084E+011   4.034061518210860E+005
    34   10   4.034061518210855E+001   4.492547237635082E+003   4.034061518210855E+001
    35   10   4.034061518210860E+001   4.492547237635084E+003   4.034061518210860E+001
    37   10   4.034061518210855E+001   4.492547237635082E+003   4.034061518210855E+001
    38   10   4.034061518210860E+001   4.492547237635084E+003   4.034061518210860E+001
    40   10   4.034061518210857E+005   4.492547237635083E+011   4.034061518210857E+005
    41   10   4.034061518210860E+005   4.492547237635084E+011   4.034061518210860E+005
    43   10   4.034061518210857E+005   4.492547237635083E+011   4.034061518210857E+005
    44   10   4.034061518210861E+005   4.492547237635087E+011   4.034061518210861E+005
    46   10   4.034061518210855E+001   4.492547237635082E+003   4.034061518210855E+001
    47   10   4.034061518210860E+001   4.492547237635084E+003   4.034061518210860E+001
    49   10   4.034061518210855E+001   4.492547237635082E+003   4.034061518210855E+001
    50   10   4.034061518210860E+001   4.492547237635084E+003   4.034061518210860E+001
    52   10   4.034061518210857E+005   4.492547237635083E+011   4.034061518210857E+005
    53   10   4.034061518210861E+005   4.492547237635087E+011   4.034061518210861E+005
  </DiscreteSampler_grid>
