  0.00198148656342709  0.01178603936664859  0.02293460182768861  0.03333852413244135
  0.04357099193268145  0.05349791929130877  0.06344567483844232  0.07347721525004486
  0.08355632631554037  0.09353584323539674  0.10357977059383658  0.11364445518388464
  0.12378957061232038  0.13383294595838163  0.14395909133106352  0.15415395454591724
  0.16430704625928150  0.17440088703020815  0.18435928752774194  0.19426558304041844
  0.20417983653775029  0.21412728420311025  0.22418112091783213  0.23426949837035685
  0.24448113543731437  0.25473466999727679  0.26511044414860357  0.27529801399843634
  0.28545436294451593  0.29561068078561975  0.30571504015620371  0.31586859610097717
  0.32591279607611084  0.33593022472424994  0.34594232040922468  0.35602025921559272
  0.36623590207518025  0.37652881663066956  0.38689220778622735  0.39731200508393966
  0.40766522852911785  0.41792503217699295  0.42808851617000787  0.43827343907058969
  0.44819955234604009  0.45818547956442446  0.46834081205794287  0.47841790958102703
  0.48851220364015463  0.49843461892796093  0.50879159139119490  0.51910843103202220
  0.52938700744155043  0.53962238031418985  0.54989714372261622  0.56018349175030968
  0.57041766055410215  0.58071624243433528  0.59115829180722645  0.60149945626613199
  0.61169997896543993  0.62184970837144071  0.63206597644852369  0.64234331930756550
  0.65250778332160153  0.66274360166028368  0.67322122076369029  0.68381669571025161
  0.69439059335616005  0.70486737132306865  0.71530001753714256  0.72572435608183339
  0.73613792604366557  0.74656060435738281  0.75688244019396522  0.76712487211794766
  0.77743785575192703  0.78789891985791327  0.79833906251077047  0.80869604960309815
  0.81902766165221608  0.82940322422928492  0.83986040692923380  0.85025916259230805
  0.86068299397985837  0.87113810970857397  0.88166671365041382  0.89222170617840058
  0.90283260042891744  0.91343279358083729  0.92398881384329890  0.93460617791393663
  0.94575041913238167  0.95804500728028219  0.97448663246348388  1.00000000000000000
  0.00160941057359203  0.01390436500635041  0.02640678476721707  0.03756421443707804
  0.04812698436228593  0.05842217027678837  0.06889614612199974  0.07956619363191797
  0.09006778916228073  0.10054253153579516  0.11093286805473525  0.12141042625856813
  0.13184931786283113  0.14229083383360197  0.15269168324192184  0.16300183174380739
  0.17331415334135433  0.18368104602291513  0.19402598454988423  0.20441375056878267
  0.21481396381284626  0.22522837111025609  0.23548597234774055  0.24570733779907525
  0.25596693290521594  0.26632118248762821  0.27665140010186212  0.28689752371149702
  0.29707390078629675  0.30727707606200655  0.31741807017194490  0.32758054186842844
  0.33779718282433607  0.34811585202605855  0.35833645887921234  0.36849484565698426
  0.37859940724311147  0.38880275339777787  0.39908293331331696  0.40916345844577412
  0.41924867780136255  0.42929955309236756  0.43950743239898910  0.44980455365722105
  0.46003531284346483  0.47026529770334874  0.48043257138013562  0.49062413895701046
  0.50071707975479207  0.51100335772633210  0.52119321791064666  0.53139453786673341
  0.54160864590483593  0.55201956237927163  0.56247985629589570  0.57266244825161516
  0.58286794295518896  0.59311946725417830  0.60337860110082131  0.61366704941255368
  0.62395123176938605  0.63427212428074531  0.64448461387106604  0.65475099057700747
  0.66500823491999528  0.67529922435872625  0.68555400906866892  0.69600820449034895
  0.70647685307617525  0.71686774158335753  0.72709418676953841  0.73734313691815678
  0.74755257676805209  0.75766652619346631  0.76778939300273397  0.77809558812213553
  0.78852125441572818  0.79880371237003378  0.80910107511879870  0.81933582959155427
  0.82959017704514681  0.83977932798886856  0.85002790299911646  0.86035274872609624
  0.87058299245512361  0.88084526109893346  0.89112499803835854  0.90154929651195126
  0.91206302172502707  0.92272683332410377  0.93353430296827511  0.94455403777884617
  0.95598578339216000  0.96891336183162280  0.98365977826121787  1.00000000000000000
 -0.00245077598648051  0.00927401478077624  0.01910419029222804  0.02937479531811255
  0.03967464618417034  0.05003573694445872  0.06063801880649827  0.07125081853345652
  0.08174146174970857  0.09200770172149016  0.10225727299625065  0.11274217577912608
  0.12309666492981508  0.13364276512946141  0.14404332526306066  0.15475518540911837
  0.16544252767213430  0.17612990093031033  0.18669880614933096  0.19748207319908867
  0.20819211825053291  0.21892256264012763  0.22958006990493052  0.24016836529823182
  0.25058810378477675  0.26120178895810725  0.27172458542238964  0.28229702787782285
  0.29287535161577216  0.30370062496321987  0.31440585179679476  0.32489447053493348
  0.33546670684667157  0.34606830303071340  0.35650332670200707  0.36679650443826189
  0.37712475138233481  0.38747032920675417  0.39783342651592823  0.40819399092506869
  0.41856104287271412  0.42907328877135154  0.43967410777040278  0.45035346767984480
  0.46094776326945325  0.47159360586399007  0.48231566833034234  0.49304153644910248
  0.50346075372957366  0.51368515664903991  0.52391785691892023  0.53440757511712056
  0.54501412853347664  0.55586493884728949  0.56672217385951507  0.57767021469226754
  0.58843988879806564  0.59904298222042707  0.60974628818127186  0.62038251894921259
  0.63098094403294069  0.64155610904147320  0.65209995824977818  0.66282176563446016
  0.67334904931556772  0.68396505441593891  0.69452461303952129  0.70519337078346389
  0.71583815540931051  0.72659051285261922  0.73732262422763761  0.74808642164749406
  0.75868981914680422  0.76934433230136101  0.77982567542399495  0.79025803940987871
  0.80055105367151091  0.81086825289199527  0.82135962918982308  0.83171083329567008
  0.84212187496658664  0.85249184171250525  0.86296108183971909  0.87358824143097913
  0.88423038903790185  0.89499798933398267  0.90548769852970434  0.91596079428464494
  0.92625005237456337  0.93656654621663638  0.94695860148443689  0.95730892086133723
  0.96803959188379196  0.97863172984819258  0.98943989918985298  1.00000000000000000
 -0.00257238390574984  0.00951314487978817  0.01979881273105259  0.03034548285387561
  0.04096688402475913  0.05165131480348410  0.06246147170370595  0.07311145959772770
  0.08367584042130034  0.09427719962419276  0.10489494942939623  0.11568626884447329
  0.12635705376301518  0.13708363582687150  0.14789968863857977  0.15889148465678418
  0.16991680335221487  0.18085315143062286  0.19181135991970619  0.20275905319084847
  0.21330624472160256  0.22379962996457475  0.23425813962606803  0.24480949951038555
  0.25525012860737295  0.26560275328205324  0.27606217090438567  0.28650744884257623
  0.29701110398924396  0.30753279389854771  0.31822420428649262  0.32889111214977523
  0.33956396187364790  0.35007060682341556  0.36069857557614599  0.37142815625335290
  0.38204445893190925  0.39249545707213590  0.40285139587553698  0.41323030052690068
  0.42352626621546147  0.43377094300343144  0.44410741498438333  0.45456760437921523
  0.46501921952264369  0.47551127237115798  0.48605517232353418  0.49663304999953678
  0.50712624526928129  0.51747751410897413  0.52779648203792184  0.53805542891006009
  0.54830582184554455  0.55872298090433326  0.56923486719204075  0.57994405128405890
  0.59038099684261214  0.60076809878570703  0.61122573618300668  0.62177867224978844
  0.63241683032669282  0.64288019052999668  0.65341736554660101  0.66405018317034625
  0.67469407169808671  0.68521356769486963  0.69557745743322130  0.70595966709825408
  0.71649786826593442  0.72710099643054460  0.73760289342358976  0.74812841728348689
  0.75867619929402730  0.76913928061484438  0.77961580344473846  0.79009534490690236
  0.80072129119740942  0.81132421169988922  0.82196094880707193  0.83263962412621773
  0.84315862526473884  0.85364648566811785  0.86415725098229135  0.87457656174742637
  0.88495089920213943  0.89528734627041784  0.90587359104141540  0.91641444347081724
  0.92700830690286828  0.93756633008626000  0.94806255994507727  0.95859046124295499
  0.96905949672772462  0.97948732427435314  0.98976921001094409  1.00000000000000000
 -0.00246756358912406  0.00954705439693139  0.01961366374585508  0.02997698108270553
  0.04044630417214026  0.05081591940525164  0.06129513321782543  0.07148777569245537
  0.08168403534604587  0.09198195200053425  0.10241194513578483  0.11318356464638522
  0.12390424121513140  0.13477199242058904  0.14558459695640757  0.15622768325634023
  0.16681653271428293  0.17737479972042225  0.18801669963783538  0.19864931275723804
  0.20932651323548829  0.22006847215900380  0.23083854132057349  0.24153361770852244
  0.25211633224106239  0.26265544619975978  0.27319375666551021  0.28376133869091297
  0.29426581675770630  0.30471136104939350  0.31526598592791261  0.32586049136550088
  0.33638742255938708  0.34685297077777255  0.35748329354927999  0.36830094521586193
  0.37915876990660519  0.38987870305201688  0.40051169361640221  0.41099941818403085
  0.42135908695230151  0.43163772799454492  0.44191063716995188  0.45233667829451879
  0.46280582062776143  0.47343209070964976  0.48416618816562929  0.49494169418899853
  0.50557554621958489  0.51608042927089948  0.52666568443585848  0.53732953513055304
  0.54799192992450374  0.55852196202179005  0.56909718212090488  0.57965156894775982
  0.59032012057208283  0.60100596667580231  0.61181241866168912  0.62262759433706005
  0.63330065042503270  0.64403460257805278  0.65461272166687912  0.66521132994060794
  0.67551314925926531  0.68579472925466367  0.69604037770484584  0.70638269430333078
  0.71675701755158294  0.72724631410361651  0.73755033062121633  0.74794340373685764
  0.75809438039604504  0.76846725280230554  0.77885059786246358  0.78929668843201284
  0.79954041727281322  0.80991826145768242  0.82028869994226572  0.83064344952454483
  0.84103575930566254  0.85157601911380454  0.86222538574113328  0.87273319522924875
  0.88330733425394370  0.89411356349323234  0.90468015346799879  0.91523865131308912
  0.92589814426568273  0.93657249567597478  0.94708930383783285  0.95766891629203155
  0.96831311843251988  0.97890533269806956  0.98942659919042031  1.00000000000000000
 -0.00246144889836894  0.00930648875275529  0.01939648202061016  0.02975349095862363
  0.04020073690605224  0.05062257578250522  0.06102169210758954  0.07128541746522883
  0.08161500294829614  0.09203108576121542  0.10256662966429475  0.11292922657205826
  0.12320541717546675  0.13341963404824189  0.14369217692702410  0.15419927689206667
  0.16479917887478876  0.17535415690342832  0.18590948133789018  0.19640418070984483
  0.20675443119145617  0.21704096905908640  0.22743706435066055  0.23805715956779114
  0.24885986158973708  0.25959941493268657  0.27013147803254900  0.28087140384190179
  0.29159525375544482  0.30251613521341131  0.31341575404316313  0.32453734295977882
  0.33552672566290997  0.34619259191129437  0.35665213961763897  0.36718159570098402
  0.37767609498381238  0.38818730742556151  0.39857669925973466  0.40909750381293652
  0.41958913214493515  0.43007546791797280  0.44056522804756054  0.45106758389331625
  0.46165882065623981  0.47229956329088374  0.48286061584201306  0.49343343067260709
  0.50397296096389266  0.51448584868636993  0.52484481647973313  0.53517891427967301
  0.54556657275582909  0.55602147762522258  0.56655043315880493  0.57713140712094135
  0.58776815063464538  0.59821839558534184  0.60857340841249052  0.61876133189267002
  0.62908151488087705  0.63942138260058778  0.64973337050018320  0.66004506111843264
  0.67058071043605516  0.68133811657699406  0.69211402641314335  0.70275485470872256
  0.71347196364844745  0.72429747838661052  0.73499664292613542  0.74570705434408768
  0.75643695109034514  0.76707081159500945  0.77761040536049419  0.78801367608233530
  0.79863399096462673  0.80930181919506106  0.82000789750387026  0.83069096413109667
  0.84116602216661684  0.85155331243635390  0.86191535451840906  0.87238670082960723
  0.88293577733531481  0.89361543536321308  0.90437181722093452  0.91521511868086569
  0.92584912807150177  0.93645328068075173  0.94701702095809059  0.95768799561884410
  0.96821866300899706  0.97869468712829510  0.98927588173546943  1.00000000000000000
 -0.00230848319403156  0.00929267855655252  0.01905836097854549  0.02942675590791914
  0.03974608944374190  0.05036491917154733  0.06117263610416888  0.07186171840349299
  0.08252047194765218  0.09285457330715952  0.10317883426146585  0.11359029695662017
  0.12399132857154634  0.13455092433103882  0.14528416049141560  0.15621749074776028
  0.16718858030848108  0.17783594103109215  0.18847844673112824  0.19894673886171221
  0.20942190430347379  0.21985585797223345  0.23036852202943200  0.24092919792626419
  0.25142878484304504  0.26202046321635625  0.27267010284293181  0.28352547164112085
  0.29432102781400971  0.30506381575059810  0.31577342534126462  0.32634305115351575
  0.33686750546415867  0.34725356713330463  0.35779545450573924  0.36831808764207280
  0.37894323484373788  0.38951596303290170  0.40010978111954232  0.41070122106335460
  0.42127228047704457  0.43170921238342552  0.44203240383856734  0.45229020894138355
  0.46246110561564679  0.47263280029969018  0.48291800512457278  0.49342473003487058
  0.50410241975951320  0.51482147116079813  0.52548639533362695  0.53621686151408166
  0.54689795055225454  0.55754761011941489  0.56806419066043345  0.57845866273805480
  0.58886011038902375  0.59929373953748011  0.60972214458397034  0.62016445101615503
  0.63051549180854283  0.64096492453169363  0.65135938912438052  0.66175128495356239
  0.67215713967828439  0.68273092082617270  0.69340735520370966  0.70420235424343369
  0.71497830905775206  0.72575939883518836  0.73637120755635965  0.74693339832546091
  0.75745015057110121  0.76797715015702828  0.77835412922407210  0.78874787417631742
  0.79924401633093589  0.80983266949817168  0.82049416432936351  0.83112880175456683
  0.84174701187448187  0.85224719968302720  0.86274247442645235  0.87336512687599666
  0.88403018244057086  0.89464443677370253  0.90515900239510094  0.91569630614084530
  0.92633650994625227  0.93693351776090639  0.94743104131874079  0.95791552203415919
  0.96837391963827435  0.97888849304640246  0.98941959074972219  1.00000000000000000
 -0.00244606014587466  0.00956564364644241  0.01965762229733219  0.03022842498129752
  0.04078549176689500  0.05117104886594596  0.06167680707189160  0.07220661084895001
  0.08267904210834563  0.09310595614362224  0.10345375265104703  0.11397191629861025
  0.12445540611558938  0.13496357771595835  0.14535172395309320  0.15570491406849929
  0.16607141582032331  0.17679260901859919  0.18745313245722492  0.19832868689540864
  0.20901903575432174  0.21970369998325096  0.23048001054084358  0.24129004322912420
  0.25211061860744038  0.26259661440405357  0.27313208975238867  0.28363493323675609
  0.29399677757133763  0.30427985633406851  0.31457991846592964  0.32497968923636078
  0.33537986158201682  0.34569938636745495  0.35608803983322573  0.36649925184469712
  0.37705195439968237  0.38768978394764136  0.39829206074262996  0.40896263166622199
  0.41965577485593247  0.43039587866130863  0.44094886452971865  0.45140049797576964
  0.46190579450924224  0.47235065494673439  0.48273706471157674  0.49299009948717443
  0.50338993322185654  0.51382136253395017  0.52421829057762892  0.53450518229402322
  0.54491161120628473  0.55541532397687610  0.56596991114319550  0.57654297331130888
  0.58711692075674460  0.59765086994834571  0.60808199376536776  0.61848358976775974
  0.62896384097039260  0.63946720911287303  0.64988114739526437  0.66033803285833692
  0.67087178671260461  0.68154185821248514  0.69213136337930403  0.70273023830167114
  0.71333155802797987  0.72400128408870712  0.73478907671054838  0.74551555731391250
  0.75628156049625428  0.76688482169311512  0.77776906860681960  0.78856867794812990
  0.79945508952784294  0.81024537591997370  0.82120532171578897  0.83215926677050178
  0.84297389834991010  0.85380224302413632  0.86455276607245857  0.87516274414076556
  0.88560312676642416  0.89618383201875562  0.90676024273378830  0.91736245292961760
  0.92765341952418867  0.93798533148586094  0.94826777658559447  0.95863435699685029
  0.96886114825470959  0.97909085979793686  0.98948577625074563  1.00000000000000000
 -0.00151539791380798  0.01326058544065979  0.02550102311114023  0.03662102538978845
  0.04759023917281732  0.05849398565437358  0.06923298158068193  0.07985274689522269
  0.09050878849156405  0.10131085530677313  0.11199036086728804  0.12261309758784618
  0.13293586679133229  0.14314055708933360  0.15319997206277955  0.16337825272483525
  0.17367487185493408  0.18406267655325639  0.19458062849881272  0.20515600817354990
  0.21547187065569934  0.22573290594967207  0.23597556348055101  0.24645844740782036
  0.25695775093331918  0.26751998942408967  0.27802827882529696  0.28844535520290898
  0.29887316775392525  0.30931578371734880  0.31981423528781072  0.33014277339132053
  0.34044041201717939  0.35070574570835233  0.36120916431711925  0.37179414014008083
  0.38233429711866040  0.39267485452115014  0.40295860445143705  0.41318165754050906
  0.42352761009965734  0.43383810105964593  0.44430415380275873  0.45470430620625052
  0.46512565213900037  0.47572591027964051  0.48627335479154876  0.49687957173698027
  0.50744048925503416  0.51804547695689074  0.52854594906744301  0.53907440940721763
  0.54966016590065203  0.56027645561748141  0.57076785504266891  0.58128469415868900
  0.59182992569298387  0.60240864680235584  0.61293299058854145  0.62348258554003722
  0.63381930388404439  0.64403633666247428  0.65410339757379132  0.66419396768315497
  0.67448249968158924  0.68482116591753028  0.69525336099546631  0.70574905257243836
  0.71621949214113834  0.72663761372976066  0.73690047377065082  0.74717194798495445
  0.75740928795327656  0.76768535118352932  0.77799283025519239  0.78835152415211296
  0.79878269355144493  0.80925144317133135  0.81984557418531401  0.83045022703983562
  0.84103341239198426  0.85158783415854511  0.86192384277483602  0.87222538852611464
  0.88271108276715249  0.89331589586611593  0.90391675321319986  0.91455072602233400
  0.92534484728045152  0.93632761075476945  0.94700242430734038  0.95768392425617876
  0.96814917647870014  0.97868713282475672  0.98922105067647847  1.00000000000000000
 -0.01969075860687954  0.12193180861636099  0.16738521829159239  0.19658279871766424
  0.22058465039531802  0.24106244546684324  0.25923726115541895  0.27574814635323580
  0.29113107606176786  0.30551331555335204  0.31898236922991074  0.33178206704007951
  0.34405552448583626  0.35589594363469357  0.36726201643192774  0.37823599407245279
  0.38884598545247356  0.39911238051105402  0.40901537153963269  0.41867086215443861
  0.42804618838664743  0.43725645192738222  0.44618864393118646  0.45494829669210896
  0.46351645678003062  0.47197052229355374  0.48029831476794366  0.48838475823682342
  0.49634745582993139  0.50416829165447019  0.51186125064781962  0.51948765239741990
  0.52696533238132182  0.53434203811955983  0.54157209671148687  0.54871155733302279
  0.55579609109813588  0.56281014137691288  0.56972669134650422  0.57655855100665232
  0.58332517870512868  0.58997926645794196  0.59653700031001200  0.60303767475950054
  0.60941404228802465  0.61570554998479765  0.62195274416495527  0.62813811736189951
  0.63422934808707432  0.64026205426210747  0.64621310914268748  0.65207556590065374
  0.65791414381619873  0.66370984228483421  0.66945157326690541  0.67515005559494301
  0.68081514958893996  0.68644745746204849  0.69203236437633231  0.69755563014693656
  0.70306203189928262  0.70856328160494331  0.71401814123724960  0.71946012226685330
  0.72488443573200068  0.73028654646416502  0.73567680660117996  0.74106710304710266
  0.74646409473863862  0.75186358049194990  0.75726054911994112  0.76266074688784691
  0.76805683475208164  0.77346009383945158  0.77891658131456476  0.78439706504258189
  0.78996110604431968  0.79561152076298369  0.80132197878328204  0.80708347367938404
  0.81292444316816770  0.81891879364773679  0.82505973875391059  0.83129902986263626
  0.83779386829503355  0.84451609927279669  0.85146139077303518  0.85883906194132686
  0.86674249731370390  0.87509408398867983  0.88439464636152609  0.89469524919290200
  0.90689650797290910  0.92231099573836250  0.94588388408202395  1.00000000000000000
   1.1437284929666708E-005  -1.0000000000000000     
 F F F F F F F F F F F F F F F F T T T T T T T T T T T T T T T T T T T T T T T T T T T T T T T T F F F F F F F F F F F F F F F F F F F F F F F F F F F F F F F F T T T T T T T T T T T T T T T T T T T T T T T T T T T T T T T T F F F F F F F F F F F F F F F F
  <DiscreteSampler_grid>
  grouped_processes
  1 # 1 for a reference and 2 for a running grid.
  10 # Attribute 'min_bin_probing_points' of the grid.
  1 # Attribute 'grid_mode' of the grid. 1=='default',2=='initialization'
  0.0000000000000000 # Attribute 'small_contrib_threshold' of the grid.
  0.5000000000000000 # Attribute 'damping_power' of the grid.
 # binID   n_entries weight   weight_sqr   abs_weight
    31   10   4.668727642647449E+005   4.183920440220421E+011   4.668727642647449E+005
    32   10   4.668727642647451E+005   4.183920440220423E+011   4.668727642647451E+005
    34   10   4.668727642647450E+001   4.183920440220421E+003   4.668727642647450E+001
    35   10   4.668727642647453E+001   4.183920440220427E+003   4.668727642647453E+001
    37   10   4.668727642647450E+001   4.183920440220421E+003   4.668727642647450E+001
    38   10   4.668727642647453E+001   4.183920440220427E+003   4.668727642647453E+001
    40   10   4.668727642647449E+005   4.183920440220421E+011   4.668727642647449E+005
    41   10   4.668727642647451E+005   4.183920440220423E+011   4.668727642647451E+005
    43   10   4.668727642647450E+005   4.183920440220421E+011   4.668727642647450E+005
    44   10   4.668727642647452E+005   4.183920440220424E+011   4.668727642647452E+005
    46   10   4.668727642647450E+001   4.183920440220421E+003   4.668727642647450E+001
    47   10   4.668727642647453E+001   4.183920440220427E+003   4.668727642647453E+001
    49   10   4.668727642647450E+001   4.183920440220421E+003   4.668727642647450E+001
    50   10   4.668727642647453E+001   4.183920440220427E+003   4.668727642647453E+001
    52   10   4.668727642647450E+005   4.183920440220421E+011   4.668727642647450E+005
    53   10   4.668727642647452E+005   4.183920440220424E+011   4.668727642647452E+005
  </DiscreteSampler_grid>
