 -0.00005782443653079  0.00060553927286403  0.00155251297403465  0.00299441786654086
  0.00488023630950346  0.00731150493341044  0.01016607473215152  0.01347268699824286
  0.01718978645769349  0.02135689864791093  0.02586466970623144  0.03059907195992357
  0.03568432594426758  0.04113278924341208  0.04687663494015819  0.05298892895326199
  0.05930369392424444  0.06580115831917521  0.07234005872870107  0.07909425874133784
  0.08609991092493249  0.09339728210355155  0.10104198756016285  0.10894486138603386
  0.11690313622752871  0.12500713600301325  0.13321406003493552  0.14161035082529108
  0.15029102505409664  0.15926242074903699  0.16840310074831261  0.17762813254278395
  0.18722834624792134  0.19715881881517025  0.20723018995245646  0.21750709916867256
  0.22778668617479750  0.23815888837491053  0.24854609024829402  0.25909327889473394
  0.26962782151044334  0.28070410761044240  0.29198231721520013  0.30317303057380790
  0.31439593073556726  0.32570264223113587  0.33693497989719423  0.34837542529418009
  0.35980968964039928  0.37110675747130800  0.38243416993699575  0.39390384179653687
  0.40548189883616476  0.41704671362911322  0.42851329520339287  0.44014048114072213
  0.45224188009273769  0.46417728813695491  0.47637374779661568  0.48884579851833160
  0.50135777495643674  0.51395380103113042  0.52671449573044538  0.53971863157931133
  0.55295460925096673  0.56587065867687569  0.57921895571476945  0.59252515268969097
  0.60574755923371426  0.61903616914229154  0.63262855179708655  0.64648062224340630
  0.66054614305813608  0.67461775583464723  0.68873468408088034  0.70300096094787723
  0.71762291399309552  0.73203755677205595  0.74621519278665693  0.76075269668842482
  0.77591525599251954  0.79099039875144517  0.80640773426821610  0.82162269593347836
  0.83667585265575195  0.85162300058407547  0.86599792526726871  0.88046568461048158
  0.89489256611842327  0.90949656899910636  0.92450504391635224  0.93946692135737020
  0.95446029382799324  0.96955664413734421  0.98475598279959520  1.00000000000000000
 -0.00266256425894777  0.01003905351642200  0.02061657191849603  0.03146153099443029
  0.04234016574000343  0.05335180190525957  0.06398858219925765  0.07420805708323158
  0.08426727134562664  0.09452122662322997  0.10462152886780007  0.11465987300650864
  0.12492774843702559  0.13546201563177668  0.14596023985711160  0.15654696636480248
  0.16707073630260491  0.17736324374120530  0.18781011969796996  0.19840769669817584
  0.20900491919590125  0.21911013178089658  0.22885745580549099  0.23862193320327962
  0.24841852987949947  0.25834931166437958  0.26843943499579320  0.27891410501907121
  0.28968992455333892  0.30037656528412554  0.31105023711443186  0.32153415726395329
  0.33205394392626358  0.34272314081420996  0.35331762320216331  0.36353139862857969
  0.37344379440726633  0.38345023402171874  0.39357775606945633  0.40371133734201337
  0.41375021469605222  0.42362797922851997  0.43345598531849244  0.44358910740773755
  0.45373522400484834  0.46397361216928973  0.47441815190970305  0.48511577868364997
  0.49610575843449795  0.50715688732097053  0.51799316180779820  0.52830886331679960
  0.53843942471911999  0.54927224439128164  0.56065850875482437  0.57196183815025015
  0.58331387162676929  0.59482058796331783  0.60596046332689335  0.61650542360642524
  0.62712533959355587  0.63807870297114211  0.64896786951619034  0.65968637469468328
  0.67033983659394969  0.68084910638103002  0.69146951154679659  0.70238057047037628
  0.71326055503048091  0.72410979257698849  0.73501830272500968  0.74619281652771241
  0.75697854440032353  0.76755646388955234  0.77832374023020900  0.78906369747971195
  0.79976009508585522  0.81036394009161961  0.82165171967182238  0.83281276689952022
  0.84351568878363703  0.85407246538814963  0.86473637154771454  0.87540111463185422
  0.88579421801967217  0.89609727681497275  0.90649562053140409  0.91689570454268476
  0.92713824180076454  0.93748355010684614  0.94789708082521185  0.95883593228306840
  0.96943050375416395  0.97991033427511220  0.99005077218606419  1.00000000000000000
 -0.00222351310521267  0.01135341962862491  0.02168816321558004  0.03113619681547279
  0.04007085481906802  0.04853044210588454  0.05672868057764439  0.06458208838034998
  0.07214313940420156  0.07961998866366420  0.08690676890851910  0.09412255798012403
  0.10144489014221135  0.10818237393664255  0.11467244268798864  0.12093896056645077
  0.12704500322495516  0.13315022395338094  0.13943517680321002  0.14581171252001129
  0.15209010123964020  0.15815881736351214  0.16409539244129762  0.17013074575369028
  0.17620745669987359  0.18236920578923987  0.18846801274421510  0.19440115644194672
  0.20026472249425994  0.20607540763734902  0.21197967617907754  0.21798968341719338
  0.22412919714020521  0.23029772567307003  0.23652246310387778  0.24267077222330419
  0.24877641524630736  0.25515515039839981  0.26175469348484243  0.26832395181238766
  0.27506198924081499  0.28176976367722673  0.28864364872803872  0.29553920812175549
  0.30243546847973030  0.30929864011896124  0.31601124874322151  0.32261435940192584
  0.32910245933648852  0.33569069746289648  0.34246405130487029  0.34925987279626175
  0.35637358455695500  0.36382730179026296  0.37140898585054993  0.37904492372459558
  0.38673489999472010  0.39450629246665597  0.40234214915091421  0.41013449571028637
  0.41789348269724208  0.42568379896480274  0.43358446062640366  0.44206163517666608
  0.45076696247269532  0.45935571008319226  0.46799867793039546  0.47684322472408114
  0.48597649812541066  0.49549848362918775  0.50500428542072051  0.51467081614094712
  0.52447219769355691  0.53439935541985295  0.54437680366826324  0.55449937909871416
  0.56491952108520149  0.57584337625327853  0.58715520926892184  0.59874225249389479
  0.61077319423242182  0.62324742656037135  0.63556238207626314  0.64813144763343311
  0.66193454397905582  0.67650843214019885  0.69196978258152997  0.70871102393395558
  0.72810180809539360  0.75006304105859278  0.77316676176652233  0.79734676728101517
  0.82417053199258994  0.85748134086604910  0.90533339652178435  1.00000000000000000
 -0.01994285552457906  0.12407963060626137  0.16906874860125926  0.19836553914846164
  0.22299048042453001  0.24297049108065830  0.26075198672021177  0.27759976997902264
  0.29311493881166467  0.30713894866871860  0.31998351736308267  0.33226848349467819
  0.34388300542390959  0.35545065385831209  0.36697701638668323  0.37836449185680465
  0.38957125071246185  0.40042698961493534  0.41070245926790777  0.42078334114545130
  0.43053994471941809  0.44008158748887938  0.44918851398040532  0.45819707485625016
  0.46721542631470564  0.47606577831536517  0.48455303639705372  0.49284090948373632
  0.50100657621325506  0.50904661458201594  0.51699483187377504  0.52472665836393539
  0.53230420700142367  0.53968047964863730  0.54672319319066409  0.55358064906530069
  0.56032368455924586  0.56696780369628774  0.57361545838326022  0.58030728804231790
  0.58692484465948935  0.59336216429087052  0.59974376705250509  0.60584420293705166
  0.61173606482940956  0.61749854876117349  0.62333778909222559  0.62904767403231465
  0.63495678682954892  0.64066847089894885  0.64634342240064302  0.65187787796708563
  0.65732680463451165  0.66280580201537209  0.66831038736152515  0.67382309511078442
  0.67934620401563450  0.68484392428671637  0.69034629529499592  0.69586885108034080
  0.70142579876014588  0.70699332782951785  0.71241558928033377  0.71772807631332336
  0.72294811048183727  0.72815509329573125  0.73343477770605103  0.73872964620399939
  0.74394186455739308  0.74904891334400825  0.75412707400329582  0.75920082474462891
  0.76422681824958028  0.76939336461433117  0.77483009927675284  0.78035072618281920
  0.78593730370935067  0.79161542286443809  0.79751953919594520  0.80363251838349847
  0.80982412807943005  0.81600318881303158  0.82216974132319687  0.82839313652579261
  0.83495407574710201  0.84197138915081349  0.84923283306755126  0.85661655816851867
  0.86446142256741487  0.87253950042258821  0.88174305471482484  0.89223983668315354
  0.90497623301339614  0.92136635227516928  0.94562007886453481  1.00000000000000000
   9.8511703452666011E-008  -1.0000000000000000     
 F T T F F T T F
  <DiscreteSampler_grid>
  grouped_processes
  1 # 1 for a reference and 2 for a running grid.
  10 # Attribute 'min_bin_probing_points' of the grid.
  1 # Attribute 'grid_mode' of the grid. 1=='default',2=='initialization'
  0.0000000000000000 # Attribute 'small_contrib_threshold' of the grid.
  0.5000000000000000 # Attribute 'damping_power' of the grid.
 # binID   n_entries weight   weight_sqr   abs_weight
    31   10   1.257934077503952E+004   2.741584537851892E+008   1.257934077503952E+004
    32   10   1.257934077503952E+004   2.741584537851892E+008   1.257934077503952E+004
    34   10   1.257934077503952E+000   2.741584537851891E+000   1.257934077503952E+000
    35   10   1.257934077503952E+000   2.741584537851891E+000   1.257934077503952E+000
    37   10   1.257934077503952E+000   2.741584537851891E+000   1.257934077503952E+000
    38   10   1.257934077503952E+000   2.741584537851891E+000   1.257934077503952E+000
    40   10   1.257934077503952E+004   2.741584537851892E+008   1.257934077503952E+004
    41   10   1.257934077503952E+004   2.741584537851892E+008   1.257934077503952E+004
    43   10   1.257934077503952E+004   2.741584537851892E+008   1.257934077503952E+004
    44   10   1.257934077503952E+004   2.741584537851892E+008   1.257934077503952E+004
    46   10   1.257934077503952E+000   2.741584537851891E+000   1.257934077503952E+000
    47   10   1.257934077503952E+000   2.741584537851891E+000   1.257934077503952E+000
    49   10   1.257934077503952E+000   2.741584537851891E+000   1.257934077503952E+000
    50   10   1.257934077503952E+000   2.741584537851891E+000   1.257934077503952E+000
    52   10   1.257934077503952E+004   2.741584537851892E+008   1.257934077503952E+004
    53   10   1.257934077503952E+004   2.741584537851892E+008   1.257934077503952E+004
  </DiscreteSampler_grid>
