  0.00923580554524698  0.01523946443006105  0.02421604273077931  0.03485746857044393
  0.04520585826815840  0.05584889865864532  0.06649489811454368  0.07716052221457698
  0.08775228443635763  0.09840845638936588  0.10893462197961973  0.11919466626001056
  0.12948042016327979  0.13982918207833656  0.15039622716505838  0.16075732814160890
  0.17119234600993999  0.18160578519180359  0.19197436606350490  0.20234752526420335
  0.21280844526306331  0.22341282587577052  0.23415205635867142  0.24475027730535939
  0.25512478006735057  0.26536086758418542  0.27570900533744563  0.28621598885705340
  0.29665919933666485  0.30692974879591028  0.31708439466727406  0.32729040007927790
  0.33764720824734290  0.34810131468760525  0.35856571057196834  0.36896849773221424
  0.37932078144943304  0.38974071610000532  0.40017913021392360  0.41067737087099310
  0.42111931122150392  0.43155560872309606  0.44199892721096179  0.45241639006479289
  0.46292167454716354  0.47337349065902762  0.48363529354991303  0.49375452562288713
  0.50396770695796622  0.51435618066312250  0.52480458185616263  0.53529540398085373
  0.54583681840152976  0.55644000088513212  0.56692957052767268  0.57720795574538641
  0.58731306543593675  0.59731778399949298  0.60735339719685333  0.61738839143769220
  0.62749995185729901  0.63767975665959264  0.64789547405288683  0.65817192198532659
  0.66851633409452893  0.67891854805958507  0.68919263529588792  0.69939950491716707
  0.70956726170584339  0.71970921455388159  0.72994860733856626  0.74023362277262550
  0.75056886144210389  0.76069617160130332  0.77075830033665227  0.78097571804329191
  0.79133963311180344  0.80184386642479977  0.81232262112592735  0.82277971918564785
  0.83334893480420169  0.84410225289397811  0.85477016206453105  0.86527113385288890
  0.87566096961861106  0.88620150029884681  0.89679596076530932  0.90692123958971804
  0.91720204472528866  0.92741163464361387  0.93780844322307555  0.94816806106722273
  0.95832509035813718  0.96876965715480301  0.97924947751402347  1.00000000000000000
  0.00735671224492891  0.01545217129937350  0.02594257732754791  0.03760087122147505
  0.04868897337737218  0.05956372849458078  0.07027777938674123  0.08080508515007276
  0.09125274519345332  0.10151312370391952  0.11197877136712099  0.12275019090481633
  0.13355185752547083  0.14465664199229764  0.15540566334043074  0.16630183639011992
  0.17672335850877799  0.18729323675728762  0.19763472798964185  0.20802293854224768
  0.21836674481207535  0.22872418291768470  0.23911665192604195  0.24939351890692846
  0.25961658617787170  0.26995628631336599  0.28069634149535316  0.29141750672692335
  0.30194815839238415  0.31236214068828394  0.32268855583485068  0.33308966403442847
  0.34356147860478170  0.35401665488844314  0.36438520495965565  0.37474764277844980
  0.38509088448594980  0.39541224558793797  0.40586855412486356  0.41646328035620539
  0.42709956296046486  0.43767300135479320  0.44820821383527959  0.45861148535831142
  0.46887652448863643  0.47921687383698358  0.48977895567425517  0.50029799133351227
  0.51073965523495546  0.52111382490931590  0.53155260407792504  0.54201592044805824
  0.55233493613197693  0.56250507221317858  0.57258712831264369  0.58275449558941406
  0.59314423842904918  0.60356444627493455  0.61389817420114912  0.62421741754885496
  0.63455839776727330  0.64491199018912249  0.65519497830650297  0.66553463612472885
  0.67606855216812467  0.68663021850942840  0.69696901615381102  0.70711803344154556
  0.71733603133768287  0.72762687011301719  0.73793537950980781  0.74822367272783485
  0.75859159474032134  0.76905781037168641  0.77950083761243727  0.78985746406031643
  0.80006680851943102  0.81008581638708521  0.82005208386861039  0.83007997523529953
  0.84019781972341379  0.85042038184798185  0.86066514455516874  0.87103832947987125
  0.88143616578800099  0.89188031804621626  0.90222414046669819  0.91239100706267573
  0.92245399370223646  0.93254795392404655  0.94260365395899970  0.95252679639920590
  0.96240870736110307  0.97222380010340714  0.98193530483131597  1.00000000000000000
 -0.00252460250351806  0.00941314630002101  0.01967731657309843  0.03014918922578092
  0.04081339079653884  0.05149959557005331  0.06222995516412092  0.07269615730136747
  0.08316000069916135  0.09351252885094133  0.10391656589205012  0.11419662934918506
  0.12450347523782887  0.13490076450236749  0.14539037955734690  0.15606961810495290
  0.16664900827061585  0.17725829263834067  0.18785650174869120  0.19834946470819076
  0.20882589034313226  0.21946524428039821  0.23014012396796998  0.24056337543337547
  0.25094206474766428  0.26139722650417258  0.27205987043386787  0.28254285819484953
  0.29293203726517286  0.30326155167710311  0.31370456356050680  0.32433548356873082
  0.33504041626754133  0.34551290809714647  0.35602355869800656  0.36662838552051630
  0.37720539012227183  0.38772640338048764  0.39824805228134830  0.40883128729077400
  0.41932308332506102  0.42972350540703352  0.44028339260336258  0.45087053230395058
  0.46141758563979068  0.47191089213449844  0.48249816415281604  0.49332781319298263
  0.50417484043504246  0.51504271586771389  0.52575656249644931  0.53645920497065025
  0.54698757011660948  0.55747920919794836  0.56805985835994277  0.57870805918285873
  0.58932313055630536  0.59988774877688322  0.61048817634009744  0.62122574611340320
  0.63185619485774014  0.64250707236070737  0.65290748697061207  0.66324936171449866
  0.67383509804586017  0.68449934974559079  0.69518813216893005  0.70576949903477881
  0.71628156955169331  0.72680131027400763  0.73711010034729074  0.74749975047361295
  0.75799511165247246  0.76850609598586506  0.77880895247760107  0.78901133819003433
  0.79933189633239310  0.80982139439804490  0.82023313293975220  0.83067557238383460
  0.84113058059451296  0.85157113867119572  0.86216110989272021  0.87277059826008063
  0.88342943312617550  0.89399656327674826  0.90458944904163041  0.91526161466086908
  0.92579397294836452  0.93627840392177009  0.94687198050000376  0.95751498570194349
  0.96810452694015947  0.97872098296257248  0.98936593326774414  1.00000000000000000
 -0.00254080722662555  0.00929798238098343  0.01954335832920721  0.03019097040087961
  0.04103662220911691  0.05164163851085225  0.06236904450928939  0.07302429101132463
  0.08360886001337965  0.09382736964084905  0.10396017933943352  0.11442100424113980
  0.12483437484980896  0.13531667194095981  0.14567128224755888  0.15622400229040728
  0.16659102145481994  0.17706165977561500  0.18766543399845292  0.19846463040420784
  0.20932080617744961  0.22024315981695300  0.23102191924777338  0.24146905339311212
  0.25182370100123430  0.26239720381237092  0.27301498864914919  0.28361688137045599
  0.29417445022150074  0.30470956392907400  0.31509033059885339  0.32543200953556001
  0.33592120954695548  0.34648072211434261  0.35696818775613448  0.36741746781158735
  0.37777140769621859  0.38808653600867543  0.39839308596745032  0.40877683195733705
  0.41910049815932493  0.42934337644893128  0.43959763508899646  0.45001687511976429
  0.46055465375306442  0.47119656149821432  0.48181182006651063  0.49237251690305722
  0.50283990330961859  0.51336251025431756  0.52374972871594916  0.53419678636883439
  0.54459299309158793  0.55524086473631473  0.56595690959371181  0.57657279109088533
  0.58720835133587457  0.59786207382473444  0.60850264928350539  0.61888984736325403
  0.62934489389169668  0.63992864576203889  0.65068403299734545  0.66151773077696630
  0.67235435496288409  0.68322783315209024  0.69391036726743105  0.70454013479616606
  0.71518369296145889  0.72597670493271793  0.73677707811957072  0.74749156683545581
  0.75820060731920169  0.76895609841876766  0.77964042820535728  0.79030054835117203
  0.80092410786086310  0.81167602817389151  0.82213381356220228  0.83257056695073683
  0.84267678441398475  0.85265134388454744  0.86289025067377989  0.87340806556517858
  0.88414025953165165  0.89487814199054272  0.90538660269087978  0.91595494914384479
  0.92636759964879845  0.93676931683065723  0.94727630414229080  0.95769035420492399
  0.96823385630327385  0.97878794968750926  0.98941586728302533  1.00000000000000000
 -0.00251400518947959  0.00949338873491423  0.01947931431058829  0.02985309690791930
  0.04033295306919612  0.05085714522299398  0.06138939729886426  0.07198278396110958
  0.08249710836885775  0.09329939619585434  0.10433378237938232  0.11529317928129221
  0.12608776764436316  0.13654672374095153  0.14695667270330462  0.15736187882755404
  0.16771875137270123  0.17816947190659160  0.18845070413186207  0.19893395872034009
  0.20948080401741487  0.22018148616996122  0.23093055007928157  0.24156409421194699
  0.25215774900201959  0.26273993700395393  0.27333562321269173  0.28382962028722025
  0.29425062700032023  0.30471047289063558  0.31520162919343281  0.32560325487529046
  0.33606304577465446  0.34657572830231925  0.35706003789069801  0.36742969753210181
  0.37788809140030072  0.38837223408464566  0.39894666287401825  0.40949983167395448
  0.42001221053358645  0.43071665548510518  0.44129558227907789  0.45198272756591473
  0.46256068927845262  0.47309514553713200  0.48357642978308579  0.49393161498736915
  0.50439302843263800  0.51484226444963932  0.52524852201412209  0.53567435477738468
  0.54607485431551628  0.55655316161830837  0.56703355473896910  0.57766889099085739
  0.58818957225897084  0.59868458289362048  0.60930805748363714  0.62024016292625839
  0.63128427020968136  0.64227120784815794  0.65317451896803702  0.66403190333129292
  0.67499045945177205  0.68594210082849127  0.69653968135598932  0.70694949517271066
  0.71739495091925365  0.72798707437410692  0.73843560246855899  0.74878542312675045
  0.75933898710151859  0.77002535038481612  0.78063247602309660  0.79130895972072202
  0.80172751344301096  0.81217560563104219  0.82237653876784156  0.83252930234728018
  0.84265521892520345  0.85281778223751115  0.86323157351009294  0.87354179147315736
  0.88409618657160538  0.89474765845700355  0.90566582496801984  0.91643998012153205
  0.92692482251907482  0.93736260862355902  0.94759786291545067  0.95790567495850376
  0.96833271073551552  0.97882489607512502  0.98936535651148028  1.00000000000000000
 -0.00248787431889237  0.00927141460897235  0.01938675537291091  0.03004587655589546
  0.04083761688792146  0.05179559096333784  0.06277710141305823  0.07365856906912710
  0.08441094932992410  0.09521065661061036  0.10589569731408267  0.11647053338056440
  0.12682573827178914  0.13718854842350067  0.14752235498330271  0.15796056444526230
  0.16834593353816579  0.17883317777177599  0.18925600920775620  0.19980112591203839
  0.21034160622842965  0.22077331823383770  0.23118818980261255  0.24147310282226001
  0.25170490078736302  0.26194282460566903  0.27227635492205216  0.28294334437958174
  0.29358148178325699  0.30424955320477493  0.31495511725289999  0.32575965702983034
  0.33650961835971188  0.34711348847448664  0.35775483238741701  0.36839022976366437
  0.37906486800510680  0.38973209669272330  0.40038861827233235  0.41107342817469633
  0.42160389100646445  0.43210307274672227  0.44250599177511529  0.45284559868055591
  0.46319751074873772  0.47365652956531468  0.48418623137640421  0.49466678212674192
  0.50523685219470460  0.51585248969257258  0.52659010798340289  0.53748662364916377
  0.54810563073711716  0.55870141744091750  0.56920154666432454  0.57976541050598507
  0.59021179621556696  0.60040252173723396  0.61081424545900009  0.62125673420632621
  0.63177675459435123  0.64225077657621010  0.65282341937936983  0.66342062674679125
  0.67397674521841489  0.68454421811428467  0.69496544817226646  0.70536928964192136
  0.71588370669813661  0.72635294264212436  0.73701029272744378  0.74751885759315184
  0.75806905821371517  0.76855426988233067  0.77899931094820540  0.78955656966660204
  0.80020461367703632  0.81084972515602016  0.82144226728530545  0.83190858409713853
  0.84246728627288447  0.85288306631185795  0.86335342542480975  0.87383399999257150
  0.88437364706660337  0.89497021006673583  0.90542292799094626  0.91608750935539163
  0.92663577026925870  0.93732134062150307  0.94787558791585302  0.95838741324588683
  0.96892990533452517  0.97934073191898663  0.98977423324182234  1.00000000000000000
 -0.00246573763255900  0.00962836423443383  0.01970464821469253  0.03035738969478981
  0.04096568901602207  0.05152629078452762  0.06218180789823227  0.07302744006613988
  0.08408484893648595  0.09494951577836939  0.10565296920150069  0.11607373282485020
  0.12659505792904668  0.13703388407697112  0.14749302079723886  0.15782119172676598
  0.16822495407905905  0.17845651744188662  0.18875104034195894  0.19906471472277418
  0.20934901536610231  0.21985413380207455  0.23026166802488984  0.24106260034720475
  0.25184644491077607  0.26279397131288357  0.27343079741970583  0.28379629951237789
  0.29414120335960858  0.30460131486830261  0.31524187408146648  0.32594194464072079
  0.33672179498962485  0.34744329489872255  0.35805447809919733  0.36867637035698503
  0.37917764863320669  0.38962810024977268  0.40008050793024991  0.41048245810442369
  0.42094568511236830  0.43137402726661994  0.44193007741631274  0.45245764988334275
  0.46315819428103350  0.47389597817624607  0.48455264842414142  0.49517279684170523
  0.50571682585333499  0.51626503447804384  0.52673766270432376  0.53737482223229138
  0.54797699316405302  0.55856350936322641  0.56906910293305257  0.57944430395898694
  0.58972365738335497  0.59998681108428453  0.61046708262678939  0.62100594773534956
  0.63156666104546910  0.64207285998249886  0.65260255411032042  0.66313291695467658
  0.67371277005462793  0.68445658605104231  0.69503174383161548  0.70572373255167309
  0.71637268957864630  0.72715910320374955  0.73772405150751663  0.74825878022564674
  0.75870043576882573  0.76918580829006789  0.77967031303867773  0.79031026229132795
  0.80107008559433734  0.81175158137900716  0.82233383907440694  0.83293668520356878
  0.84377377332652526  0.85452569566677339  0.86519506265597590  0.87593398880111217
  0.88673656669109990  0.89753786996286777  0.90807873342987588  0.91860853945944076
  0.92890013044872222  0.93916240722439648  0.94926860163123594  0.95947833325616505
  0.96959848406305460  0.97984331151931381  0.98997379854893108  1.00000000000000000
 -0.00248992026989804  0.00961686645195886  0.01982272701261472  0.03027664592107768
  0.04077323425781298  0.05127656021478785  0.06179168348334726  0.07223149875101696
  0.08261957722318976  0.09323375196091530  0.10384247798566072  0.11432733371360970
  0.12472834552054418  0.13511903337840797  0.14544488087078217  0.15574263720527393
  0.16603493666283636  0.17672698333957287  0.18747397989068823  0.19804743155023694
  0.20854049414751652  0.21912559056373115  0.22976951205277035  0.24067213478823193
  0.25136355586347037  0.26247332246853489  0.27332799668406077  0.28437375432224349
  0.29537461223443984  0.30619761455892824  0.31688894574642873  0.32735149635237010
  0.33786803977913793  0.34831234813825818  0.35896078353401339  0.36975349102761490
  0.38046423804941260  0.39090983789611972  0.40118402226245353  0.41163275644339414
  0.42203935974959106  0.43255919235145884  0.44303374612579827  0.45355945908794004
  0.46401625724774281  0.47446605047948853  0.48496144791667423  0.49545543150550536
  0.50595685070506824  0.51646479664441358  0.52698191272233263  0.53748499660122129
  0.54779420227946629  0.55809956117687654  0.56857519204169504  0.57936503454629051
  0.58987792725378774  0.60025423281968360  0.61082271381157749  0.62131044174898209
  0.63167087699752944  0.64174112831273522  0.65195410966246548  0.66228857134491859
  0.67274666729337751  0.68319494440671014  0.69364608905331171  0.70424981674863241
  0.71492641616942909  0.72577479192685268  0.73654352070162421  0.74727160688115879
  0.75801055459270317  0.76852534805189565  0.77908214240282170  0.78960026038050424
  0.80005729584622454  0.81067038482114895  0.82127795452917818  0.83198634184520182
  0.84248331600847037  0.85285295968322816  0.86325578858331287  0.87370638490485453
  0.88401652215389137  0.89427630914240896  0.90462591397861480  0.91516305479053806
  0.92571866832362359  0.93619109929564104  0.94688216557783789  0.95753559300077973
  0.96805447921769505  0.97846010389183002  0.98921419236914498  1.00000000000000000
  0.00939825048366822  0.01552895160981574  0.02486314289797089  0.03577275954619479
  0.04644632946993048  0.05714574484528766  0.06772159642302454  0.07822872076709964
  0.08860412506528206  0.09881728885097206  0.10910279444393263  0.11935009398712827
  0.12967598196856270  0.14003582510944684  0.15050717479548231  0.16112419711112835
  0.17174838713426205  0.18239012404612318  0.19295346406906597  0.20348767322641012
  0.21401012343173512  0.22451846454205318  0.23495669026759466  0.24547352449150933
  0.25599094999858990  0.26658797082933561  0.27709479385024999  0.28742390430361908
  0.29771467166821414  0.30800330985968360  0.31850224924762160  0.32907895156296157
  0.33967883546237704  0.35030050383692574  0.36084584570356881  0.37145759368683345
  0.38220367733312505  0.39305307252680438  0.40380513725992900  0.41455927230312772
  0.42530147206803615  0.43612240560094112  0.44690300084010259  0.45761302528843040
  0.46824554829963977  0.47878628895541486  0.48937173924454919  0.50006193346228556
  0.51056764901727758  0.52106423894743659  0.53126535247017559  0.54156561083255417
  0.55210245441223416  0.56266312962070208  0.57321592829136891  0.58368335135685367
  0.59414989052762068  0.60458662893669290  0.61491418411851639  0.62529952690720569
  0.63567765892629979  0.64606784246515081  0.65652392458548747  0.66696098251916602
  0.67737349530683622  0.68766503923235822  0.69802752651655997  0.70829950333097114
  0.71895507880072651  0.72958768604808744  0.74036129288157848  0.75102155160591066
  0.76118838070440908  0.77134149346514980  0.78146925479226603  0.79182895780382201
  0.80207161751366485  0.81223175891863275  0.82252209978697721  0.83286499951660786
  0.84305019771798428  0.85342056112981135  0.86378769797247901  0.87421737535373278
  0.88466074793697846  0.89521032989039051  0.90571064034106930  0.91609002359134717
  0.92634606204810921  0.93667619790192114  0.94706913275568305  0.95732807494347427
  0.96786506777049064  0.97834600074336830  0.98918550063407173  1.00000000000000000
 -0.01735104100858594  0.11963782289899422  0.18218743303638310  0.22749483927611369
  0.25803792450168173  0.28106771240367839  0.30028578764726510  0.31695612989352318
  0.33201187489988415  0.34535470780968541  0.35790558869737310  0.36944441377271492
  0.38039135831540516  0.39065907122770210  0.40047726408467815  0.40981425812771410
  0.41879639698082843  0.42742507786576195  0.43579167095136317  0.44388363882266046
  0.45170069512169431  0.45932037412657667  0.46668132930058809  0.47389030089321921
  0.48095588130649120  0.48775520408124423  0.49445421688157160  0.50100570559702906
  0.50740364499208179  0.51368661999922971  0.51985857964350590  0.52588266681345153
  0.53177938207780240  0.53766325358453437  0.54343259658399667  0.54911592148244859
  0.55473874036905946  0.56030733295946800  0.56580145740705823  0.57122491284224552
  0.57660544553634496  0.58193205831175665  0.58717642858221086  0.59238215002227634
  0.59755356501887147  0.60268510854598167  0.60775932727588611  0.61278484109040843
  0.61778543681646669  0.62276784806117869  0.62771750445697005  0.63263099562932257
  0.63752125454739794  0.64239715353563420  0.64725818655741718  0.65209070722063023
  0.65692255815794431  0.66176703876965126  0.66662338694578682  0.67147808294711364
  0.67632317297917799  0.68115746069527816  0.68599854579709940  0.69086507740458392
  0.69574633312256307  0.70063698676232988  0.70553870507204874  0.71046814895314392
  0.71546685088530604  0.72049097149976438  0.72553485214607227  0.73062345374979731
  0.73578652219108820  0.74101431223341163  0.74629354504625489  0.75167296723446853
  0.75719739760294136  0.76279541256010230  0.76847415424556598  0.77430824717425417
  0.78035332133145607  0.78648121559660911  0.79280330810543331  0.79943906695945754
  0.80626997276847456  0.81347425154824149  0.82109127436614604  0.82909327520931786
  0.83771756839261291  0.84703731729056386  0.85746266470187393  0.86919682364749651
  0.88329998553203648  0.90108654397021160  0.93000571209016691  1.00000000000000000
   2.4918542296085205E-039  -1.0000000000000000     
 F F F F F F F F F F F F F F F F T T T T T T T T T T T T T T T T T T T T T T T T T T T T T T T T F F F F F F F F F F F F F F F F F F F F F F F F F F F F F F F F T T T T T T T T T T T T T T T T T T T T T T T T T T T T T T T T F F F F F F F F F F F F F F F F
  <DiscreteSampler_grid>
  grouped_processes
  1 # 1 for a reference and 2 for a running grid.
  10 # Attribute 'min_bin_probing_points' of the grid.
  1 # Attribute 'grid_mode' of the grid. 1=='default',2=='initialization'
  0.0000000000000000 # Attribute 'small_contrib_threshold' of the grid.
  0.5000000000000000 # Attribute 'damping_power' of the grid.
 # binID   n_entries weight   weight_sqr   abs_weight
    31   10   1.586285621806404E-025   6.967608558759818E-050   1.586285621806404E-025
    32   10   1.586285621806404E-025   6.967608558759808E-050   1.586285621806404E-025
    34   10   1.586285621806404E-029   6.967608558759812E-058   1.586285621806404E-029
    35   10   1.586285621806404E-029   6.967608558759808E-058   1.586285621806404E-029
    37   10   1.586285621806404E-029   6.967608558759812E-058   1.586285621806404E-029
    38   10   1.586285621806404E-029   6.967608558759808E-058   1.586285621806404E-029
    40   10   1.586285621806404E-025   6.967608558759818E-050   1.586285621806404E-025
    41   10   1.586285621806404E-025   6.967608558759808E-050   1.586285621806404E-025
    43   10   1.586285621806405E-025   6.967608558759818E-050   1.586285621806405E-025
    44   10   1.586285621806404E-025   6.967608558759810E-050   1.586285621806404E-025
    46   10   1.586285621806404E-029   6.967608558759813E-058   1.586285621806404E-029
    47   10   1.586285621806404E-029   6.967608558759808E-058   1.586285621806404E-029
    49   10   1.586285621806404E-029   6.967608558759813E-058   1.586285621806404E-029
    50   10   1.586285621806404E-029   6.967608558759808E-058   1.586285621806404E-029
    52   10   1.586285621806405E-025   6.967608558759818E-050   1.586285621806405E-025
    53   10   1.586285621806404E-025   6.967608558759810E-050   1.586285621806404E-025
  </DiscreteSampler_grid>
