  0.00758365498425363  0.01442220303475832  0.02384247176742761  0.03444793074656719
  0.04472509835007113  0.05505467372428266  0.06541568390725824  0.07587333958002351
  0.08641925536401682  0.09704332342200309  0.10767687716271891  0.11846312827025456
  0.12914766144260453  0.13977262143907873  0.15028969619409560  0.16071896427629243
  0.17119483741029337  0.18136636476897700  0.19162358693538392  0.20176187922397323
  0.21222901715783787  0.22279874818320153  0.23330033305112757  0.24373929984306819
  0.25403684270499893  0.26446195810864964  0.27483590502487681  0.28530145434122178
  0.29571616157205388  0.30622590162158192  0.31670991841533686  0.32736002134933040
  0.33810474920262223  0.34875214278282490  0.35921922326722461  0.36951897712196430
  0.37977837202318954  0.39006411901620214  0.40035597112293470  0.41073628072583213
  0.42104908269663177  0.43129708271887279  0.44154520126007546  0.45185916704028495
  0.46227016994762410  0.47291567392288913  0.48343780152901544  0.49397286205646279
  0.50443585302580907  0.51502616369385656  0.52540349072516424  0.53556830922014265
  0.54569184469566479  0.55592274985248569  0.56629942822632018  0.57668389660053987
  0.58713032209893290  0.59763258058542112  0.60813421819658764  0.61859391309687373
  0.62906067882459182  0.63967810328535957  0.65020514337322144  0.66055135975579649
  0.67085778327643009  0.68130153847301389  0.69161243765248015  0.70182454054831167
  0.71201255651234141  0.72236005974763051  0.73283323756884633  0.74333705222913604
  0.75404911638243066  0.76476967355305725  0.77568270814138229  0.78657081368318482
  0.79738015706405907  0.80810692528329897  0.81884714479938669  0.82957935972651609
  0.84014695820680352  0.85074666401543220  0.86133663335436661  0.87205615403384540
  0.88254940519200287  0.89299154055910890  0.90328494590929320  0.91363976698763438
  0.92407500347082827  0.93462430496861237  0.94525155952652729  0.95596352629286674
  0.96679008090007590  0.97766109346128183  0.98874303831202270  1.00000000000000000
  0.00739015986460058  0.01543695155066712  0.02589126228000197  0.03685840657538038
  0.04739733566539365  0.05790190016704491  0.06840363986288160  0.07890980666266734
  0.08939464666045575  0.09971763834944207  0.10998197148306577  0.12023845536643386
  0.13059217202255458  0.14095634128101889  0.15129391709599446  0.16170687824398378
  0.17223111355861789  0.18281123085667941  0.19330784294540937  0.20363730723655346
  0.21400209965096187  0.22444186379203435  0.23485858964907130  0.24539533586859483
  0.25582228076278996  0.26626795932958824  0.27670956554779108  0.28707716191852634
  0.29735036869570708  0.30764638828581742  0.31805055247399816  0.32866558534624618
  0.33914136461866407  0.34954980985301271  0.35998062817823406  0.37042837533031808
  0.38086826625997444  0.39129096999331553  0.40168258197591145  0.41215121923298403
  0.42266790753077949  0.43305723830898923  0.44338741859556585  0.45357684872413434
  0.46393123345002601  0.47438352230160979  0.48503855143119773  0.49567605277664378
  0.50626656460797881  0.51675432991257730  0.52716714870714121  0.53770521714440112
  0.54834965118729218  0.55900205205593045  0.56947758292286133  0.57980545730609723
  0.59028872057725623  0.60084450117436650  0.61142531477048478  0.62195824846519387
  0.63238887288149914  0.64265125236179232  0.65283838793562099  0.66304110105973213
  0.67328027814108327  0.68339182312908531  0.69358530747420610  0.70383681174699364
  0.71425818204828229  0.72472433747481801  0.73532451636229079  0.74598753769170478
  0.75657981369278959  0.76732443916579651  0.77789488806269458  0.78860438483256923
  0.79901002476807759  0.80946053827205544  0.81986861381538378  0.83029412163356831
  0.84077513256351821  0.85117087872737718  0.86158600292339549  0.87195111614650755
  0.88232238015810804  0.89267104412933185  0.90311656286127751  0.91357149919858283
  0.92428182425251160  0.93496975197001064  0.94546451267165088  0.95594426638264252
  0.96660855366809828  0.97747245252522064  0.98859128563109866  1.00000000000000000
 -0.00242267365843593  0.00917429651682035  0.01908951119521190  0.02939349823701046
  0.03987331818068412  0.05055077377089423  0.06109852656658027  0.07178745803298256
  0.08232489750068164  0.09301319453208258  0.10366468956529606  0.11421205386358957
  0.12472300217498002  0.13528625712183748  0.14586733307305125  0.15652244565711898
  0.16716547915490351  0.17779910782179681  0.18824543215036493  0.19872150125545790
  0.20918602856158902  0.21968348947895280  0.23014312146804083  0.24078696401831026
  0.25144484587642796  0.26209028281824420  0.27254013291045270  0.28319129045141794
  0.29379715242848908  0.30445753478364113  0.31500266335061877  0.32536731015553888
  0.33570690398680558  0.34591333203148511  0.35616587726237020  0.36640232040115817
  0.37675843030552736  0.38722270503088790  0.39758304885940265  0.40809683250145629
  0.41853126248546979  0.42906609705683968  0.43955564641024164  0.45002645027442773
  0.46055642471118224  0.47082953406123879  0.48119965843955964  0.49158699409575179
  0.50199497578532482  0.51244022904095599  0.52285840055867105  0.53335425228387656
  0.54372652097719587  0.55416473381935505  0.56460575544271285  0.57511656851636317
  0.58566357626003729  0.59611857971735049  0.60656590073296823  0.61701598367689137
  0.62745610064819035  0.63816372696294976  0.64889014291472613  0.65948753024108087
  0.67006518294202810  0.68060876983578023  0.69114141792014572  0.70151153348849460
  0.71184766729297910  0.72237135473862346  0.73293170371031902  0.74370987304659419
  0.75429480450301167  0.76482000662076799  0.77532350258439930  0.78589680108391213
  0.79654754737781130  0.80716838693884085  0.81792421975379903  0.82868405803185685
  0.83974984308824241  0.85095134951384677  0.86203867319747118  0.87294722596333629
  0.88380912913213161  0.89451381007433084  0.90505742365589670  0.91565179054235768
  0.92623607312720824  0.93680086659710649  0.94718096688093179  0.95768649045387444
  0.96809883078449854  0.97869073074849067  0.98928028748917185  1.00000000000000000
 -0.00239381698092259  0.00942892514079698  0.01951490627313521  0.03006392363813356
  0.04059698411003466  0.05119037358399019  0.06178755320858080  0.07233602692599360
  0.08293723402855163  0.09357131772369053  0.10405423723334238  0.11472511908132749
  0.12529503431234895  0.13614518520012150  0.14678952098454670  0.15740055804879488
  0.16805938858688790  0.17873996750792553  0.18944910074812515  0.19994079267707793
  0.21055458190875398  0.22114392718840792  0.23178749059390291  0.24216704756433080
  0.25259194147598557  0.26296952070280483  0.27342044816165323  0.28381810883193004
  0.29427378927438613  0.30466716110532627  0.31504197317795318  0.32528589326067486
  0.33569219409933626  0.34601971015366084  0.35636384288987522  0.36657710712548319
  0.37680743769800312  0.38719180581958029  0.39751478323102546  0.40795155421427748
  0.41827211488052890  0.42871609643141362  0.43902820651984920  0.44936246823991000
  0.45977541957771939  0.47033511071372075  0.48078930231306954  0.49118648436771056
  0.50158667090865960  0.51225937860495618  0.52291743230231513  0.53345405692200865
  0.54392427966246137  0.55433673164515163  0.56470776908894604  0.57513514533016674
  0.58567035584499338  0.59633302173590963  0.60694517352278332  0.61762097978502151
  0.62832036993790064  0.63920136226725777  0.64999708120450861  0.66094423120716073
  0.67176927113493745  0.68269409084214583  0.69348267442843647  0.70424599377284680
  0.71491321683565545  0.72558380646771126  0.73638376160171881  0.74723285016053287
  0.75798958912613079  0.76870459187956541  0.77926915297184995  0.78980930374059000
  0.80018047917633006  0.81052447280514006  0.82086044726865770  0.83128797625287365
  0.84174892294760928  0.85229925832156461  0.86269602234155718  0.87309069048893295
  0.88347246735139751  0.89376136458252076  0.90411649103214686  0.91443643311861855
  0.92515474197267467  0.93559928532037762  0.94604288100289957  0.95650899541059486
  0.96736020644588139  0.97829372009395199  0.98911724433586090  1.00000000000000000
 -0.00246152738600645  0.00913104623362173  0.01899321399166102  0.02947918377481395
  0.04014901254029130  0.05099739263776658  0.06179548368188908  0.07238314077502769
  0.08300911787284798  0.09353543539822809  0.10404031473838088  0.11461900908095314
  0.12507195454316311  0.13580566567991750  0.14646184643952628  0.15712234580030357
  0.16775667186296730  0.17818221885027230  0.18870550752144993  0.19926382787101768
  0.20998741756215189  0.22072901050018684  0.23131470122627196  0.24180478725704366
  0.25224387541897286  0.26266680072535903  0.27290879461295969  0.28305014485410002
  0.29324089661800595  0.30355062100237218  0.31396280108939567  0.32444962017767376
  0.33510027616832372  0.34574816170015199  0.35635299704573054  0.36688621268686461
  0.37762145311830392  0.38828203735942818  0.39881010914376724  0.40922629199599464
  0.41972363152135861  0.43046419277881226  0.44108618433421420  0.45178346789723894
  0.46232689142281674  0.47289775553517210  0.48330970611192603  0.49360932696534587
  0.50396715024332117  0.51455019115514933  0.52521613261913036  0.53573456998815572
  0.54627491883095980  0.55686273855555524  0.56750599492553389  0.57793404456272091
  0.58836456786093971  0.59890465800809489  0.60928220786203635  0.61962679266526532
  0.63013029532287279  0.64097680017587433  0.65173980928642739  0.66219902757979621
  0.67267253187319931  0.68323369752235186  0.69384586836542206  0.70422170931192030
  0.71441989022338104  0.72459616043418340  0.73481173280015510  0.74526231623532979
  0.75583646870182430  0.76656094952865050  0.77707128203094789  0.78742097098516750
  0.79783566692636343  0.80830814357265313  0.81884784582964110  0.82929442145762955
  0.83983386767674784  0.85057463495908825  0.86135143591079144  0.87218523286129768
  0.88293025736950992  0.89365081500796950  0.90436678622662847  0.91497971874459549
  0.92555745175028881  0.93595651491130605  0.94656517284747588  0.95716239196299002
  0.96791759334886707  0.97851039313904098  0.98928001835217139  1.00000000000000000
 -0.00246247251380755  0.00929319173033099  0.01938740985366435  0.02996908928677379
  0.04065824125716155  0.05129434291000859  0.06182239058580815  0.07225277825206942
  0.08273204953596754  0.09325188940621520  0.10375747999787956  0.11402662247911487
  0.12434449200544501  0.13469467471650487  0.14510491025537967  0.15554024173189507
  0.16606674860648632  0.17666404444300995  0.18722444272475181  0.19785082072873686
  0.20838945762583805  0.21890420501309338  0.22928074631778070  0.23991304608444511
  0.25044847063522224  0.26103075802050468  0.27158866908464546  0.28219736388545080
  0.29275072570778615  0.30334837911164286  0.31392673888185607  0.32446441216824307
  0.33492963933022818  0.34555059722072723  0.35619779658865419  0.36663096494596592
  0.37707661784782120  0.38742683690256197  0.39778859085556212  0.40805015314223553
  0.41839480053180667  0.42880372810972578  0.43925528833703442  0.44967046167198160
  0.46005467582843962  0.47035305733802474  0.48068678701550605  0.49128729024291173
  0.50178666033041863  0.51230238781755522  0.52284817898513347  0.53357473350858020
  0.54425194726340942  0.55469956648009633  0.56526064283529787  0.57589063295159026
  0.58657138093181305  0.59701994212931730  0.60759251357227284  0.61812599574025084
  0.62885565289639889  0.63956717195930202  0.65026662314719141  0.66105313285738443
  0.67173114526706290  0.68238846625678307  0.69299673701541953  0.70353277241460199
  0.71400290792428223  0.72435228181323663  0.73486009114260609  0.74561560157829609
  0.75641696936221425  0.76719529332731806  0.77789030347689037  0.78857718972491342
  0.79912044882431921  0.80964491638683422  0.82023343422600392  0.83090585691790442
  0.84153631934407169  0.85219689451232705  0.86284738378397474  0.87346003958237795
  0.88397630784619941  0.89453085559276480  0.90520555949542192  0.91586057386668940
  0.92654031161366945  0.93713383839902797  0.94772130069150884  0.95812465020631721
  0.96869589954701674  0.97916941734542484  0.98966862499310582  1.00000000000000000
 -0.00220234463217443  0.00967402111698614  0.02009927914796172  0.03079676071980776
  0.04172784407284254  0.05271097711260204  0.06357873965973752  0.07428120944511880
  0.08483467484449320  0.09534816715634149  0.10596408403741814  0.11666646199702589
  0.12739097553744885  0.13804256401271103  0.14873247280818661  0.15948462798949659
  0.17023450680025604  0.18083032164833682  0.19144378126423997  0.20203013906809913
  0.21263737013991432  0.22315911038250991  0.23373418503599100  0.24435567247155493
  0.25492924967635056  0.26544889811883760  0.27593587701878192  0.28642839708861090
  0.29674592977046083  0.30699736375599790  0.31728427899143902  0.32762447113864807
  0.33806614593657980  0.34861861381835263  0.35925106322624717  0.36987017352424306
  0.38053822675875770  0.39111666564172171  0.40162240081876238  0.41200704589134601
  0.42251241442232257  0.43317061037901183  0.44394083857263300  0.45470935309318189
  0.46548297939333511  0.47619029733735929  0.48684128533582388  0.49739339003553695
  0.50798317547233252  0.51854257252474301  0.52902181522670877  0.53944605908160825
  0.54994440912642528  0.56060656989126356  0.57117738205385549  0.58178509854323912
  0.59242560530368660  0.60297399300119026  0.61359575379732123  0.62410962849430129
  0.63468638881103578  0.64504151000857890  0.65543670534212684  0.66585493117324757
  0.67620697187419776  0.68654690892194914  0.69698171516622132  0.70749472427015003
  0.71793837420944773  0.72836113680601799  0.73889263197670729  0.74926662451057391
  0.75963447341289059  0.77007084233798306  0.78056933987452570  0.79111714995451521
  0.80153279676746991  0.81208842038552453  0.82245158700763188  0.83273978239821167
  0.84316333922980446  0.85359234056222277  0.86376280944074346  0.87394898992760894
  0.88419902897811786  0.89454466253185339  0.90481790522330585  0.91509915470246550
  0.92569862973745276  0.93640469147064653  0.94700442014226816  0.95755414924160009
  0.96797477321177794  0.97854946911202334  0.98916013231472599  1.00000000000000000
 -0.00237562494036657  0.00910383837843338  0.01896245737851857  0.02927324776309190
  0.03965552012404426  0.05017663425709880  0.06057891013362315  0.07117502724973845
  0.08174924250883706  0.09238258050567753  0.10299680783101541  0.11344830271009723
  0.12384223142972414  0.13414805752511871  0.14439710721455740  0.15480894620670138
  0.16509912931405327  0.17553099349799836  0.18593217824047961  0.19650152626560774
  0.20708798884664389  0.21743957663560248  0.22787450653898766  0.23833570631404460
  0.24889040544027918  0.25952340163736676  0.27009054616784156  0.28062111400161727
  0.29116088860291067  0.30177934922788369  0.31246657200237837  0.32284420366374955
  0.33331102302382382  0.34367382018574077  0.35411765356722985  0.36437710153717878
  0.37473929587431337  0.38519272065443433  0.39558380982071017  0.40635301747260283
  0.41705150162246429  0.42806306191276083  0.43879466898331831  0.44963953831823522
  0.46053258670199143  0.47148041768517429  0.48223920991259672  0.49292233083040271
  0.50359784720546652  0.51432187892152104  0.52486803953376349  0.53535304973616782
  0.54585605180260000  0.55650900771765299  0.56727275628526741  0.57819343149383884
  0.58926203979576419  0.60033139940727576  0.61123819991798700  0.62202988258637160
  0.63256132326902870  0.64306115363523730  0.65353898851398007  0.66399951805612734
  0.67442141125471777  0.68477692595423578  0.69539540327661464  0.70611441393336249
  0.71699183618868223  0.72780184301090178  0.73845006510636901  0.74890460290639127
  0.75927157139839407  0.76969515367588848  0.78012391609393106  0.79054178519198737
  0.80094724111049065  0.81133464399818855  0.82157287206658258  0.83184801415696608
  0.84216474448450707  0.85267539467053666  0.86299356925007720  0.87341444613951602
  0.88393817061108793  0.89455932815797334  0.90506429065222382  0.91541447144106081
  0.92594817578101063  0.93658341534102296  0.94709408937366690  0.95767235596994593
  0.96823114338316729  0.97881010647858013  0.98933855604982435  1.00000000000000000
  0.00937450125032683  0.02716516686542874  0.04213796879068581  0.05413573168982436
  0.06529015091656214  0.07615254955396100  0.08686581989690613  0.09747619239206042
  0.10804023910785737  0.11861120035205457  0.12921251333329151  0.13972792937524464
  0.15014819152109329  0.16057794894945063  0.17108300571872137  0.18159656405180988
  0.19208019987830702  0.20252452714372149  0.21302173282072212  0.22354260206697307
  0.23399833161360375  0.24430944725818685  0.25451758435256761  0.26476254314141201
  0.27505728291751808  0.28526247800660465  0.29540099837959255  0.30554832983661429
  0.31580277710536564  0.32611572828753166  0.33647513646476013  0.34687519374136844
  0.35726752188785849  0.36765212270361458  0.37809476721610458  0.38854281221247050
  0.39889730886239033  0.40902034516929636  0.41908560838346809  0.42918101389405350
  0.43934573917926711  0.44950010497265969  0.45962640383313047  0.46969487630162510
  0.47972342698514531  0.48973390690750773  0.49975972190278833  0.50982052230759489
  0.51994003521186216  0.53008921124804431  0.54027978507952035  0.55047724007725829
  0.56069535925703273  0.57085095558371468  0.58104479175417967  0.59132928195866596
  0.60157481052326234  0.61163529938906835  0.62162541873586674  0.63172550954275608
  0.64189823259558376  0.65205650353100530  0.66222862540125516  0.67243033145310993
  0.68270488440815602  0.69299175288017645  0.70338916553692732  0.71378040062402692
  0.72417633973610374  0.73452482946702513  0.74461260386498296  0.75467505973164795
  0.76468387185389564  0.77468992109480728  0.78474321975185035  0.79477931660389878
  0.80509715920234226  0.81544115129066463  0.82561328554456570  0.83571286905354913
  0.84557127985370539  0.85546061425988640  0.86539602438298147  0.87528675145504165
  0.88521414030973622  0.89513831313545034  0.90528247097964254  0.91548414165055692
  0.92577465075068477  0.93597416867713690  0.94635924952447703  0.95662393358896858
  0.96685620077122025  0.97709192964040892  0.98819672850293161  1.00000000000000000
 -0.01959088322486563  0.12232925632244690  0.16771763718789157  0.19688521482908197
  0.22085446709501177  0.24132791404771967  0.25948019321135724  0.27606712756234536
  0.29149641638025264  0.30594043878849614  0.31947725817547451  0.33228633079872594
  0.34451405295585724  0.35630622966558767  0.36758602723633177  0.37843939834338092
  0.38891213054770363  0.39916140300727360  0.40909506687522240  0.41878800665804516
  0.42815186196122579  0.43731053460065700  0.44628470264454079  0.45511054766625364
  0.46379465752336441  0.47224660223361270  0.48055689352059400  0.48866422106730378
  0.49668229378311329  0.50453715413256250  0.51218928392848306  0.51980821799647237
  0.52721908975658394  0.53455834038630101  0.54180519049610143  0.54890974872598253
  0.55592574141275752  0.56281890153691039  0.56957995799009142  0.57627274175805565
  0.58292153171793115  0.58949232659302075  0.59598699865432336  0.60240328572349888
  0.60873714172250337  0.61502358258970724  0.62127051832655622  0.62744406621794191
  0.63352256331597545  0.63955653172850790  0.64555615302562108  0.65145974556590425
  0.65731736706720745  0.66313811243536247  0.66887298683231944  0.67453134032771656
  0.68015012809787145  0.68574150360855290  0.69129096044776228  0.69680232816049048
  0.70230595216607872  0.70778777757659583  0.71322837648574444  0.71864504123021999
  0.72407637741114572  0.72948842659881719  0.73489541021119142  0.74029555923175094
  0.74569379974611905  0.75109170282083049  0.75648974373592504  0.76188977229740174
  0.76729297743375535  0.77274321172923022  0.77825591716670628  0.78380631643134413
  0.78938189636500056  0.79501758727787297  0.80072207105130244  0.80648513542566069
  0.81235538401360863  0.81840531564312646  0.82458941374322536  0.83087505798637040
  0.83741995963996230  0.84421112108623175  0.85123287400372871  0.85866219038553615
  0.86659862673272703  0.87500901947011578  0.88434389719041073  0.89469209863302035
  0.90688397177521607  0.92233901698137577  0.94578316993820832  1.00000000000000000
   4.5726775055996186E-004  -1.0000000000000000     
 F F F F F F F F F F F F F F F F T T T T T T T T T T T T T T T T T T T T T T T T T T T T T T T T F F F F F F F F F F F F F F F F F F F F F F F F F F F F F F F F T T T T T T T T T T T T T T T T T T T T T T T T T T T T T T T T F F F F F F F F F F F F F F F F
  <DiscreteSampler_grid>
  grouped_processes
  1 # 1 for a reference and 2 for a running grid.
  10 # Attribute 'min_bin_probing_points' of the grid.
  1 # Attribute 'grid_mode' of the grid. 1=='default',2=='initialization'
  0.0000000000000000 # Attribute 'small_contrib_threshold' of the grid.
  0.5000000000000000 # Attribute 'damping_power' of the grid.
 # binID   n_entries weight   weight_sqr   abs_weight
    31   10   9.399837292497340E+007   2.266924651862721E+016   9.399837292497340E+007
    32   10   9.399837292497338E+007   2.266924651862719E+016   9.399837292497338E+007
    34   10   9.399837292497341E+003   2.266924651862722E+008   9.399837292497341E+003
    35   10   9.399837292497336E+003   2.266924651862718E+008   9.399837292497336E+003
    37   10   9.399837292497341E+003   2.266924651862722E+008   9.399837292497341E+003
    38   10   9.399837292497336E+003   2.266924651862718E+008   9.399837292497336E+003
    40   10   9.399837292497340E+007   2.266924651862721E+016   9.399837292497340E+007
    41   10   9.399837292497338E+007   2.266924651862719E+016   9.399837292497338E+007
    43   10   9.399837292497341E+007   2.266924651862721E+016   9.399837292497341E+007
    44   10   9.399837292497338E+007   2.266924651862718E+016   9.399837292497338E+007
    46   10   9.399837292497341E+003   2.266924651862722E+008   9.399837292497341E+003
    47   10   9.399837292497336E+003   2.266924651862718E+008   9.399837292497336E+003
    49   10   9.399837292497341E+003   2.266924651862722E+008   9.399837292497341E+003
    50   10   9.399837292497336E+003   2.266924651862718E+008   9.399837292497336E+003
    52   10   9.399837292497341E+007   2.266924651862721E+016   9.399837292497341E+007
    53   10   9.399837292497338E+007   2.266924651862718E+016   9.399837292497338E+007
  </DiscreteSampler_grid>
