  0.00921893276027443  0.01533048790196293  0.02399494995121778  0.03475746568129867
  0.04505615893841537  0.05521036079649788  0.06534792073611548  0.07542709969127702
  0.08550210759552297  0.09578367711891796  0.10611319335343193  0.11653809787494611
  0.12689140180594688  0.13712175173672525  0.14721240057239160  0.15717244149680232
  0.16717027012692412  0.17751600035866222  0.18801438861513278  0.19880819700969904
  0.20950835855245276  0.22021691069995772  0.23092740096162281  0.24146812460677711
  0.25184889917737557  0.26212640036106910  0.27237356350938141  0.28277333411795169
  0.29308345229346267  0.30344004812229453  0.31373763565955515  0.32402024726361855
  0.33431245281058541  0.34467832949489224  0.35491493440303856  0.36550883691050368
  0.37598778972730051  0.38658241653568653  0.39710766504084721  0.40753236095879353
  0.41799067166435350  0.42850159838688234  0.43891606255888105  0.44947340218027054
  0.45988957415937165  0.47044248787231507  0.48107844862904009  0.49154477753748915
  0.50208430309404317  0.51274719585165451  0.52338508209334589  0.53407926023213959
  0.54458474081236707  0.55504748168608609  0.56559244028914768  0.57606898457501032
  0.58663530765895722  0.59700651451176323  0.60728268151001807  0.61764816692409485
  0.62792289582626848  0.63839340613501228  0.64879723008878309  0.65942420614257369
  0.66988849649954374  0.68032335837368396  0.69080827013124046  0.70135284317520774
  0.71197470630138293  0.72244530552681863  0.73288974716530297  0.74346162836493879
  0.75426430963391011  0.76508753523540596  0.77560917546070340  0.78590922280024111
  0.79631481690608141  0.80682309876852754  0.81757175546798988  0.82824108416686060
  0.83895118521478484  0.84968571192729436  0.86038116476197390  0.87102095535090451
  0.88147851476951200  0.89193295937387196  0.90220500957485450  0.91245223906093254
  0.92290142133584663  0.93364381694458176  0.94441435885980030  0.95519696129725429
  0.96591838221406223  0.97687861032174594  0.98818975384007723  1.00000000000000000
  0.00744484163175063  0.01495630629669402  0.02548184765198936  0.03703734925420034
  0.04814703788379850  0.05899201338298619  0.06982213558056018  0.08054119758475956
  0.09126226345340356  0.10197198546239523  0.11287879172689787  0.12374950166748672
  0.13434353076769057  0.14480784283367076  0.15530084686952261  0.16571709286533351
  0.17598931904957890  0.18622564869305128  0.19659436792979595  0.20713481952000193
  0.21780937335688738  0.22862294965355881  0.23941078008239397  0.25026322895950520
  0.26115729382185621  0.27200596459070381  0.28252710049143809  0.29299097862424878
  0.30338396736648682  0.31386960328286756  0.32424321455902333  0.33467173200166705
  0.34505970662683633  0.35542646580333770  0.36582071440670100  0.37625041694196198
  0.38669395697396614  0.39709318922452336  0.40758920831159845  0.41821346479687471
  0.42890917534907691  0.43951910254824417  0.45011182110926162  0.46077960966792786
  0.47144662186710629  0.48215890276566509  0.49301701654588603  0.50391297414635883
  0.51471401497452873  0.52536380303528663  0.53599744612334466  0.54656411954453310
  0.55698936900292950  0.56732240495368214  0.57759707629261470  0.58785563445698985
  0.59811572316385397  0.60843799835535584  0.61886132104898772  0.62938607178166561
  0.63989667390944627  0.65027586366771095  0.66060694867586622  0.67099430621815659
  0.68148881886147261  0.69208570255336743  0.70271258622714472  0.71328197815702632
  0.72377154358888252  0.73435173929110853  0.74494984034792222  0.75544510636263273
  0.76585252295944173  0.77626482874704550  0.78662425966540250  0.79684768247362414
  0.80700301323416279  0.81709744450150457  0.82712925591799713  0.83736558406639050
  0.84758522095184352  0.85779553895851124  0.86782377618859619  0.87800939066324424
  0.88836410341564798  0.89884388150814831  0.90938682320545328  0.91997192533746663
  0.93042834324428314  0.94081152517157307  0.95127737915260502  0.96170278468300807
  0.97182250994820252  0.98191247702711937  0.99180752191343091  1.00000000000000000
 -0.00240372068409450  0.00957539004399362  0.01947650162961959  0.02977896851002633
  0.03992457339769016  0.05015443073974623  0.06071065495812429  0.07151617679681591
  0.08237642482282788  0.09308754695220393  0.10372435168692255  0.11424197618345534
  0.12460630855326370  0.13494727250416277  0.14535022318531782  0.15590135749221820
  0.16655527655850944  0.17716855968529782  0.18803756843335501  0.19904390963367044
  0.20995136358523092  0.22055096466482757  0.23098353337752497  0.24157546197089455
  0.25205435327597214  0.26263234156718018  0.27333027995850151  0.28424482883185265
  0.29491190800734157  0.30539618196706680  0.31595186096531991  0.32660763501384349
  0.33728828299438962  0.34774659043120393  0.35813156877140384  0.36850222212092748
  0.37894586744868575  0.38953332506898919  0.40013435468884145  0.41082998656192382
  0.42134161062919029  0.43186212038748195  0.44240074191176842  0.45287992159257640
  0.46340274376396262  0.47382555743745147  0.48435280228780719  0.49496118527214805
  0.50565535774783354  0.51637750323017728  0.52712971981896417  0.53773981802747961
  0.54836054150717251  0.55881789600954657  0.56938509074381582  0.57995292061856729
  0.59032332352771799  0.60072990052329600  0.61128203232711797  0.62194856052540959
  0.63246704043708168  0.64301529995034556  0.65361546167300855  0.66416475353109483
  0.67437191293155441  0.68464081839258595  0.69486968359076051  0.70505281093640226
  0.71525593972120816  0.72566076350163344  0.73603546377718776  0.74650806079109622
  0.75685698460003237  0.76743758628720127  0.77778608107144198  0.78815800937824321
  0.79848441331062836  0.80911854686130824  0.81983977417249820  0.83059062084891722
  0.84123463907493512  0.85173686605949805  0.86217901330750790  0.87260395577868965
  0.88310308675321980  0.89353581449681974  0.90400933631564484  0.91462976218625602
  0.92557232920325572  0.93630409894785982  0.94691646131650908  0.95738881503625495
  0.96802560375608937  0.97872118727115121  0.98936709749997676  1.00000000000000000
 -0.00253875271254676  0.00943104847505684  0.01954392164687499  0.02994587117942953
  0.04044689737208296  0.05078043482261166  0.06097600204001247  0.07117306156411737
  0.08147539337221624  0.09212725709401827  0.10273746708482748  0.11334499018902372
  0.12388465243276232  0.13432279072124109  0.14497670021117770  0.15552349890595563
  0.16604475974730176  0.17639410299709857  0.18666071276049329  0.19712524312052138
  0.20767657928149699  0.21842070329979690  0.22923215367381644  0.23995652326156347
  0.25074217270631194  0.26111329748086148  0.27158653345157924  0.28199279013005030
  0.29242753265138299  0.30287601400675385  0.31339302637529787  0.32412182909277631
  0.33496707041822427  0.34582649629985251  0.35663174774817580  0.36727440832514124
  0.37789460260805724  0.38864404234196176  0.39942695651618676  0.41022189047404090
  0.42084647793117735  0.43149954495028109  0.44199802044949810  0.45238592528748495
  0.46284306982816625  0.47338989155451949  0.48404789082240179  0.49453265325558754
  0.50489537212849922  0.51529448146420742  0.52586760760524220  0.53642017473541048
  0.54699443876012932  0.55743424241906481  0.56788995834062006  0.57826299744006060
  0.58868479976523858  0.59918287118884239  0.60957422370322700  0.61986108524515982
  0.63014830747897654  0.64042209271635453  0.65088567743226611  0.66126663674933994
  0.67170315598938890  0.68199317007977933  0.69255514338675794  0.70326676458118831
  0.71402967788285210  0.72484404803369229  0.73542156862625374  0.74586839113528236
  0.75634927945888153  0.76683108916861431  0.77725426845501422  0.78740917805201027
  0.79788357412955635  0.80839555607406444  0.81889996514557883  0.82931845215846878
  0.84008696318287523  0.85103653601845464  0.86180652990830764  0.87238975288857112
  0.88280924603195188  0.89336108590115126  0.90378030943250198  0.91430986927595037
  0.92484676944756783  0.93535196698829792  0.94600869360415030  0.95654752206882909
  0.96738382025707670  0.97810527945402514  0.98911713456679640  1.00000000000000000
 -0.00242332473104502  0.00939379408754319  0.01949940242483565  0.02986288330281072
  0.04026541769611663  0.05084549260127347  0.06144977795730255  0.07213354537688621
  0.08280177746024474  0.09363194589487200  0.10423808412273221  0.11452928783254358
  0.12492452415383209  0.13562786125385004  0.14638281962994817  0.15683506752987370
  0.16730703012582182  0.17782268028169732  0.18832410776372124  0.19870398220902064
  0.20915966321714663  0.21975827458136393  0.23026854822341558  0.24067221067618003
  0.25112127364082282  0.26189944415104172  0.27260224145487966  0.28340805006544961
  0.29415544394819676  0.30503680610969353  0.31582057598587809  0.32647079336764573
  0.33721430934635926  0.34802175220423059  0.35863373797659720  0.36903983990813810
  0.37939636451063918  0.38975353534995744  0.40014353814068143  0.41052152155056060
  0.42093814987610884  0.43150519112794800  0.44192150566516492  0.45252213196504715
  0.46303071769180987  0.47365496482600078  0.48432053536387676  0.49521827889762859
  0.50610334884372099  0.51699876223969010  0.52762058172615911  0.53825470332392145
  0.54872500008458702  0.55901071019180848  0.56938959714326387  0.57978010672320357
  0.59033523556387624  0.60104078304515474  0.61188219010793987  0.62287351936534685
  0.63360301680987219  0.64424833117515001  0.65483762242115695  0.66542589933254115
  0.67603463211919368  0.68655568414376966  0.69703086734250896  0.70760627006154198
  0.71799926822903004  0.72846513512686950  0.73894154564977821  0.74954792557850514
  0.75999120379997132  0.77038221815846708  0.78062235092549248  0.79102722137057113
  0.80144301024823106  0.81182831750782658  0.82235661427063567  0.83262482669329285
  0.84319321528167579  0.85368716412245227  0.86437558724514174  0.87504464689456063
  0.88541924021905183  0.89584597588418913  0.90615774907067825  0.91656015656373713
  0.92675667996271904  0.93679753724497994  0.94682765510099698  0.95695414675782875
  0.96756193755137043  0.97824747004527113  0.98909633274153508  1.00000000000000000
 -0.00228221144948858  0.00924320176506974  0.01906382669942666  0.02939419815327669
  0.03971561847503635  0.05024929293395410  0.06092482571059860  0.07158355696397019
  0.08221381284516489  0.09277000273462034  0.10338465792254364  0.11405267939192920
  0.12468817784235285  0.13528520629148141  0.14584454311745268  0.15633472205919252
  0.16690490089797047  0.17730402615221166  0.18766470787561837  0.19786151778666791
  0.20817793845561583  0.21873644796135311  0.22935873429479972  0.24010232406211501
  0.25072743765006966  0.26125292214550633  0.27175680169502597  0.28234519820819343
  0.29308346505600841  0.30374985761070489  0.31432135310724552  0.32469803937684089
  0.33516352227548274  0.34571300963576440  0.35641867559247975  0.36732249595226163
  0.37833945058762736  0.38936344886429891  0.40017519483781494  0.41083554457337595
  0.42146889723333780  0.43210049051410160  0.44275631744899691  0.45348435419644645
  0.46396797396108502  0.47437662844438733  0.48492773951630763  0.49552272541058723
  0.50626652895662649  0.51689513740548898  0.52768375227711650  0.53856543825532932
  0.54940009056573302  0.56023772573310826  0.57083453962484987  0.58125123005731205
  0.59152284463757776  0.60180859937473075  0.61221034820495113  0.62269752780590693
  0.63336760774995238  0.64409389484954715  0.65467833208997339  0.66507304647395871
  0.67557980277281471  0.68599834379010560  0.69648672315086835  0.70688182653531362
  0.71745308658839646  0.72801113760331615  0.73849118122745971  0.74892744984082438
  0.75927271910286520  0.76968792522111307  0.78002034769710227  0.79035798810061464
  0.80040909677559169  0.81054777358781371  0.82101621218319820  0.83165064213401196
  0.84204351841499092  0.85234573850660611  0.86273654582064474  0.87332369945052424
  0.88363653675567100  0.89381164262486235  0.90401070564673069  0.91435644331620491
  0.92497527759425924  0.93556457063487730  0.94623656121712563  0.95682447629698275
  0.96779338944813120  0.97856625884147397  0.98933478589822832  1.00000000000000000
 -0.00258144685618582  0.00954341491833575  0.01998149062233687  0.03072249040350033
  0.04154567911835844  0.05240353248298080  0.06313465377014865  0.07357773883546927
  0.08399358129012792  0.09426076058126480  0.10455106348607554  0.11486016697664850
  0.12527662801944708  0.13562826332260564  0.14586899735573183  0.15619017661025394
  0.16659964421564930  0.17711191123902625  0.18749684620127821  0.19787487752422489
  0.20821291764200411  0.21882658935531976  0.22933575180143917  0.24000443593961282
  0.25069168139943476  0.26137013926103009  0.27197702173916583  0.28247144433947735
  0.29303408307829742  0.30351113893841947  0.31403976939736611  0.32449862827125436
  0.33492087515865449  0.34530032161645341  0.35572270220184005  0.36641707982451499
  0.37707924973658363  0.38774649835206976  0.39838327007870694  0.40907108913025181
  0.41971306343683251  0.43012868112299985  0.44060139611031940  0.45125601581781555
  0.46200028412184235  0.47252368430841973  0.48282108361540038  0.49310337473335991
  0.50368657411739559  0.51447413823255450  0.52527046283134160  0.53584822784460273
  0.54638709417722742  0.55686265364552079  0.56734366353548049  0.57783900856367076
  0.58849531480003114  0.59920815531332883  0.60987004572519943  0.62050001715484882
  0.63101881693436579  0.64152962732290664  0.65223750023218174  0.66299725278449262
  0.67363338965040664  0.68409087738389729  0.69454865800935983  0.70514628007403612
  0.71584148284357796  0.72639025141982727  0.73691648607672855  0.74746533260881298
  0.75806329934927008  0.76863522656851613  0.77922432906561612  0.78969834041418729
  0.80017779887881113  0.81076176399393818  0.82132134215716979  0.83190438979927972
  0.84227648770676855  0.85266468370924253  0.86291516485378206  0.87323156834613014
  0.88361900510096414  0.89407661005098782  0.90453824955818563  0.91500519575001049
  0.92547600493514104  0.93593583423091398  0.94678414506243047  0.95756098786323218
  0.96827167590663188  0.97882505375428164  0.98946964171611118  1.00000000000000000
 -0.00262092134120629  0.01005310903559177  0.02038877401788297  0.03093812762012428
  0.04137319678761800  0.05180639811031522  0.06213746530913924  0.07252334335638598
  0.08273707436785424  0.09335074340255059  0.10388914028054685  0.11479989657360595
  0.12569048390902485  0.13688026024845093  0.14798417103927258  0.15872012815110750
  0.16925801880380073  0.17964986977893799  0.18995839955498253  0.20015620687601784
  0.21071593202923700  0.22159441468340674  0.23245196170661131  0.24309193775039145
  0.25363066817567576  0.26431064183140890  0.27484288460016376  0.28534668716580225
  0.29574103681355896  0.30620380899230404  0.31674776651088626  0.32734276986951460
  0.33788819769152784  0.34841662602988416  0.35909653564991773  0.36989927305259945
  0.38046474652821705  0.39089075852008903  0.40144609298122869  0.41229194370837141
  0.42308183083915091  0.43370331399149481  0.44428232623976638  0.45485500122383593
  0.46531418250728845  0.47585071686788166  0.48633456716409090  0.49681677945679265
  0.50713625243111937  0.51746878421860476  0.52796548041965918  0.53869962520534664
  0.54942590638729361  0.56010754457206946  0.57058601955402510  0.58111099887655715
  0.59159484664062267  0.60207020118607379  0.61234034329720410  0.62252094576741845
  0.63287853688198126  0.64347845544963511  0.65398068107529961  0.66439981984094398
  0.67477025626519438  0.68514619887615080  0.69569026945924606  0.70607623137038977
  0.71671335489766341  0.72713963942797111  0.73778074743043864  0.74843758897629664
  0.75898072617399770  0.76960436636576046  0.77990374572563248  0.79020837847058334
  0.80057822072690821  0.81106412449308696  0.82160463882836565  0.83210573925509890
  0.84276816134247212  0.85336926787617007  0.86393608672680988  0.87448172833359983
  0.88493861062870427  0.89531909327887038  0.90572648504394904  0.91616707543917031
  0.92647961773717136  0.93676749660098324  0.94711537204967544  0.95774388018399770
  0.96829828405266505  0.97892787295601424  0.98942602646681388  1.00000000000000000
  0.00927182561345018  0.01550897046175483  0.02489519719144071  0.03568861895349478
  0.04599082758974628  0.05625419062185524  0.06657901982649708  0.07678040689507384
  0.08718335795940188  0.09753469235490712  0.10784893617247568  0.11817110228095624
  0.12849976321408649  0.13904022526015744  0.14956015925025509  0.16010657034636511
  0.17060764156896177  0.18101190355968932  0.19144008923428671  0.20181355214909313
  0.21212598084200041  0.22231826953274098  0.23254613841982763  0.24288138556229535
  0.25324312088479017  0.26354639912540689  0.27382875366875692  0.28398022879545887
  0.29427109127259521  0.30458196825482148  0.31481209786391334  0.32516522368348089
  0.33554587661566315  0.34616304618956895  0.35675234487131874  0.36722713377129329
  0.37788491268750563  0.38856385138433980  0.39931508053916231  0.40994041133864129
  0.42045314279501672  0.43081828900005065  0.44117200773416931  0.45157845718822809
  0.46201763742802254  0.47247569730004024  0.48296167244213972  0.49355552440776573
  0.50426252225689761  0.51507865374450124  0.52606465720132178  0.53710095379652523
  0.54782150990820644  0.55832979421338336  0.56871455766919032  0.57899815016263467
  0.58929891818252989  0.59960051988383800  0.61014482134255821  0.62085237967812634
  0.63133252729663170  0.64173170133816393  0.65215949368422799  0.66254677388068139
  0.67283820796374272  0.68294431609526585  0.69310168731186494  0.70325439620026509
  0.71328924553833162  0.72317581101087725  0.73311943155428283  0.74324755051641400
  0.75351333697579048  0.76385453450114682  0.77411851418030364  0.78443925702892103
  0.79462408339206214  0.80481362130454048  0.81500719195684390  0.82521537019096314
  0.83534219713318458  0.84546375787898986  0.85570383829384278  0.86608854067258301
  0.87654506034191326  0.88706039829733152  0.89755839363808954  0.90789941841550159
  0.91840954005918629  0.92904940547053427  0.93959660781144860  0.94989922918676972
  0.96018807853118004  0.97061037627674918  0.98098719305487136  1.00000000000000000
 -0.01762926117951979  0.12011339147257646  0.18256853111865173  0.22786596606855616
  0.25843940441681446  0.28139925421041373  0.30056244240086982  0.31719159512504064
  0.33219447169349109  0.34544204742736911  0.35791930259689975  0.36942301755276158
  0.38037593782805940  0.39065767972638110  0.40044271886021099  0.40974620198201417
  0.41871258605417733  0.42734978425702502  0.43571799690493007  0.44378397683035259
  0.45155592446860104  0.45912349265394686  0.46644545455987119  0.47359534110813711
  0.48061438924414479  0.48739377212582602  0.49410384198657414  0.50069025607756523
  0.50711325224261272  0.51341297036668498  0.51962309322673506  0.52566905279162601
  0.53158117780310898  0.53744252782018154  0.54319285764624592  0.54886635278938845
  0.55450565823541320  0.56010585730208640  0.56563439589391162  0.57108367037663943
  0.57647350351286197  0.58180703293101776  0.58706521948509527  0.59226786490418559
  0.59742618339502840  0.60255167114486807  0.60763268907209178  0.61268075417399348
  0.61769468335415845  0.62267081139190184  0.62760265813994609  0.63250146709700605
  0.63739191337878109  0.64228674664722329  0.64717674409301418  0.65202815436284201
  0.65688071808319415  0.66171365792455794  0.66653016634502016  0.67133191611825282
  0.67614423927299805  0.68096405937955118  0.68580141437309905  0.69067262920324235
  0.69555521425261191  0.70045717409043773  0.70537592372870550  0.71033016967762752
  0.71533760000440350  0.72037233571697867  0.72544276976765620  0.73057491937060803
  0.73578284882121103  0.74104091745256229  0.74632139479784287  0.75167222970124770
  0.75718215252982568  0.76277733519339286  0.76847323672618506  0.77434513779377945
  0.78042396932186520  0.78658485331624717  0.79294429021231949  0.79964110533676913
  0.80651369724174093  0.81373963718463482  0.82136802483219928  0.82937797614126751
  0.83803343085537252  0.84738462912159063  0.85783694951196621  0.86954146452341607
  0.88362640046863028  0.90152991165390350  0.93060233114815105  1.00000000000000000
   2.4900357895774397E-039  -1.0000000000000000     
 F F F F F F F F F F F F F F F F T T T T T T T T T T T T T T T T T T T T T T T T T T T T T T T T F F F F F F F F F F F F F F F F F F F F F F F F F F F F F F F F T T T T T T T T T T T T T T T T T T T T T T T T T T T T T T T T F F F F F F F F F F F F F F F F
  <DiscreteSampler_grid>
  grouped_processes
  1 # 1 for a reference and 2 for a running grid.
  10 # Attribute 'min_bin_probing_points' of the grid.
  1 # Attribute 'grid_mode' of the grid. 1=='default',2=='initialization'
  0.0000000000000000 # Attribute 'small_contrib_threshold' of the grid.
  0.5000000000000000 # Attribute 'damping_power' of the grid.
 # binID   n_entries weight   weight_sqr   abs_weight
    31   10   1.004546506268029E-025   2.685438368117801E-050   1.004546506268029E-025
    32   10   1.004546506268029E-025   2.685438368117802E-050   1.004546506268029E-025
    34   10   1.004546506268028E-029   2.685438368117800E-058   1.004546506268028E-029
    35   10   1.004546506268029E-029   2.685438368117801E-058   1.004546506268029E-029
    37   10   1.004546506268028E-029   2.685438368117800E-058   1.004546506268028E-029
    38   10   1.004546506268029E-029   2.685438368117801E-058   1.004546506268029E-029
    40   10   1.004546506268029E-025   2.685438368117801E-050   1.004546506268029E-025
    41   10   1.004546506268029E-025   2.685438368117802E-050   1.004546506268029E-025
    43   10   1.004546506268029E-025   2.685438368117802E-050   1.004546506268029E-025
    44   10   1.004546506268029E-025   2.685438368117802E-050   1.004546506268029E-025
    46   10   1.004546506268028E-029   2.685438368117800E-058   1.004546506268028E-029
    47   10   1.004546506268029E-029   2.685438368117800E-058   1.004546506268029E-029
    49   10   1.004546506268028E-029   2.685438368117800E-058   1.004546506268028E-029
    50   10   1.004546506268029E-029   2.685438368117800E-058   1.004546506268029E-029
    52   10   1.004546506268029E-025   2.685438368117802E-050   1.004546506268029E-025
    53   10   1.004546506268029E-025   2.685438368117802E-050   1.004546506268029E-025
  </DiscreteSampler_grid>
