  0.00191291938762843  0.01227222124717758  0.02376349581305210  0.03429477075196544
  0.04460195257655878  0.05476330054796227  0.06491250024764639  0.07497887601061241
  0.08502304263623320  0.09518733726373632  0.10536189486309727  0.11553622498976814
  0.12569469950572013  0.13588079536511088  0.14598491681183040  0.15591836799348210
  0.16573642168782446  0.17570110306171219  0.18565253681655272  0.19554587573126161
  0.20545081830813736  0.21550137933790414  0.22566099899683945  0.23578145313400700
  0.24592723009929579  0.25616907872853617  0.26634706104384548  0.27646361469688224
  0.28649353957475610  0.29646333814791420  0.30640264780773657  0.31648865960161304
  0.32670001480781474  0.33681683306466398  0.34717672800972338  0.35756339524764608
  0.36808854957862269  0.37828346152579989  0.38844330691346474  0.39860010523455319
  0.40869611285927959  0.41866527994964964  0.42867927476849815  0.43877248763585769
  0.44904240317602306  0.45916204160745477  0.46926476834471609  0.47934037795742385
  0.48954120568453668  0.49967559821159641  0.50994700363538170  0.52009581437449648
  0.53045432871581666  0.54080038739518521  0.55107878997887760  0.56131330141529634
  0.57145780762176679  0.58169246817617903  0.59184166409503314  0.60196882580175670
  0.61218310525532782  0.62233575944606756  0.63256324494741556  0.64278096186664946
  0.65308620791439864  0.66334457153443072  0.67355667678461106  0.68371073420719719
  0.69388230062884837  0.70409293648588811  0.71437741858691517  0.72462689407193781
  0.73484011882540323  0.74509541487389175  0.75540895862866453  0.76577984571988034
  0.77615923378277674  0.78651080441653243  0.79684500326286345  0.80713182725178600
  0.81740176562179045  0.82761181976115161  0.83785764176090594  0.84818745623503689
  0.85861745174983217  0.86907417792245345  0.87953683831069474  0.89004882129762197
  0.90066798036238116  0.91141052846454484  0.92234631923152766  0.93360375209054280
  0.94529026948044526  0.95793105189722993  0.97446311855961032  1.00000000000000000
  0.00148989946003100  0.01392643093219451  0.02666183497156687  0.03802912850377915
  0.04903668422969611  0.05964827171467137  0.07001704852702016  0.08016770584592599
  0.09027590260743906  0.10034412592885840  0.11038371354785452  0.12042261717172635
  0.13052107065456958  0.14053981910542540  0.15058188621893165  0.16069818880012537
  0.17090233674357067  0.18110942532834223  0.19128515017182418  0.20146444579970824
  0.21157933320024949  0.22169125362935616  0.23181762095087621  0.24204887252880736
  0.25244844759271934  0.26266679962225620  0.27293599842310973  0.28303015320427144
  0.29323881276145713  0.30349503265174099  0.31383100558560345  0.32417169848394051
  0.33455088816497547  0.34485938801835797  0.35513340358992335  0.36538793718094220
  0.37571593541924658  0.38600004099527740  0.39623333083359014  0.40627893976465956
  0.41641551816695793  0.42662745543462133  0.43691797603943083  0.44728975402027688
  0.45756467946548612  0.46808788945577295  0.47862668722774204  0.48915528094264094
  0.49966120046969326  0.50995620265887454  0.52032798688940651  0.53058714261246243
  0.54079742355020699  0.55093891212989909  0.56104657364535460  0.57119146609421456
  0.58144756497537287  0.59175961757373663  0.60203124460839763  0.61211386433537218
  0.62219710262657935  0.63241275875777758  0.64265747666359907  0.65293006784958707
  0.66326311737304533  0.67369650915206081  0.68418293718780265  0.69472045596656218
  0.70525220027791546  0.71563733445951039  0.72599390969175814  0.73645478273576592
  0.74691545899378542  0.75716767583735067  0.76729357901151296  0.77747113872802742
  0.78773028072088214  0.79798967141682320  0.80827615096755201  0.81877963578608715
  0.82942631187307803  0.84002439818094321  0.85055630156597029  0.86112552387224117
  0.87184337333786111  0.88264346567484930  0.89339215873400923  0.90409266785998632
  0.91484853968133817  0.92573062431109010  0.93672743580639939  0.94787783191793229
  0.95941946881492501  0.97179117903695811  0.98458753033242619  1.00000000000000000
 -0.00253454324736078  0.00970645948631459  0.01982740829866270  0.03048190150773592
  0.04095249898520850  0.05157149335243965  0.06209829936392493  0.07285300406107312
  0.08354179875893981  0.09428264655416181  0.10512855031511724  0.11596488999944128
  0.12669226430485869  0.13734569117729961  0.14799337104902122  0.15845241340966448
  0.16891272945898117  0.17932636857012374  0.18972692164371482  0.19996605505966394
  0.21015685711501647  0.22052011259258131  0.23094085775663997  0.24139575975377101
  0.25168205998968296  0.26200768749657738  0.27233689411062217  0.28275723662654501
  0.29314728842003956  0.30350760012268929  0.31398059869238598  0.32459173763503957
  0.33527197282443943  0.34602118737498416  0.35679755398461732  0.36745381488833184
  0.37796959192968560  0.38839782989223820  0.39887094387507510  0.40943257219114626
  0.41995769249604720  0.43056793195599741  0.44126398847535309  0.45204198284164770
  0.46262340791853163  0.47295651483273954  0.48325858986702758  0.49372310498192007
  0.50417910548761646  0.51469811582905634  0.52541663418538875  0.53620759210366675
  0.54680651450629658  0.55720178898193939  0.56764048022732239  0.57828711412212752
  0.58889056361718661  0.59956726017837414  0.61010477163788179  0.62061417314572132
  0.63106271203858466  0.64154463433888942  0.65217280520729815  0.66289828704747311
  0.67356481268257318  0.68415386851108784  0.69458782133015551  0.70509616891743199
  0.71555777753067562  0.72607324909496107  0.73653605230272656  0.74705636272692266
  0.75766589905686488  0.76814802352880629  0.77862102921111176  0.78909025432397573
  0.79958785854515269  0.81004702092446812  0.82051048094304591  0.83108038141984664
  0.84161227417654916  0.85202284052896216  0.86250988294709463  0.87302140402620698
  0.88348942968143052  0.89412547423843136  0.90489974774100523  0.91572682848244802
  0.92614987804618287  0.93656570269691719  0.94720345798773598  0.95793260368503996
  0.96847964817648713  0.97892198230313976  0.98945647044360652  1.00000000000000000
 -0.00240063240694722  0.00936052093845954  0.01926849226078749  0.02960786909047958
  0.04000894047799836  0.05056467503528278  0.06116240427143778  0.07167139537367669
  0.08234388345627108  0.09291724927721055  0.10343871455846912  0.11384773251047618
  0.12430190178578954  0.13477162431197084  0.14510350016634271  0.15552896098553723
  0.16589899252819579  0.17664655882925492  0.18728328652801046  0.19788628102041303
  0.20833322894834769  0.21896458425968832  0.22969232754756819  0.24033474243389735
  0.25091417224836560  0.26171705104640736  0.27240047173478654  0.28298280058562114
  0.29349332142526552  0.30405566083250857  0.31458257869570272  0.32497458657278017
  0.33537300093133326  0.34591352250804763  0.35656827049789958  0.36710579379595787
  0.37772244138989514  0.38838896890228214  0.39907034787902051  0.40964195410121862
  0.42010439194291571  0.43074984750047496  0.44142870530726946  0.45216034422076540
  0.46295155343381617  0.47356665306904439  0.48408696629555148  0.49445905842309862
  0.50487476549999322  0.51521792122299326  0.52562014567880522  0.53597531235196105
  0.54647310738130717  0.55696994361125285  0.56742844540461412  0.57788600721579386
  0.58844154284004579  0.59910224333153361  0.60984443706457658  0.62038046323002871
  0.63093973581206442  0.64131100760967752  0.65183461891245054  0.66234740621331034
  0.67297232506252014  0.68356153604974235  0.69419081365035462  0.70481291167894100
  0.71541701106358946  0.72593422899631643  0.73641366751513981  0.74678874094659653
  0.75713728365084765  0.76751385925661098  0.77798226700863871  0.78841598350375419
  0.79882296412411469  0.80935451089290167  0.81993297258820907  0.83043555606758568
  0.84086851049998212  0.85141362023062439  0.86211600686786016  0.87276732401627832
  0.88340668774560327  0.89397963829859017  0.90446548714931352  0.91491097368399865
  0.92544639638972226  0.93607360351687685  0.94676233932666987  0.95755421962031373
  0.96828235622790149  0.97903123235301170  0.98950547118709131  1.00000000000000000
 -0.00243422139501859  0.00940718744458521  0.01929538626566677  0.02993408004677022
  0.04038939709486734  0.05105507051177279  0.06151690923974894  0.07219696488315805
  0.08280594702953550  0.09340273609570307  0.10383786441045213  0.11438173442725623
  0.12490167450107011  0.13558435345357678  0.14634104870570841  0.15691881532338861
  0.16749056280865990  0.17764817341173236  0.18806253093540398  0.19839556023449090
  0.20868645893591678  0.21916001489368322  0.22952697474408343  0.24023145744034377
  0.25095795003795707  0.26151600388334661  0.27229651037459768  0.28275851351048181
  0.29326742171255632  0.30370037013507789  0.31403639506592057  0.32441370798125863
  0.33474235154450421  0.34504007158264305  0.35536539400443129  0.36580136425246873
  0.37627563847442314  0.38684214752612778  0.39733431658252194  0.40793108165874187
  0.41848418558181788  0.42903445356566755  0.43973804871411981  0.45060673517635402
  0.46136696840256508  0.47189159459958191  0.48245720915898072  0.49306221759164331
  0.50369434923668122  0.51424455693384752  0.52493453711452331  0.53570738167635557
  0.54663279994368619  0.55742536326504377  0.56810845947395794  0.57853604555862237
  0.58913208536005846  0.59973541482014658  0.61037642096202038  0.62090941586411241
  0.63153345466166733  0.64216090239878765  0.65297254420805617  0.66369444726638616
  0.67432104463200893  0.68499844596926507  0.69562348298082977  0.70633315239210870
  0.71681915735730051  0.72737420225805172  0.73796582273680000  0.74855849474419900
  0.75903938251176939  0.76932132708315248  0.77962849967164516  0.78999464644484352
  0.80064230425265748  0.81130934767413998  0.82195768961034921  0.83261304175320217
  0.84328997390017912  0.85383621944748922  0.86416648300825172  0.87430819475355193
  0.88473999378359791  0.89515823102476910  0.90577372671578205  0.91629596465695773
  0.92680215136684096  0.93726812005832250  0.94774080976291397  0.95825647263289182
  0.96878946836597002  0.97912294661873489  0.98955683481986190  1.00000000000000000
 -0.00242070051669242  0.00951840113825663  0.01953372267077324  0.03003812312426225
  0.04036369647267223  0.05074350635039032  0.06113041256979202  0.07170751540049546
  0.08231476849907395  0.09283019378915949  0.10318936974583100  0.11370074212265370
  0.12426621598621240  0.13470121507209348  0.14500796728995166  0.15528923152569460
  0.16565620033228973  0.17582501262152539  0.18584414111768127  0.19605747743617336
  0.20624726875516639  0.21653897291776636  0.22673313260408234  0.23712053657116600
  0.24760043426894329  0.25810480276156311  0.26863462547985079  0.27899463642614108
  0.28936199667012436  0.29980502662577874  0.31036209521761998  0.32087245573620221
  0.33131453670276484  0.34201117231361633  0.35281004229609042  0.36380224347799778
  0.37478585860797070  0.38563983524478690  0.39642112649292416  0.40717372594381701
  0.41789862142027645  0.42839950561898932  0.43885338393418910  0.44941218434150826
  0.46003656892076783  0.47071460178919966  0.48141550937548339  0.49224737274569191
  0.50291956066370780  0.51342003742250553  0.52381824003338584  0.53418174205209557
  0.54460539623821647  0.55506864247973142  0.56562360740075113  0.57614969102376945
  0.58657606080567670  0.59716208970237383  0.60788560455953267  0.61872271524430722
  0.62940003284067170  0.63996759508966250  0.65054245456823045  0.66110650192469722
  0.67184562133088022  0.68256738734973821  0.69318513692133388  0.70357518538865216
  0.71396494143388500  0.72439961660818575  0.73490027899468968  0.74534018305576244
  0.75580234227176657  0.76638841369007615  0.77694474287213044  0.78752692528049439
  0.79805177174687381  0.80847959025315475  0.81893615727901847  0.82930796281886288
  0.83983144014337363  0.85044915649854180  0.86120430138427528  0.87207326671097063
  0.88296426960228791  0.89380458051460898  0.90457807503514220  0.91534748207675543
  0.92613547333055424  0.93691454402413954  0.94749939195646371  0.95807215675164659
  0.96858146529574385  0.97907572485088745  0.98952503194140140  1.00000000000000000
 -0.00219093228975466  0.00946920025176974  0.01930237149619621  0.02951443513220297
  0.03977330355430156  0.05018488064578943  0.06049763048922578  0.07078457930355038
  0.08113693373631910  0.09157227314997669  0.10192886488451920  0.11241563410947068
  0.12285450574822609  0.13359000645713834  0.14405900524003479  0.15452438141497402
  0.16484914389252595  0.17530047445803054  0.18599715539055162  0.19673382413172583
  0.20760911347976019  0.21822690543160081  0.22873872644665916  0.23910050107512235
  0.24955688496454856  0.26025380024606964  0.27083663431912780  0.28151961494042166
  0.29207636286448241  0.30278130474998299  0.31335704804446868  0.32386536973178964
  0.33443963219175132  0.34526855967503012  0.35604826856111937  0.36667921735542441
  0.37746561509107518  0.38837828800653523  0.39916318248980048  0.40970013123043952
  0.42029858138940418  0.43108490159479945  0.44193416069410507  0.45275295671970173
  0.46364460460509088  0.47434953153187825  0.48502442394258116  0.49552718206299434
  0.50612704324702418  0.51670269554864212  0.52720050852999989  0.53776534084912819
  0.54827607823565316  0.55886649175241099  0.56921009187956828  0.57959316964101604
  0.58995695543768700  0.60037968312241163  0.61076982108756128  0.62112575640196677
  0.63158088432061477  0.64199683532525942  0.65254203353726137  0.66302282275465729
  0.67357688707334196  0.68402035324952737  0.69454407950581287  0.70509552477632331
  0.71566118033403436  0.72620254876168844  0.73665071516527081  0.74695812188985866
  0.75736720666010504  0.76775174838154980  0.77828205691025532  0.78872240053304843
  0.79927654031945283  0.80990460634620964  0.82053982241530521  0.83118794175390731
  0.84167493131816440  0.85213740891793843  0.86242148306267319  0.87271834311116658
  0.88304230956956442  0.89348392604141369  0.90415298106365050  0.91475346947284752
  0.92552875991386030  0.93630565632557683  0.94708993105561068  0.95784528668051716
  0.96844387454785430  0.97903747721513867  0.98954249795837135  1.00000000000000000
 -0.00252036803881801  0.00959668018890081  0.01984116168940663  0.03026135740968181
  0.04081610758105064  0.05150811939421415  0.06220790697725626  0.07276959044833488
  0.08339609578107808  0.09412935575576051  0.10486910757676207  0.11539226218124050
  0.12594824717361208  0.13656272404387781  0.14723934891848592  0.15783520956810182
  0.16841694188546327  0.17888021818088798  0.18942958490123757  0.19987999101732271
  0.21033089622287510  0.22065646754518775  0.23109684529313873  0.24167848735844008
  0.25233282181003625  0.26301205051985616  0.27363933289122966  0.28407222790357134
  0.29450054379522544  0.30484959488785024  0.31530799338558568  0.32555244700367664
  0.33577899460890304  0.34610644840673183  0.35653592680620733  0.36709983950018632
  0.37763784456168148  0.38817767928007541  0.39859804700296397  0.40894722706585551
  0.41934924811790675  0.42982741971445176  0.44044647032873296  0.45110183404312060
  0.46169512649842431  0.47228060032635266  0.48277630172405950  0.49331256613718594
  0.50373813600830031  0.51420574403106301  0.52456008942531807  0.53499417655420434
  0.54539800778441005  0.55598667704228222  0.56651674848853173  0.57713689417547687
  0.58764903474474017  0.59813651138943802  0.60861423385856273  0.61917237660542090
  0.62975528428296856  0.64027649735737113  0.65065765330948278  0.66109805630107299
  0.67141731661574822  0.68197089974140546  0.69243093757044416  0.70318536364948625
  0.71401658834057558  0.72509131222386158  0.73606552574751727  0.74708294438156808
  0.75792111184739996  0.76864689347591175  0.77902979754225699  0.78948620357194133
  0.80007583175592878  0.81058640202408727  0.82130650779957648  0.83192117331236082
  0.84246433398613241  0.85283619706070180  0.86321454339222436  0.87365234735676789
  0.88403265692294519  0.89432602074950729  0.90472828467115562  0.91521814952656100
  0.92598160907654181  0.93671482847007159  0.94735319544359209  0.95810434310431913
  0.96872658207921780  0.97934785730905027  0.98965396556217800  1.00000000000000000
 -0.00180262216543389  0.01326603645568943  0.02571762884119462  0.03691066662664827
  0.04792821613947384  0.05864501027761908  0.06929845081052002  0.07979554157738991
  0.09028831148730243  0.10071501463054931  0.11117601325836014  0.12153702231845562
  0.13180855211330778  0.14193522443405290  0.15207285463851672  0.16236387635577276
  0.17274039799417196  0.18298361453154743  0.19315237873318020  0.20334162778111259
  0.21356296325243757  0.22393404338755496  0.23437654670001787  0.24514048586425288
  0.25573549743010421  0.26625730809508197  0.27670166803491397  0.28705278060713518
  0.29738987202091349  0.30759907147994175  0.31785652116886165  0.32821106574118453
  0.33852017507356885  0.34886067618589423  0.35929548171491366  0.36996853531298363
  0.38058704509998204  0.39114695275323569  0.40160299330903931  0.41208368205294504
  0.42260563576393656  0.43308563765361613  0.44343183002838349  0.45357226918687671
  0.46369549865126058  0.47395449084338054  0.48430034437692393  0.49476155791084769
  0.50534046985035741  0.51601386985199249  0.52667719013551162  0.53721606315814041
  0.54763758267091811  0.55796385140231441  0.56829072010533721  0.57858892007655904
  0.58913211221925010  0.59981535887615312  0.61053645315458638  0.62107360600228101
  0.63165544969640375  0.64220177053512317  0.65271120408533834  0.66306608832685110
  0.67335436609640509  0.68360243520940545  0.69391691179513360  0.70434597588351711
  0.71482125274584729  0.72539274387835473  0.73587838067058442  0.74636931545616381
  0.75676548839086155  0.76720220659690008  0.77755813978790933  0.78793491265254689
  0.79838928421766275  0.80902899374075921  0.81957702029359514  0.83011420391763113
  0.84070607455937352  0.85147757560548398  0.86236725267652425  0.87319612872187491
  0.88393620997273270  0.89463947726199944  0.90523021995662367  0.91590579905785785
  0.92658576996041886  0.93733461458148226  0.94779855393214685  0.95818445533926488
  0.96855050033189083  0.97900867092639698  0.98948747087985300  1.00000000000000000
 -0.01975700813492439  0.12353194972131004  0.16833361902218882  0.19740700323442287
  0.22124355274994240  0.24161601479727435  0.25970692657727823  0.27617868704573367
  0.29153408623016508  0.30593437630766057  0.31944425804043741  0.33221225937125159
  0.34433234665627771  0.35600570648766516  0.36724812426484854  0.37818852191451990
  0.38872844434933002  0.39900451768496981  0.40891472304675730  0.41862326744106831
  0.42802959960951698  0.43728022237823783  0.44629672761744588  0.45511407999084058
  0.46374270257273770  0.47219927163652448  0.48054689235773257  0.48866811769685153
  0.49665600426454587  0.50447004361444581  0.51214262374261033  0.51975552118106261
  0.52719985319350227  0.53457138380129032  0.54186431611095398  0.54905402676561021
  0.55616155762010655  0.56318078799465454  0.57005815088485934  0.57685073819469157
  0.58354557971870114  0.59010908916589122  0.59659280055620989  0.60302337196478739
  0.60937001387762391  0.61565218111456066  0.62189340513798674  0.62806161877885769
  0.63414402686922533  0.64019379222481909  0.64618865357222866  0.65209329696398111
  0.65796336875870076  0.66378290900539894  0.66953127217865682  0.67521539492482208
  0.68085775963760553  0.68646776514691565  0.69203706479380112  0.69756888901009162
  0.70309802099390972  0.70861472990664998  0.71407058850582272  0.71947398000158214
  0.72485970409341038  0.73022791132335019  0.73558816672532212  0.74094789696225449
  0.74631520001535501  0.75170045454760048  0.75710826052179558  0.76252881029892661
  0.76795081221299499  0.77340952280457365  0.77886134724927802  0.78434525317146886
  0.78986482867893837  0.79546430191348605  0.80115348889965954  0.80693317691565314
  0.81283145444160310  0.81887666366800549  0.82503164196347445  0.83128550502428245
  0.83781317671675681  0.84457323958891206  0.85157122595465340  0.85893474795882174
  0.86683528338871607  0.87518213161403413  0.88453543595953921  0.89483558311724321
  0.90696197021577063  0.92227259707762965  0.94567492223398719  1.00000000000000000
   1.1487968386811725E-005  -1.0000000000000000     
 F F F F F F F F F F F F F F F F T T T T T T T T T T T T T T T T T T T T T T T T T T T T T T T T F F F F F F F F F F F F F F F F F F F F F F F F F F F F F F F F T T T T T T T T T T T T T T T T T T T T T T T T T T T T T T T T F F F F F F F F F F F F F F F F
  <DiscreteSampler_grid>
  grouped_processes
  1 # 1 for a reference and 2 for a running grid.
  10 # Attribute 'min_bin_probing_points' of the grid.
  1 # Attribute 'grid_mode' of the grid. 1=='default',2=='initialization'
  0.0000000000000000 # Attribute 'small_contrib_threshold' of the grid.
  0.5000000000000000 # Attribute 'damping_power' of the grid.
 # binID   n_entries weight   weight_sqr   abs_weight
    31   10   6.266031670870534E+005   9.845694205969883E+011   6.266031670870534E+005
    32   10   6.266031670870524E+005   9.845694205969834E+011   6.266031670870524E+005
    34   10   6.266031670870537E+001   9.845694205969892E+003   6.266031670870537E+001
    35   10   6.266031670870526E+001   9.845694205969839E+003   6.266031670870526E+001
    37   10   6.266031670870537E+001   9.845694205969892E+003   6.266031670870537E+001
    38   10   6.266031670870526E+001   9.845694205969839E+003   6.266031670870526E+001
    40   10   6.266031670870534E+005   9.845694205969883E+011   6.266031670870534E+005
    41   10   6.266031670870524E+005   9.845694205969834E+011   6.266031670870524E+005
    43   10   6.266031670870535E+005   9.845694205969883E+011   6.266031670870535E+005
    44   10   6.266031670870524E+005   9.845694205969832E+011   6.266031670870524E+005
    46   10   6.266031670870535E+001   9.845694205969889E+003   6.266031670870535E+001
    47   10   6.266031670870526E+001   9.845694205969839E+003   6.266031670870526E+001
    49   10   6.266031670870535E+001   9.845694205969889E+003   6.266031670870535E+001
    50   10   6.266031670870526E+001   9.845694205969839E+003   6.266031670870526E+001
    52   10   6.266031670870535E+005   9.845694205969883E+011   6.266031670870535E+005
    53   10   6.266031670870524E+005   9.845694205969832E+011   6.266031670870524E+005
  </DiscreteSampler_grid>
