 -0.00252292302417045  0.00946520097516786  0.01965534851890802  0.03037009049263428
  0.04118109800450748  0.05184235848828325  0.06248732433448150  0.07317275478457327
  0.08384907136502071  0.09431593279207728  0.10473266646053896  0.11515178978644781
  0.12573806801206522  0.13639286902334999  0.14696490431633757  0.15760577407903051
  0.16814613900325431  0.17890625700738649  0.18960920712483939  0.20035836969070828
  0.21097624540206161  0.22149881149057751  0.23195556528760816  0.24255440898352268
  0.25300865603042322  0.26358066378619993  0.27405012260934108  0.28463524913682875
  0.29517917942536764  0.30573347593034766  0.31642762813093395  0.32712052965836397
  0.33783912006821842  0.34856584903494142  0.35916265835621469  0.36965362962541620
  0.38004641094477298  0.39043869316882190  0.40086352566618799  0.41132317749960134
  0.42179832799432804  0.43218903208054055  0.44268755149853695  0.45328070559651823
  0.46400707292071491  0.47456122947966289  0.48511118521513008  0.49555498404291226
  0.50601497803767548  0.51653903923365097  0.52714103586758443  0.53767670428640535
  0.54807906199071499  0.55839856622485451  0.56866661656162598  0.57901724004811173
  0.58932970127223805  0.59981261161406219  0.61027643634730433  0.62087765469203227
  0.63139113297040739  0.64200822511666811  0.65256860986330534  0.66313768253097183
  0.67379675372707060  0.68442090067374572  0.69500837893811573  0.70546748290108563
  0.71610506830360254  0.72679781676159239  0.73760897029875605  0.74829527048471911
  0.75893417068799551  0.76942935137414004  0.77992024378414471  0.79057925249370076
  0.80114349958448139  0.81173867334042615  0.82222290489693128  0.83272780622138298
  0.84318921170647021  0.85355477053144646  0.86384802153279350  0.87409255654001528
  0.88446914204805338  0.89499480282367350  0.90556390777838336  0.91612130072926246
  0.92681543171509517  0.93737285164995876  0.94780615197652318  0.95819849620215591
  0.96874325509063086  0.97930054173063286  0.98966286633137879  1.00000000000000000
 -0.00244746386701787  0.00941057622827600  0.01949512366319266  0.03010902369198438
  0.04072697227485424  0.05146071557812455  0.06219906392405283  0.07301150089429198
  0.08385670474683213  0.09427968772318965  0.10460569947106281  0.11503462795524505
  0.12554218010812962  0.13609644517919131  0.14656230218237060  0.15710361537024606
  0.16741470258067800  0.17761618444084717  0.18796420197764102  0.19833882370840811
  0.20874892821940008  0.21913465394121057  0.22945573848289680  0.23995793858388637
  0.25038231664604571  0.26091130259814860  0.27142337282633505  0.28229803286466010
  0.29310469267774464  0.30367676129424009  0.31421372990193475  0.32491039248819770
  0.33562931994087503  0.34621551025763903  0.35692708976583987  0.36766500001791685
  0.37833107813159522  0.38885980786755364  0.39928509099891019  0.40978575529602274
  0.42032384651294807  0.43108834086669684  0.44160877758833883  0.45193707227798208
  0.46232711787587949  0.47286727413777663  0.48330060205172931  0.49338158917091146
  0.50341045482345148  0.51371105297210562  0.52410326460163936  0.53460694587287638
  0.54498972772447574  0.55536354617272621  0.56587744521614736  0.57655559830857850
  0.58723293635363327  0.59780476842940089  0.60841864908349441  0.61904043254336227
  0.62958105379180529  0.63989849268752308  0.65027610104899936  0.66060768786051660
  0.67097671941669823  0.68143988649766840  0.69191372751859115  0.70249251572208427
  0.71324457005296871  0.72421726600510306  0.73516375220133245  0.74603954562045782
  0.75687808295908021  0.76752176824714424  0.77810268336913058  0.78848278970179719
  0.79887796788889531  0.80923876086373669  0.81970284840123375  0.83025539286082672
  0.84062323847831200  0.85111254048917617  0.86174181350155521  0.87240654192428846
  0.88290056492384561  0.89327480983260854  0.90379007938211087  0.91434441618793694
  0.92490849716120282  0.93554831784887360  0.94637348358487750  0.95729803339673425
  0.96811065471734326  0.97878746386174731  0.98944754245083300  1.00000000000000000
  0.00188636661093867  0.01126591782566109  0.02234541032181965  0.03288932371347673
  0.04342777713024230  0.05380798381389654  0.06412463057756426  0.07438307958088589
  0.08470952521170425  0.09516670735665349  0.10565949246532018  0.11628735643414650
  0.12676892792333283  0.13724896863673314  0.14754017859725843  0.15813166761238531
  0.16874287635629909  0.17923601735665257  0.18964631288723929  0.20020930509351270
  0.21070954932311409  0.22114165947993802  0.23151315999941111  0.24215077800317589
  0.25260351933216019  0.26308350414231046  0.27353064296216006  0.28420393475757194
  0.29492707914586841  0.30574126721782829  0.31652039843143948  0.32708084620821332
  0.33773050154547540  0.34835032895891455  0.35900188303574804  0.36943251702642066
  0.37985750275880847  0.39016995671469201  0.40046091766055714  0.41061749432813738
  0.42081630135166320  0.43093949821906158  0.44098825728363772  0.45123942871585693
  0.46165021319937810  0.47229347643952635  0.48285771721749304  0.49340289155114386
  0.50386850574469533  0.51439734840382956  0.52490962736004931  0.53562791985019231
  0.54630172046445569  0.55706861853524947  0.56777653495311220  0.57833101055742331
  0.58892855995301852  0.59946374168137673  0.61011622363467755  0.62067027926753182
  0.63131671678751999  0.64188653861297218  0.65263441790911147  0.66343243551745679
  0.67409199487125748  0.68462881565772105  0.69527745477081038  0.70609002458526549
  0.71672647473273876  0.72724520241261081  0.73783680709988575  0.74852698923110850
  0.75910152950302145  0.76970950027178175  0.78044149065985080  0.79116144801323751
  0.80155123415962570  0.81193921981130268  0.82256358449088307  0.83316686375039173
  0.84357509864196001  0.85384648722515655  0.86402032104001059  0.87409689345623864
  0.88429933154592077  0.89463944574322440  0.90497953902410289  0.91535553654399093
  0.92575188396481933  0.93623823966868136  0.94649885930716593  0.95667356175601648
  0.96699547763109484  0.97745230961496599  0.98855297762288086  1.00000000000000000
 -0.01972660314546327  0.12272304672420437  0.16797415741150112  0.19717065618107887
  0.22115638520866474  0.24159401084321153  0.25974352658481359  0.27623822031488549
  0.29155700361236842  0.30591279174882013  0.31942551908838057  0.33225484472508243
  0.34447266499882540  0.35621630493408596  0.36749061706510372  0.37842054401753861
  0.38896296763145599  0.39920793788068404  0.40910809473000465  0.41878736368410180
  0.42818133704503708  0.43739244479763517  0.44637411714670738  0.45519090221937791
  0.46381392224483231  0.47225297873608718  0.48056607592671557  0.48866725108890680
  0.49667261828298537  0.50450367778767435  0.51217930383627919  0.51979234882771630
  0.52721910801136118  0.53457204815478288  0.54182541164304820  0.54896347656065636
  0.55602692163957612  0.56298799855750870  0.56982398933634260  0.57657660549145306
  0.58325308010099841  0.58982362261711618  0.59631110145948274  0.60273839150726516
  0.60907665408521738  0.61534902092931121  0.62158045750278768  0.62773154719937885
  0.63379939795199347  0.63981765045278294  0.64578413554581982  0.65163832427402146
  0.65746125531616606  0.66326942789685583  0.66902140818285261  0.67471642092868978
  0.68037150202687724  0.68598626048846467  0.69155035192079184  0.69707018150432709
  0.70258084406864618  0.70808138510738383  0.71354198684215553  0.71897513971293880
  0.72438497950120628  0.72977951361421134  0.73516244312451373  0.74054495057773262
  0.74592996791332955  0.75131696339714971  0.75670922930420503  0.76210578051836975
  0.76750891722099468  0.77293332435018425  0.77843340094174807  0.78395628968420128
  0.78953037766696410  0.79518354147702086  0.80091488734380223  0.80671722483682606
  0.81261173424163413  0.81864662771864705  0.82481038060471945  0.83107671127399330
  0.83760105625928616  0.84435154862961570  0.85131840507041268  0.85869539442932541
  0.86659051454565372  0.87492940338856529  0.88421416924650142  0.89450916502352174
  0.90668627602212992  0.92210619355590628  0.94565414173785267  1.00000000000000000
   6.2335289373543950E-003  -1.0000000000000000     
 F T T F F T T F
  <DiscreteSampler_grid>
  grouped_processes
  1 # 1 for a reference and 2 for a running grid.
  10 # Attribute 'min_bin_probing_points' of the grid.
  1 # Attribute 'grid_mode' of the grid. 1=='default',2=='initialization'
  0.0000000000000000 # Attribute 'small_contrib_threshold' of the grid.
  0.5000000000000000 # Attribute 'damping_power' of the grid.
 # binID   n_entries weight   weight_sqr   abs_weight
    31   10   7.387849295343698E+010   7.571413667213033E+021   7.387849295343698E+010
    32   10   7.387849295343698E+010   7.571413667213033E+021   7.387849295343698E+010
    34   10   7.387849295343699E+006   7.571413667213036E+013   7.387849295343699E+006
    35   10   7.387849295343699E+006   7.571413667213036E+013   7.387849295343699E+006
    37   10   7.387849295343699E+006   7.571413667213036E+013   7.387849295343699E+006
    38   10   7.387849295343699E+006   7.571413667213036E+013   7.387849295343699E+006
    40   10   7.387849295343698E+010   7.571413667213033E+021   7.387849295343698E+010
    41   10   7.387849295343698E+010   7.571413667213033E+021   7.387849295343698E+010
    43   10   7.387849295343698E+010   7.571413667213033E+021   7.387849295343698E+010
    44   10   7.387849295343698E+010   7.571413667213033E+021   7.387849295343698E+010
    46   10   7.387849295343699E+006   7.571413667213036E+013   7.387849295343699E+006
    47   10   7.387849295343699E+006   7.571413667213036E+013   7.387849295343699E+006
    49   10   7.387849295343699E+006   7.571413667213036E+013   7.387849295343699E+006
    50   10   7.387849295343699E+006   7.571413667213036E+013   7.387849295343699E+006
    52   10   7.387849295343698E+010   7.571413667213033E+021   7.387849295343698E+010
    53   10   7.387849295343698E+010   7.571413667213033E+021   7.387849295343698E+010
  </DiscreteSampler_grid>
