  0.00190073893093575  0.01210315670872010  0.02349046289850987  0.03411284556066316
  0.04449830129789113  0.05467176566769481  0.06473381462095540  0.07468644966353258
  0.08468228151685696  0.09465902887012126  0.10475675205470562  0.11496598918886795
  0.12526497385219568  0.13559581767140724  0.14582919600916261  0.15603922374906004
  0.16624357002821519  0.17650163117406908  0.18682078113608444  0.19705456567769888
  0.20721618657404128  0.21732261914976711  0.22745966830597417  0.23754488880700128
  0.24763905650347889  0.25766951874553029  0.26772482220657823  0.27774669311110795
  0.28779603499084061  0.29790603957757306  0.30803161457584105  0.31819459949991341
  0.32832945103497219  0.33848977958332849  0.34859503982118534  0.35866812701324752
  0.36880029139976850  0.37900499728041048  0.38922922022712769  0.39946892861210953
  0.40970870716870167  0.41989449041890919  0.42998565946316991  0.44016107567970864
  0.45046337260747649  0.46069972288761502  0.47075012603085115  0.48082397980421238
  0.49094171360836586  0.50108260161212148  0.51125736689793810  0.52150380932870188
  0.53173170987615870  0.54183464082446808  0.55194513266760703  0.56213747290857263
  0.57232728321508464  0.58245966307795316  0.59267923914394227  0.60292095512062305
  0.61317500806139247  0.62338397037319537  0.63355203776304225  0.64371075166746061
  0.65389362148768004  0.66416400610197257  0.67439248244649919  0.68459556713528991
  0.69486228527755189  0.70520674254616222  0.71550865780726447  0.72573374897239229
  0.73603134416190241  0.74636739539260155  0.75666123077846514  0.76687230288480213
  0.77707497724518426  0.78729191504888618  0.79752762136478172  0.80775286668696855
  0.81801505212776826  0.82837553010005149  0.83884071062422882  0.84934219265503197
  0.85979946914941319  0.87027625267185293  0.88086924993188553  0.89151890538383660
  0.90221493582930345  0.91296665905433072  0.92381976863216331  0.93478843606835837
  0.94600453748352742  0.95818965521547805  0.97437724625049471  1.00000000000000000
  0.00162802063015034  0.01373909647213717  0.02634226480848421  0.03771182102068774
  0.04877693448391364  0.05956171383127347  0.07014993623974547  0.08049201425740038
  0.09078925302482189  0.10102144983234851  0.11120888175540435  0.12137685152701280
  0.13163049412886993  0.14204934729296073  0.15234635697297177  0.16260758376585116
  0.17283504783306386  0.18325615222327671  0.19354552835355976  0.20387516284199017
  0.21411681133816904  0.22451365307387100  0.23474575712930329  0.24498733912756246
  0.25523337600146545  0.26542513331723250  0.27552671020556163  0.28552809845017102
  0.29556677390555880  0.30557026837803886  0.31554394012885406  0.32550974036161584
  0.33553397165862187  0.34575560064976280  0.35602591507004278  0.36634020557002367
  0.37667221787109317  0.38696646405359314  0.39732476283133944  0.40760464463613749
  0.41792296027783205  0.42815640956192513  0.43836621182843266  0.44845530912286630
  0.45857048264796796  0.46864803874271704  0.47876002000253720  0.48884328799292165
  0.49899274125091975  0.50937366195695755  0.51970005319522694  0.52990701219020786
  0.53996961819174982  0.55021325574843805  0.56051028269245629  0.57086651826584656
  0.58119697908825163  0.59159233753351959  0.60205299181726657  0.61248262817216714
  0.62290206240771384  0.63331635417927978  0.64362449868653770  0.65386859036570111
  0.66410468075803553  0.67437404716404048  0.68467919827062051  0.69501926828996352
  0.70537480277453057  0.71575995338373422  0.72605626657035816  0.73636254403492418
  0.74673671441059764  0.75711586014195231  0.76743074377348419  0.77763007222184344
  0.78766854455825686  0.79781121618061746  0.80788521251666301  0.81809180520133384
  0.82841787343943440  0.83883053971290378  0.84931907026314213  0.85967710052562574
  0.86999805199213631  0.88041334823962292  0.89094042533738682  0.90163500235167571
  0.91244301922254734  0.92360171282709813  0.93504838107958865  0.94677478858282815
  0.95883318708640575  0.97167771166186967  0.98535625290765294  1.00000000000000000
 -0.00249804687745573  0.00944052632175520  0.01950621470184604  0.03005282993375719
  0.04063282088535814  0.05117156359133280  0.06183485821338520  0.07265696091134095
  0.08324419661474887  0.09377515309126219  0.10425559803275862  0.11501653195996843
  0.12576553320916739  0.13656851186279872  0.14726553288264280  0.15775359665542849
  0.16830478175941579  0.17899640821375068  0.18962704801266694  0.20018117508790950
  0.21063412479273269  0.22120770339285747  0.23170742070177272  0.24225101278081046
  0.25285638049986287  0.26358569870817372  0.27423740858152396  0.28484244010477827
  0.29546726839810800  0.30607913258484670  0.31680622411979514  0.32752786852347765
  0.33810084698970344  0.34862553719843664  0.35908544996801534  0.36960603376252094
  0.38011850974372102  0.39073326533709413  0.40134731888822944  0.41193362363995611
  0.42246743250001523  0.43303757573797780  0.44351026841134472  0.45386595495387294
  0.46429212909753143  0.47468118457043573  0.48528719369609186  0.49594947031786352
  0.50672838828730415  0.51750059774055912  0.52809104709326460  0.53867473365526319
  0.54901252182029447  0.55942730927354056  0.56971138789970821  0.58006355449954883
  0.59040341707596555  0.60074852252099353  0.61101130275063376  0.62130308664399403
  0.63175276303064765  0.64236068915963074  0.65299121602617960  0.66351084678933636
  0.67397590200999391  0.68440206606622755  0.69474717204169101  0.70505196963819872
  0.71550834200861535  0.72621871521721015  0.73692363283972984  0.74747817319764831
  0.75794742756478195  0.76833720896470192  0.77874731389849150  0.78911390124555347
  0.79958426447108488  0.81005877730199982  0.82041272198779591  0.83091322429300085
  0.84134379212220889  0.85183398494094587  0.86224113525208379  0.87271916626915780
  0.88312672985588048  0.89347686135338189  0.90393175085125210  0.91451597689990416
  0.92528616119647100  0.93595727287820474  0.94662383085209045  0.95717639898639517
  0.96784524771399094  0.97852880007061904  0.98928874110628984  1.00000000000000000
 -0.00244627494480472  0.00947753623148365  0.01959338043158854  0.02995680565251486
  0.04029256989572606  0.05073424770415958  0.06108109610613809  0.07162884782371134
  0.08209375034334120  0.09271340233078448  0.10322159967520955  0.11376227793009677
  0.12437673438514142  0.13504817602703367  0.14578779203368114  0.15653188676208904
  0.16727293773800947  0.17795471204739224  0.18866374390643775  0.19944812562184661
  0.21035956032432818  0.22125044037154074  0.23200533823460681  0.24256818593435256
  0.25310265446127339  0.26364833365263418  0.27412044274263103  0.28455024534776907
  0.29492681910268193  0.30542909229387105  0.31606679502461282  0.32668572150141528
  0.33722492247170938  0.34759453076377861  0.35798392447536781  0.36839904612554969
  0.37883916252089883  0.38934091207776428  0.39976710094127099  0.41025126542815293
  0.42071348892655969  0.43130292972962703  0.44203066060756735  0.45274450460357285
  0.46343371898113972  0.47409366320451357  0.48473188273271089  0.49518041963832338
  0.50542976658364203  0.51573177684426108  0.52613717770832413  0.53663136277372603
  0.54706999989105942  0.55745313952598985  0.56794918253076332  0.57843738936421041
  0.58896510531253810  0.59946193624824529  0.61004043100310346  0.62072794850584379
  0.63128772867632610  0.64188367062836726  0.65235565633941073  0.66284746442650599
  0.67331124712412060  0.68380224294938974  0.69431689254411577  0.70485868596931434
  0.71541529057017317  0.72583842465680759  0.73608681469339643  0.74635139494397684
  0.75674015264882988  0.76720202202147714  0.77768919065122699  0.78819784922850600
  0.79892024801737638  0.80952485010899500  0.82023229491857930  0.83079783097241100
  0.84126154876955184  0.85168626906443723  0.86222796204603736  0.87285512324101000
  0.88346110280049139  0.89400266161698339  0.90480545559679237  0.91561223593172081
  0.92617699416970611  0.93681425893156023  0.94720408892053964  0.95769666779443618
  0.96827141240404169  0.97882931909389570  0.98946547206196422  1.00000000000000000
 -0.00254237152521398  0.00981428163001647  0.01996355737749003  0.03029367334194002
  0.04060872292688774  0.05115633085109971  0.06170146833239425  0.07222181054814455
  0.08269717019949289  0.09339273440497269  0.10402787046859642  0.11468792635450901
  0.12529040219840931  0.13588056627088410  0.14643582734329316  0.15700080426810012
  0.16761647598682516  0.17815702557623869  0.18883603858189071  0.19950970272224455
  0.21018297844761394  0.22073342754811073  0.23136815876418901  0.24199826930109042
  0.25256753413397448  0.26312324652543240  0.27357021943950705  0.28390020362410628
  0.29413158359747343  0.30440112988428686  0.31476255492676741  0.32517515020608601
  0.33555908491411096  0.34603837291190653  0.35644217464949479  0.36681563006139833
  0.37721561807622800  0.38786750090530087  0.39854485892484293  0.40896135424860358
  0.41934787824388337  0.42987554282649360  0.44048731048469419  0.45111638038062263
  0.46175296242419733  0.47253588293437565  0.48311222518773561  0.49364516620260229
  0.50413366933493364  0.51482697045861070  0.52570601255408023  0.53670708397809630
  0.54757893058160356  0.55841553810446543  0.56896464994004081  0.57950368142917019
  0.58999271310224810  0.60056119851225997  0.61115746477676469  0.62163824288720348
  0.63200109616951738  0.64234040296395245  0.65277042289571141  0.66321722174982345
  0.67352406884858973  0.68385876550607583  0.69424197967951273  0.70488193968597912
  0.71538345560385075  0.72591532902836953  0.73623594894778133  0.74648296754688503
  0.75673502592991404  0.76715076606745203  0.77765111903317508  0.78827009260273639
  0.79888565117817967  0.80957391211969765  0.82012603665206496  0.83054826791467151
  0.84112990319029668  0.85177559211309517  0.86239256920260232  0.87293551898872757
  0.88355242634138842  0.89423536131000581  0.90484880073592233  0.91549805367214476
  0.92628100452482010  0.93686107509039374  0.94728708495818414  0.95781728682524181
  0.96839363253095789  0.97900862767366570  0.98942747497808603  1.00000000000000000
 -0.00245538332287778  0.00992557033052670  0.02011257778142770  0.03080317617949221
  0.04122083709744392  0.05172159663101518  0.06202063463337177  0.07249458410384996
  0.08312673656344308  0.09370184342682097  0.10435788031702042  0.11468923498477862
  0.12496691841102704  0.13528947030247121  0.14558259736062548  0.15607958206705724
  0.16667131805973928  0.17711551348292992  0.18766507860988202  0.19811666119511601
  0.20875889352474020  0.21958693800600515  0.23036139859795421  0.24094101253167297
  0.25145686827621244  0.26216771551987128  0.27285889595283169  0.28334955047193988
  0.29372896525815978  0.30432035352556086  0.31487315294287016  0.32544138424044444
  0.33603144166937837  0.34672488504851173  0.35744326745938931  0.36816002118098140
  0.37872647115732877  0.38902295086834304  0.39939977768776475  0.40976163541792870
  0.42024072706908366  0.43056154160004201  0.44114359984768120  0.45182488334723730
  0.46251628671261757  0.47312385131017065  0.48367033555429234  0.49416471906173332
  0.50469620362016143  0.51528906581513978  0.52581762595356052  0.53625626326361842
  0.54676863343785143  0.55739908035378738  0.56793818888217851  0.57824214784006489
  0.58857594336686814  0.59889499228153364  0.60934415720525459  0.61974685026695686
  0.63024923788493770  0.64081395158725862  0.65132341798172033  0.66178372294096588
  0.67229221808524953  0.68288194499228594  0.69345346176908429  0.70395859225429236
  0.71449835772306802  0.72500772475477926  0.73549772424365012  0.74588475568274271
  0.75657562532704958  0.76731655420483014  0.77811044568745147  0.78867111766934805
  0.79921327058145686  0.80998041644951080  0.82087500035852523  0.83186496569039026
  0.84255286942921204  0.85304249110373254  0.86338246988539435  0.87374832580478956
  0.88404197421136799  0.89428962711125226  0.90472530068941803  0.91523899853716417
  0.92581479236644393  0.93639411384535953  0.94713025727161082  0.95787532959934762
  0.96825185849619488  0.97872729941011671  0.98935403533883148  1.00000000000000000
 -0.00240381528186547  0.00930122948279985  0.01923091658822152  0.02963581960732148
  0.03997202578952507  0.05039651104358943  0.06079689236444556  0.07123666412049953
  0.08147546825013764  0.09195064768384301  0.10259747856830316  0.11331218929759766
  0.12403172789750351  0.13458816012416008  0.14526788033799062  0.15559318254845722
  0.16590848267319808  0.17632319994538054  0.18670504179119948  0.19710045638107346
  0.20736887399645829  0.21797185383871370  0.22867183581911432  0.23951556652269987
  0.25024032405176772  0.26093145152940889  0.27153986989172518  0.28202062322804933
  0.29247876376460968  0.30289545008176261  0.31334085656978045  0.32403951549645543
  0.33468508192599555  0.34527056232718945  0.35574622428087693  0.36641400935153479
  0.37700567140455976  0.38743880640796574  0.39790689788032352  0.40852218926115258
  0.41922841383205778  0.42969157582128892  0.44013828758888662  0.45025051720077852
  0.46043828394242514  0.47065932544940803  0.48100154157235053  0.49139134291259118
  0.50180305692878135  0.51246649516564946  0.52312313785307696  0.53371954122885701
  0.54454067333310607  0.55530614576582960  0.56580775571434339  0.57606792547621943
  0.58638003729932986  0.59698224164388969  0.60757406713001794  0.61821754954945340
  0.62886302431179997  0.63942080693187708  0.65014104168329390  0.66092088902913082
  0.67167642949779849  0.68239561202932186  0.69307416653230003  0.70391456948482056
  0.71463091126629319  0.72528737127067133  0.73590463016863794  0.74648670677664031
  0.75704987869346430  0.76761037652443787  0.77816552302422848  0.78858429390993023
  0.79891481137697085  0.80934043832145941  0.81992131531369483  0.83047602129059483
  0.84095791527984798  0.85140263279495598  0.86202688338701283  0.87263395908160291
  0.88325934163513531  0.89387647773588619  0.90461902206461553  0.91533510263614559
  0.92588696108762603  0.93640268083628564  0.94699534881107550  0.95768103654560988
  0.96844958976946682  0.97907451932791323  0.98962699774153950  1.00000000000000000
 -0.00247415038852432  0.00978876675385347  0.02035325804276033  0.03118855255125055
  0.04192451592622205  0.05272466711626664  0.06337227895361980  0.07387814440077078
  0.08428953310510860  0.09483529792305076  0.10533533046844119  0.11576489670802630
  0.12619778439656149  0.13692550977269635  0.14767300261189933  0.15840014600899588
  0.16904454529440441  0.17981469866938057  0.19053789837223903  0.20105954704489656
  0.21148137514024037  0.22196602789760314  0.23260288789740657  0.24324781768716466
  0.25388894527441103  0.26433750663292704  0.27483578065374092  0.28520385023828826
  0.29551562578423263  0.30583103808219358  0.31624536375978163  0.32669794126393997
  0.33714686813219302  0.34760599085025212  0.35814833686357000  0.36865262626188777
  0.37915297731564895  0.38964687463991809  0.40018710012475278  0.41065946960669930
  0.42117787705199455  0.43174905447517742  0.44222337849751425  0.45266652497955451
  0.46311200470559505  0.47383469930356437  0.48452190902256498  0.49523620124613371
  0.50581731780626760  0.51643213264975540  0.52697208587148736  0.53744126905075906
  0.54789492471312651  0.55837474375529139  0.56891674092682287  0.57959800369697445
  0.59009857434456603  0.60070161997291327  0.61115110092284897  0.62143161066152475
  0.63159738535785037  0.64171860805745407  0.65194722602310173  0.66236811493930925
  0.67284474508449765  0.68345737151307318  0.69399099626253646  0.70453265433650902
  0.71503272334374712  0.72558457869427850  0.73624486064643768  0.74679436975928348
  0.75737616825203213  0.76799461657426948  0.77858424813386451  0.78915124748378818
  0.79954835283398440  0.81012249418943250  0.82045546120085355  0.83088369119307870
  0.84136807468347952  0.85198577167827982  0.86240129914672514  0.87276406287788211
  0.88312025336118660  0.89360278378965929  0.90418008350204582  0.91504529755499464
  0.92589948360965080  0.93682213027008587  0.94732158899279306  0.95805217550832811
  0.96857183962591631  0.97917374491660547  0.98960978726607784  1.00000000000000000
 -0.00127457819363126  0.01282863958304235  0.02480150285522338  0.03570598379596534
  0.04641350274374093  0.05683131946291658  0.06742806423550071  0.07810631630659672
  0.08861235241778974  0.09887918428321482  0.10925685872225042  0.11980068043016913
  0.13038172210831919  0.14095656441040025  0.15154855391579650  0.16231608095737257
  0.17308199864918550  0.18390028840423495  0.19461376428898164  0.20518822391083025
  0.21565671107291418  0.22605313839784777  0.23641960271373968  0.24690197515665627
  0.25751753833914004  0.26819970844433055  0.27867328867259916  0.28904399212982984
  0.29944633084339334  0.31000876218541168  0.32074215726633648  0.33139861764625395
  0.34196897128559955  0.35244495355554772  0.36295476040394758  0.37349433957654654
  0.38401486386185241  0.39447561298686901  0.40495748124307518  0.41542059984377955
  0.42582764402338080  0.43619847930590183  0.44660956745025515  0.45705778367583966
  0.46761427397297889  0.47823094136770744  0.48895569514170967  0.49962545974345707
  0.51026407135803542  0.52091279794667489  0.53143334458329305  0.54187642417068660
  0.55228858841275674  0.56272614598406334  0.57320700256990276  0.58362179509573997
  0.59399113814081339  0.60429767746877516  0.61461626502313149  0.62498062295056089
  0.63536769253899072  0.64575224167697765  0.65615337920597916  0.66664233566714137
  0.67723218149708342  0.68777235709332696  0.69816530420696266  0.70846132699489894
  0.71883280161767515  0.72927693060892851  0.73975908221565922  0.75028357048267091
  0.76086653930313386  0.77136462825657170  0.78172658076214241  0.79199409672321375
  0.80232733207562923  0.81267423362523317  0.82320103693876401  0.83380169941717996
  0.84440526110635139  0.85486186976550549  0.86523319593955395  0.87566237766205213
  0.88595556332972714  0.89625202419254457  0.90650467492133491  0.91673195760782733
  0.92692602981034677  0.93714482803729160  0.94758228640828146  0.95792851071440377
  0.96824670771823940  0.97844949186299812  0.98911889563216571  1.00000000000000000
 -0.01920782220114342  0.12331161395777257  0.16829925531203113  0.19725624692462171
  0.22108351757164407  0.24153401532508137  0.25971392132774074  0.27632106616847379
  0.29166216223832692  0.30596849902118939  0.31943203266667158  0.33223220017610838
  0.34442029064966001  0.35613190093014763  0.36740354751047982  0.37832466689715860
  0.38888612165960179  0.39915907497680392  0.40908609601485124  0.41876443121113294
  0.42810334949123940  0.43722103409708657  0.44612191451515315  0.45491384420697756
  0.46359483512501576  0.47208974568568557  0.48045673854278909  0.48853448296734076
  0.49653505944950399  0.50437136772749025  0.51206874884832998  0.51970029332504752
  0.52716453813704689  0.53454668034741981  0.54180620049277273  0.54892278408336537
  0.55594804991680691  0.56287696561086775  0.56968970363149540  0.57645777004143617
  0.58316919292130476  0.58977182075221601  0.59627503645805846  0.60269777187497320
  0.60903666695422154  0.61530924838863554  0.62154551803812286  0.62772066312950026
  0.63383891055180352  0.63990397746921857  0.64593329889589401  0.65178368772853557
  0.65759172295038137  0.66336355506034062  0.66909875637649818  0.67479645647812314
  0.68046247929021109  0.68608354878664246  0.69164755337509587  0.69718256831048764
  0.70269853656856762  0.70822835311584020  0.71372601448847428  0.71919016221887022
  0.72462723085945546  0.73002943798829489  0.73541086696146485  0.74078367754968699
  0.74615538772068113  0.75153117597035402  0.75691517950873199  0.76230966019868462
  0.76771278786310082  0.77316086606265655  0.77869758896445662  0.78424493788447758
  0.78982619380661323  0.79547293755171877  0.80119657155317958  0.80699260993468203
  0.81289163071224391  0.81893406126356294  0.82509077784603613  0.83135261638425029
  0.83788017380726509  0.84462169131155462  0.85160122943078276  0.85899540003062824
  0.86691187800533431  0.87528005545856757  0.88457231606511177  0.89483802855849670
  0.90693959426549575  0.92231032171334448  0.94594478492307998  1.00000000000000000
   1.1519136649746898E-005  -1.0000000000000000     
 F F F F F F F F F F F F F F F F T T T T T T T T T T T T T T T T T T T T T T T T T T T T T T T T F F F F F F F F F F F F F F F F F F F F F F F F F F F F F F F F T T T T T T T T T T T T T T T T T T T T T T T T T T T T T T T T F F F F F F F F F F F F F F F F
  <DiscreteSampler_grid>
  grouped_processes
  1 # 1 for a reference and 2 for a running grid.
  10 # Attribute 'min_bin_probing_points' of the grid.
  1 # Attribute 'grid_mode' of the grid. 1=='default',2=='initialization'
  0.0000000000000000 # Attribute 'small_contrib_threshold' of the grid.
  0.5000000000000000 # Attribute 'damping_power' of the grid.
 # binID   n_entries weight   weight_sqr   abs_weight
    31   10   5.690725932633847E+005   8.198394320089209E+011   5.690725932633847E+005
    32   10   5.690725932633847E+005   8.198394320089227E+011   5.690725932633847E+005
    34   10   5.690725932633846E+001   8.198394320089210E+003   5.690725932633846E+001
    35   10   5.690725932633848E+001   8.198394320089226E+003   5.690725932633848E+001
    37   10   5.690725932633846E+001   8.198394320089210E+003   5.690725932633846E+001
    38   10   5.690725932633848E+001   8.198394320089226E+003   5.690725932633848E+001
    40   10   5.690725932633847E+005   8.198394320089209E+011   5.690725932633847E+005
    41   10   5.690725932633847E+005   8.198394320089227E+011   5.690725932633847E+005
    43   10   5.690725932633847E+005   8.198394320089210E+011   5.690725932633847E+005
    44   10   5.690725932633847E+005   8.198394320089226E+011   5.690725932633847E+005
    46   10   5.690725932633846E+001   8.198394320089214E+003   5.690725932633846E+001
    47   10   5.690725932633848E+001   8.198394320089226E+003   5.690725932633848E+001
    49   10   5.690725932633846E+001   8.198394320089214E+003   5.690725932633846E+001
    50   10   5.690725932633848E+001   8.198394320089226E+003   5.690725932633848E+001
    52   10   5.690725932633847E+005   8.198394320089210E+011   5.690725932633847E+005
    53   10   5.690725932633847E+005   8.198394320089226E+011   5.690725932633847E+005
  </DiscreteSampler_grid>
