  0.00752938140538891  0.01452604021575367  0.02409584256577238  0.03464953938494336
  0.04487132653909123  0.05508395988615734  0.06544124233873051  0.07599525343548888
  0.08653795438663685  0.09697339459021243  0.10739757461976027  0.11776083366131999
  0.12808005545701778  0.13831928915098934  0.14870899821015462  0.15929315644352093
  0.16983059150521285  0.18024455891785549  0.19065399270663869  0.20117607034827281
  0.21179249796556454  0.22233393700012216  0.23283496687877800  0.24332911157661863
  0.25390079378964875  0.26457251293410344  0.27520288522209130  0.28560440000008025
  0.29594096203257575  0.30631972128825197  0.31683073430979503  0.32735099166358300
  0.33787823118023902  0.34840701355930814  0.35884737721237858  0.36921118719929652
  0.37961911490387990  0.39002945786818377  0.40046979029649354  0.41084835950695631
  0.42128631015215801  0.43170037864026028  0.44207355238875634  0.45236913500310399
  0.46264901861776647  0.47300105424864786  0.48330463969940202  0.49360695376200153
  0.50391053925941776  0.51437463971343467  0.52483339021752995  0.53527742246791710
  0.54566348715227830  0.55610939695067707  0.56655297027490326  0.57694542430782036
  0.58733838204391975  0.59763458748056419  0.60783644855620200  0.61808394184694571
  0.62842684982080743  0.63901779149152549  0.64945378927767683  0.65985990087496615
  0.67019641012730691  0.68058751411936513  0.69095959488057845  0.70137857182384311
  0.71182900983228148  0.72232757363418942  0.73272934460443406  0.74324467226457647
  0.75366945749964886  0.76422341489942525  0.77473316493347966  0.78526503556140281
  0.79592299772883546  0.80654345154454121  0.81729209596838170  0.82803057094753540
  0.83882946910274425  0.84982589792119445  0.86054074272270420  0.87131355030854551
  0.88208402183109036  0.89293759102251369  0.90347653182046028  0.91381030291253296
  0.92433390893519662  0.93488344118656486  0.94546930979630217  0.95605774050695524
  0.96681385014912469  0.97755168866117703  0.98867715878705198  1.00000000000000000
  0.00734233196498741  0.01564561493694656  0.02634963494498423  0.03734931917978753
  0.04796122390238753  0.05844755016155859  0.06885655079832256  0.07911149174265561
  0.08952298986945273  0.10015707800844889  0.11082749613239515  0.12154185473464992
  0.13212394828998428  0.14278238532649098  0.15328865812749465  0.16380330579193295
  0.17421892830059421  0.18458848270501391  0.19494976383974236  0.20528767311332141
  0.21565981909548596  0.22594533589458235  0.23624833608523818  0.24652030034628092
  0.25686906171780188  0.26722915761169797  0.27768598145852197  0.28840862527132777
  0.29901393811595439  0.30963243777878124  0.31995519069237571  0.33026659867555452
  0.34053628482692694  0.35094968432524759  0.36148008922517411  0.37198023239003569
  0.38235085322003437  0.39266595316475200  0.40306096201440023  0.41334370885908867
  0.42361698399188585  0.43392425971235943  0.44454377305860326  0.45546230311838093
  0.46618368969171931  0.47691875637807046  0.48736249705888940  0.49778624795046233
  0.50805411330546757  0.51818850614928136  0.52833569170922856  0.53848926202022995
  0.54888267082645226  0.55928434753838541  0.56970012042054929  0.58022718349110758
  0.59080078579235273  0.60138848047758897  0.61191949444896843  0.62229396854438246
  0.63262725772746520  0.64302308621412663  0.65357218819633744  0.66405230786862079
  0.67432240240858821  0.68464244864963641  0.69513564599539801  0.70561420587728407
  0.71598705793178063  0.72644096788947243  0.73694584573831501  0.74760822165103780
  0.75794753661332281  0.76834952344004825  0.77874809757612973  0.78923884345017314
  0.79976246260211437  0.81027711042526818  0.82077560941616601  0.83118815868190810
  0.84160513801998005  0.85201359118492381  0.86248910838718940  0.87301431371829596
  0.88352151691257830  0.89404977607535085  0.90465850164273287  0.91530385716471518
  0.92589041387999083  0.93643014123220047  0.94692090979368737  0.95713762911424227
  0.96747946597324797  0.97806646752672544  0.98897711195227844  1.00000000000000000
 -0.00240611630690403  0.00958588981638263  0.01971106265518888  0.03011367776181984
  0.04048078601665234  0.05098460781909184  0.06166205803577710  0.07244669945666916
  0.08313290959014277  0.09375331508256772  0.10426954987949195  0.11474332214285049
  0.12524176298494671  0.13578381824236049  0.14624141889540482  0.15656368234510559
  0.16690728915016609  0.17745523288206516  0.18802458812457368  0.19847701821835279
  0.20880190629310821  0.21919955972472327  0.22969525230328122  0.24022389193594865
  0.25073128158834329  0.26126517433631302  0.27183511110001640  0.28237096654245125
  0.29278502987094124  0.30301086586224424  0.31324117454556488  0.32331547344252964
  0.33345974486602586  0.34377326045520645  0.35426303687892075  0.36479277051397002
  0.37540943012173744  0.38614027633555231  0.39695646633281662  0.40749677922855232
  0.41791247683162264  0.42818403800970056  0.43846370209406688  0.44887385339680957
  0.45946880262902945  0.46998765838734469  0.48041191324920041  0.49078421151084178
  0.50124690479576961  0.51177508442560726  0.52235307118555618  0.53289838700209857
  0.54341501015831439  0.55382154199313560  0.56421362209929415  0.57463872370792757
  0.58504003010882055  0.59543816119792947  0.60591765954841148  0.61647915443902490
  0.62704913378767957  0.63745202863407524  0.64790286315479362  0.65854250408626225
  0.66925304580747580  0.68000164388247075  0.69081949600256709  0.70175431632238305
  0.71260527725062850  0.72319625353265860  0.73385922684096239  0.74455657417994248
  0.75537076247280821  0.76602073250702962  0.77660214433409591  0.78716668742100881
  0.79773225845286677  0.80840923255505137  0.81903825329403157  0.82959041618762419
  0.84021797253422958  0.85074609739016349  0.86139109734838182  0.87190991412321495
  0.88254727725869431  0.89321487906606889  0.90389600763704392  0.91463062510895810
  0.92520832296323929  0.93561838307256207  0.94615519976857831  0.95668090846613196
  0.96742139257372484  0.97819155945325620  0.98912676592158522  1.00000000000000000
 -0.00240302918264100  0.00928324481116218  0.01937190617209523  0.02996922344930082
  0.04061281639828233  0.05121373228239640  0.06176146989545313  0.07228413985217005
  0.08294857878081638  0.09351551793959126  0.10407333909001233  0.11458187321246087
  0.12499181230903442  0.13545866941894455  0.14590994388546194  0.15652899643823245
  0.16710889147772903  0.17786074343152605  0.18857466240329657  0.19925174900012324
  0.20993772616164733  0.22078936172734978  0.23167282614744691  0.24239521740242689
  0.25296937384925339  0.26342428404203122  0.27373312343785866  0.28390432560062501
  0.29413189771033721  0.30436361607421547  0.31458883636029983  0.32502180931936520
  0.33549478187648379  0.34597874786327470  0.35649334252537490  0.36704027629768032
  0.37772899541566285  0.38838514405230351  0.39885847566416271  0.40924572039478158
  0.41960486446653972  0.43002586912708790  0.44040585718996916  0.45076611708548192
  0.46125901643497563  0.47184323096230674  0.48242038002498627  0.49279786546175219
  0.50324458793639226  0.51373441509533990  0.52429772784736905  0.53491781764955471
  0.54558008902520205  0.55629215561220269  0.56689425674365457  0.57736802396206721
  0.58795410713880181  0.59855494378935858  0.60911747474112143  0.61958444162272130
  0.62997006678874556  0.64051629091384976  0.65098967886286363  0.66155668739003903
  0.67194598848708165  0.68231685406731568  0.69277981924752263  0.70331297401514659
  0.71383879867314870  0.72438444712371930  0.73485681487412891  0.74546191069639345
  0.75592097160076366  0.76642408621344227  0.77688836421852470  0.78732237780452963
  0.79773198495855291  0.80818238564442968  0.81859127801668996  0.82894239098843514
  0.83946909684358151  0.85016780733975661  0.86092929762563286  0.87160131913804662
  0.88227687757363360  0.89297641807914363  0.90345582576054217  0.91405724354146434
  0.92476387160384721  0.93570095602099435  0.94644288838810997  0.95722006340823529
  0.96788502016264755  0.97871232548739495  0.98940392664074384  1.00000000000000000
 -0.00253127492540595  0.00934458620437630  0.01966337529993886  0.03045606170904145
  0.04127659299335187  0.05198963434697082  0.06252124945274826  0.07309946694831383
  0.08355175770602384  0.09396525233326949  0.10432064913163720  0.11470045229541354
  0.12513982606972712  0.13552648800547695  0.14596497292786698  0.15635470185152558
  0.16679305265743019  0.17731618777342409  0.18789331221565253  0.19852493569666510
  0.20915269803566128  0.21983750867173862  0.23041800228009593  0.24101041997259171
  0.25171541862332769  0.26257022693431248  0.27328779947656789  0.28379729716765106
  0.29428448521688444  0.30473101401157393  0.31513317697294357  0.32544310940943166
  0.33580476397302850  0.34619304078511148  0.35662670043466238  0.36715801307695378
  0.37762215878812527  0.38811703092794431  0.39851930915311778  0.40912375798478162
  0.41973496134484667  0.43038692661099642  0.44099218014656655  0.45153054133248366
  0.46201277563889559  0.47243365960674960  0.48296702621694709  0.49363255113275872
  0.50439632910690713  0.51513346982394570  0.52584178572622675  0.53651866780448365
  0.54723264590434195  0.55781083752763483  0.56832418616615443  0.57881466759671540
  0.58931897675970424  0.59984605113180978  0.61041248167523987  0.62106949667255140
  0.63170986385295436  0.64232895530357659  0.65298829494847110  0.66372237615476137
  0.67435822131325429  0.68498978683272527  0.69536902837266279  0.70576947523398437
  0.71614085538081340  0.72663349953253820  0.73702930574026293  0.74746698883303409
  0.75800755988122170  0.76861505498155525  0.77907988891509927  0.78952392625964141
  0.79988460441765685  0.81035169536119833  0.82071965449244233  0.83110750433195990
  0.84138193407995243  0.85166445077514952  0.86209623840407223  0.87262250440991995
  0.88311118984091841  0.89355420713111033  0.90403791447663773  0.91461210384290581
  0.92527991049825398  0.93593494606867789  0.94648402639257068  0.95701755336455163
  0.96767768297786871  0.97851895777399478  0.98926885963043520  1.00000000000000000
 -0.00247885082372925  0.00962230364316767  0.01970142808962954  0.03051043568900683
  0.04125160367286013  0.05205519223535030  0.06270980526478941  0.07341945054035025
  0.08418073071234765  0.09478524792924967  0.10533810226957320  0.11600654413621637
  0.12653063655205699  0.13711985773748067  0.14765214397018495  0.15844255391907036
  0.16921693683364922  0.17988333971013173  0.19046643330566304  0.20107999409269242
  0.21159791635080172  0.22210698983610702  0.23265480551771489  0.24334743043534676
  0.25400623105603398  0.26456345541037796  0.27512137573462664  0.28571676056004208
  0.29633439383480675  0.30698382453585782  0.31762784334079025  0.32832423941112249
  0.33901114432916640  0.34959363863515736  0.36012278446813528  0.37067502384180911
  0.38124119952484126  0.39171644723474419  0.40210828176053059  0.41239619955464696
  0.42272341085088666  0.43308218348329758  0.44372128494642515  0.45459077453296215
  0.46527318937467210  0.47591548612131612  0.48643261227696094  0.49712821646658395
  0.50761161079566763  0.51809448964178961  0.52863265034313045  0.53910782969121018
  0.54948250003970278  0.55974797168483270  0.57020545953944357  0.58055306432550724
  0.59088172134470884  0.60126197241324442  0.61177083678521627  0.62232784728762380
  0.63264839049514543  0.64320922981333428  0.65370537005014484  0.66434724963644676
  0.67472920963761718  0.68517774559211420  0.69559138354816297  0.70597766106604842
  0.71635793651619240  0.72678958467808930  0.73718690420120969  0.74749348217751266
  0.75786782536091402  0.76827153263266679  0.77875602257124044  0.78922330389049777
  0.79974823012840013  0.81038092470298706  0.82093722823097903  0.83153134142674567
  0.84206196210539142  0.85267132979069948  0.86325839226854029  0.87375941836603666
  0.88415662369947612  0.89475487310952184  0.90535483258980809  0.91600713827503299
  0.92662673184870259  0.93732180462355941  0.94788105899360653  0.95832169562733249
  0.96877146642957945  0.97913169285546708  0.98955883338265083  1.00000000000000000
 -0.00237753916862893  0.00964513186584080  0.01964443353431508  0.02989239934858368
  0.04010701714610287  0.05028669736581151  0.06059165320958154  0.07114489163366249
  0.08163584995084301  0.09201206074198769  0.10249170746937661  0.11288520223871290
  0.12353036747441234  0.13388236567511300  0.14441968437708741  0.15481741340748281
  0.16512829079336316  0.17563121255922798  0.18619073654810778  0.19684389668076946
  0.20743213768768817  0.21775687720085840  0.22811492366333422  0.23850370857195571
  0.24897311313710246  0.25948263248390069  0.26996115555140648  0.28068960672409432
  0.29148477941548923  0.30212252570609738  0.31275264481845294  0.32321525634074710
  0.33369151775317113  0.34421213682424495  0.35460656775127869  0.36505346551228063
  0.37542117477377113  0.38590523808956873  0.39642647657444485  0.40696186378633514
  0.41758222984159765  0.42832617538978651  0.43905823275993777  0.44975293477212896
  0.46040520534728691  0.47105161322278327  0.48172667802940722  0.49246534611698473
  0.50311917282553054  0.51377155706321198  0.52443601867375345  0.53519508967431295
  0.54604853447127766  0.55675943841314535  0.56749849645638761  0.57815332263750985
  0.58890755040841325  0.59966404895954406  0.61039243220571471  0.62100443316776988
  0.63163026908270736  0.64214832944344857  0.65268097220892429  0.66308963549780287
  0.67354660588958648  0.68413781702386600  0.69472758116577393  0.70540036727747835
  0.71596680062297002  0.72668582013825112  0.73747198301552508  0.74824586497891266
  0.75887642174428527  0.76951504347053423  0.78010209332587932  0.79056087016249466
  0.80075606869778049  0.81094190864134608  0.82119786096958103  0.83141380689407829
  0.84157182449125223  0.85167142565349585  0.86205930609091996  0.87257783286830493
  0.88331775237798515  0.89411118240932674  0.90486690505083267  0.91560580681070847
  0.92605264550297184  0.93657113622043475  0.94700824689595731  0.95761886297037779
  0.96831908550964096  0.97899144122361181  0.98951513875122132  1.00000000000000000
 -0.00249305872565233  0.00979151668332126  0.01983610290909687  0.03053763114495735
  0.04105621110633702  0.05163856122199210  0.06200371054551283  0.07269165477834408
  0.08329850034429361  0.09373259816276687  0.10439003204302931  0.11486218633839362
  0.12535251289575486  0.13563053646660317  0.14602412110777416  0.15645343925335606
  0.16686396947730289  0.17739620215698734  0.18775951665908197  0.19806755901134032
  0.20844098328031835  0.21898445985876358  0.22949911212641003  0.24007086325763266
  0.25072546128629808  0.26157426307942144  0.27237807265018815  0.28307317364781087
  0.29362524512736138  0.30418787180698875  0.31474316141075298  0.32519182918992923
  0.33567411867969654  0.34610879315541832  0.35654705426938532  0.36706972431615809
  0.37764409532530913  0.38860235471477961  0.39952158793836218  0.41055498782108085
  0.42132076329156171  0.43188779298141194  0.44239164113268747  0.45271903704323385
  0.46306818635867586  0.47337920491821528  0.48393923022851293  0.49438537545645705
  0.50478450565012900  0.51508316425850120  0.52537225799637199  0.53577501494727264
  0.54610654481190357  0.55658805438203540  0.56695909180687654  0.57743879390675834
  0.58794781559242260  0.59850677232003591  0.60919751494053531  0.61988027985602845
  0.63066626522625169  0.64146171059232870  0.65208967073024249  0.66253188521277229
  0.67289439762633163  0.68340458069644583  0.69383714748971315  0.70440926576099250
  0.71495488388363237  0.72563641584524230  0.73602418991231977  0.74626884572070873
  0.75656703924932012  0.76695679776835346  0.77749400117947542  0.78798000054725004
  0.79860277256664924  0.80929545010657966  0.82009059542497331  0.83082281889653398
  0.84130971994046144  0.85177062735552667  0.86217643512983444  0.87258591151250231
  0.88321155680208630  0.89382771174790376  0.90455391470288415  0.91525567364718519
  0.92612264999938854  0.93717425091440709  0.94786314557000739  0.95866680377471436
  0.96907349026093303  0.97958835987881643  0.98975563800144395  1.00000000000000000
  0.00971885421581564  0.02741869797746098  0.04281014526374356  0.05483165927704199
  0.06596177949371435  0.07690132790402837  0.08777420385226535  0.09850149928226026
  0.10911056010173870  0.11961336436429837  0.12996417335392699  0.14022692146558036
  0.15060704227343757  0.16114949632794670  0.17177802334600137  0.18246709948560388
  0.19320004989525649  0.20386928612161762  0.21433393216189972  0.22467537177195210
  0.23505067672790772  0.24532305792845982  0.25554476770782425  0.26569118874233411
  0.27591975802184160  0.28613000508436498  0.29636693360915528  0.30662841366961802
  0.31696804788427863  0.32729880040482690  0.33765993780716036  0.34799813728116707
  0.35832226641291903  0.36851972775274633  0.37876843000906057  0.38899832235895854
  0.39922729090170250  0.40933566850843273  0.41944249414259632  0.42959289593950412
  0.43980925123650422  0.45002303554329387  0.46030637256389406  0.47063405241703610
  0.48096052762137897  0.49120804390594686  0.50146503262843545  0.51168896488753024
  0.52190797353621199  0.53209221669244311  0.54225923575447188  0.55237902604193634
  0.56250736556569192  0.57278907380384436  0.58316035581164816  0.59341982231066592
  0.60351615939363790  0.61365152583994886  0.62386719711774463  0.63404471036791799
  0.64414254608810373  0.65429985923823430  0.66464158989778721  0.67505206887353408
  0.68545547281073460  0.69571951967473133  0.70586930187343222  0.71602147558141560
  0.72616066104059729  0.73633366851073623  0.74646258000072074  0.75664476152434001
  0.76683667323568494  0.77695045077656233  0.78694963583412003  0.79708988543949699
  0.80728430696290154  0.81746506261229657  0.82748521171435718  0.83749418795545061
  0.84750082721575981  0.85757755120350709  0.86757651077979303  0.87765257911687466
  0.88764901305013266  0.89755992270482043  0.90743732031635904  0.91723912305129918
  0.92713999505194133  0.93712736531878482  0.94711259371043910  0.95708073774756597
  0.96718417381539223  0.97731365489107691  0.98836449120765546  1.00000000000000000
 -0.01882464916412149  0.12228595029719672  0.16798319250689628  0.19715258435312483
  0.22107140765842395  0.24160167101791430  0.25983981030253350  0.27634516979546725
  0.29162651920912869  0.30591890310629022  0.31939677251571208  0.33222528512018146
  0.34445412086926047  0.35622397867730388  0.36748089906828635  0.37836367323640896
  0.38879987265543442  0.39900398870887216  0.40888058229057433  0.41856768991082599
  0.42793327931113662  0.43713164812759164  0.44611404398330545  0.45493657578017782
  0.46356457186583266  0.47200976202657657  0.48033576657583638  0.48844507657913039
  0.49646123425708510  0.50430988803227705  0.51200087940733818  0.51964921983367496
  0.52712078083803215  0.53451623109618285  0.54179222958418893  0.54895785865323521
  0.55603574770440367  0.56299311876650082  0.56981608058075239  0.57656191822522607
  0.58324591089033795  0.58983426355606272  0.59633971280117593  0.60277746509934682
  0.60911378211124789  0.61537309633385118  0.62157442547916064  0.62770960115238950
  0.63376263391877796  0.63977961795891591  0.64577124539361130  0.65166027010744332
  0.65751541385630885  0.66331860661531894  0.66907164820256826  0.67478041876727890
  0.68046069703509615  0.68611116127930361  0.69169612456996754  0.69720477403149517
  0.70269563502995125  0.70815797552453918  0.71359676574853748  0.71901423307505807
  0.72441621693150426  0.72980524974629657  0.73519359679550389  0.74057726675567370
  0.74595397914944839  0.75133007835147736  0.75671251118276905  0.76210557397388268
  0.76751111225986302  0.77294163907695901  0.77842462663801748  0.78394036415692570
  0.78950518425034932  0.79514247197525090  0.80085046123953818  0.80660893660862432
  0.81244345949387720  0.81841548221956650  0.82453170594906999  0.83078414965740621
  0.83732176233660505  0.84411886192549657  0.85113568101628401  0.85855777090936147
  0.86645531470679338  0.87478518978645836  0.88405859802615627  0.89437769249294563
  0.90654577910533318  0.92193706118716034  0.94540045248719107  1.00000000000000000
   4.5705767844431367E-004  -1.0000000000000000     
 F F F F F F F F F F F F F F F F T T T T T T T T T T T T T T T T T T T T T T T T T T T T T T T T F F F F F F F F F F F F F F F F F F F F F F F F F F F F F F F F T T T T T T T T T T T T T T T T T T T T T T T T T T T T T T T T F F F F F F F F F F F F F F F F
  <DiscreteSampler_grid>
  grouped_processes
  1 # 1 for a reference and 2 for a running grid.
  10 # Attribute 'min_bin_probing_points' of the grid.
  1 # Attribute 'grid_mode' of the grid. 1=='default',2=='initialization'
  0.0000000000000000 # Attribute 'small_contrib_threshold' of the grid.
  0.5000000000000000 # Attribute 'damping_power' of the grid.
 # binID   n_entries weight   weight_sqr   abs_weight
    31   10   5.461797415890312E+007   1.168736363825485E+016   5.461797415890312E+007
    32   10   5.461797415890312E+007   1.168736363825484E+016   5.461797415890312E+007
    34   10   5.461797415890311E+003   1.168736363825484E+008   5.461797415890311E+003
    35   10   5.461797415890312E+003   1.168736363825484E+008   5.461797415890312E+003
    37   10   5.461797415890311E+003   1.168736363825484E+008   5.461797415890311E+003
    38   10   5.461797415890312E+003   1.168736363825484E+008   5.461797415890312E+003
    40   10   5.461797415890312E+007   1.168736363825485E+016   5.461797415890312E+007
    41   10   5.461797415890312E+007   1.168736363825484E+016   5.461797415890312E+007
    43   10   5.461797415890311E+007   1.168736363825485E+016   5.461797415890311E+007
    44   10   5.461797415890312E+007   1.168736363825484E+016   5.461797415890312E+007
    46   10   5.461797415890311E+003   1.168736363825484E+008   5.461797415890311E+003
    47   10   5.461797415890311E+003   1.168736363825483E+008   5.461797415890311E+003
    49   10   5.461797415890311E+003   1.168736363825484E+008   5.461797415890311E+003
    50   10   5.461797415890311E+003   1.168736363825483E+008   5.461797415890311E+003
    52   10   5.461797415890311E+007   1.168736363825485E+016   5.461797415890311E+007
    53   10   5.461797415890312E+007   1.168736363825484E+016   5.461797415890312E+007
  </DiscreteSampler_grid>
