 -0.00258727972581183  0.00976893715412359  0.02022958722230060  0.03088320847063697
  0.04151431358650533  0.05171757330909563  0.06198527242741347  0.07241376974193349
  0.08279627692462015  0.09327524731582955  0.10369912620385263  0.11419796868576007
  0.12462390538960377  0.13509928393229423  0.14539690041906500  0.15551528059548517
  0.16554276361686360  0.17588887151523114  0.18619236288247407  0.19659545319669636
  0.20692425473613885  0.21745049191119181  0.22788278433901107  0.23843846552422390
  0.24896482033820636  0.25976846511597224  0.27053519632672379  0.28137236328439275
  0.29219253347477464  0.30299002943238496  0.31365951098291484  0.32401506741906078
  0.33448582735723997  0.34505398871460347  0.35576710625892294  0.36631923329906385
  0.37676338247366559  0.38721772447737596  0.39765621655379368  0.40829432080771610
  0.41884477638728557  0.42954194055665612  0.44013996982203024  0.45081082299103825
  0.46135456945934566  0.47177535643516277  0.48222827380327055  0.49252074858167272
  0.50290239820416160  0.51329974104831666  0.52390147839496171  0.53449861541513299
  0.54516280815094365  0.55584749979082426  0.56643079749488801  0.57701589538116216
  0.58752949207887417  0.59815090206277421  0.60863460582345330  0.61907609105155892
  0.62963130678437162  0.63997819587502047  0.65035395169769195  0.66073233941967935
  0.67132090290327207  0.68198413843220962  0.69259917739480803  0.70328610309130324
  0.71411640118594732  0.72498599183362078  0.73585919815518619  0.74664047641626030
  0.75731970619460887  0.76799780002609064  0.77844735688907785  0.78890096406118571
  0.79922767253907112  0.80968825326955762  0.82012768467371644  0.83055416385773395
  0.84109137525188749  0.85168767866754558  0.86226599695704431  0.87278872149054287
  0.88323344830481021  0.89370481098542198  0.90403717728247501  0.91442603090739571
  0.92484383594793718  0.93551057534674220  0.94637746846191517  0.95733100128838633
  0.96794871661057347  0.97860462632801004  0.98929543637726125  1.00000000000000000
 -0.00233568776070484  0.00910259376154727  0.01900538390922586  0.02938702369407319
  0.03987981983041301  0.05042942572963517  0.06092185079656510  0.07150999555333395
  0.08217752327191852  0.09270831585917548  0.10323497437197174  0.11345574120050120
  0.12359104969390135  0.13387913123927248  0.14427103025382468  0.15481143890422788
  0.16535116548975998  0.17584814287899356  0.18635069038844412  0.19673520712855438
  0.20705006266861103  0.21764507931574642  0.22819198156131579  0.23906392444859761
  0.24969261170364587  0.26042846137869857  0.27122274992688594  0.28193172132424504
  0.29262937290417756  0.30297819074386739  0.31334065881696660  0.32363179507258460
  0.33402398259956373  0.34443936869862823  0.35486692931352409  0.36557616596186665
  0.37621665433380708  0.38694524305637840  0.39760915064437091  0.40851591416257271
  0.41944759410822624  0.43025335409532550  0.44081889874515690  0.45125682498748981
  0.46179823871513997  0.47230441769628995  0.48279378192032579  0.49304744248451965
  0.50336682857851300  0.51374398710891722  0.52422117525339840  0.53475382403118576
  0.54522886781661251  0.55581563105038945  0.56626697829294081  0.57670277027207595
  0.58715429466161861  0.59767124398887550  0.60804278952976742  0.61824294388927314
  0.62844643030243463  0.63885475879768938  0.64931903477433695  0.65983881756728735
  0.67036455202983170  0.68095461179857297  0.69138645456714198  0.70189734753982758
  0.71227583831484798  0.72279814740022919  0.73347818108932095  0.74438364292038728
  0.75507351981230042  0.76562044419399000  0.77621875425145159  0.78693758092126120
  0.79757819572451349  0.80826421326881681  0.81902997492071528  0.82993588144043706
  0.84068287775001227  0.85149244376794764  0.86206749557765994  0.87262992972700959
  0.88297668169052324  0.89347137814790578  0.90398322492384797  0.91445444366325790
  0.92488566813723472  0.93526709327022617  0.94581450499741093  0.95654098383529751
  0.96747559872436406  0.97834378255449139  0.98917082593309724  1.00000000000000000
  0.00197616831640690  0.01107798971462002  0.02198938199034051  0.03244740227298983
  0.04286408682234627  0.05330484031192659  0.06374686470757482  0.07442265873819660
  0.08502105044101703  0.09545857221454421  0.10595359934487979  0.11637987681846339
  0.12694148799883009  0.13737405189147039  0.14773244987673317  0.15818780946995453
  0.16879378111067306  0.17925838967444394  0.18975851298571264  0.20022119182877893
  0.21074103810779715  0.22109252091603723  0.23142474156065382  0.24186070396004705
  0.25234524348764908  0.26274256075744074  0.27313903994371763  0.28360331826499535
  0.29406717548587030  0.30460956739539391  0.31497790839038936  0.32532292272100766
  0.33573820337322469  0.34639146657637504  0.35705926396393373  0.36773857116418951
  0.37828219521915829  0.38890809265136578  0.39946128325174990  0.40997283906957993
  0.42037701805197553  0.43067651578598776  0.44117162299829366  0.45162105293902366
  0.46199251543203063  0.47221340502876707  0.48250494430593666  0.49291791569540411
  0.50336753411822077  0.51385361149173625  0.52429983799599211  0.53484949493417899
  0.54535025014072935  0.55589172712862078  0.56640342446465675  0.57696261041439634
  0.58744967835114936  0.59802803728802845  0.60855439541206580  0.61901138702930614
  0.62929379548147935  0.63953592810909765  0.64997664958224777  0.66044568543227067
  0.67095926203823708  0.68151753649819868  0.69230094467222381  0.70317352637963049
  0.71386029334383483  0.72437966856632718  0.73476471061689386  0.74524233347331614
  0.75570074609092563  0.76617673423195409  0.77665333844161810  0.78721861583344344
  0.79795989279105817  0.80871656768846623  0.81939178732488938  0.83000301542771071
  0.84052194184830342  0.85105838613808837  0.86149289269681573  0.87199437577561678
  0.88252480085068685  0.89317759117690565  0.90395252173975249  0.91458695280052094
  0.92519843565759763  0.93596051992981344  0.94681943285407011  0.95768753068478885
  0.96803438783905227  0.97844486459974722  0.98905334044198501  1.00000000000000000
 -0.01973015739125273  0.12347164684715903  0.16846083729725370  0.19750822739809118
  0.22137223607761536  0.24173360257878132  0.25981839541683016  0.27631380605753642
  0.29165066171573206  0.30601553864575876  0.31952930151118003  0.33235462489704959
  0.34456873548215283  0.35630504504929050  0.36756232362415553  0.37845011484060748
  0.38895941314880927  0.39919533986000838  0.40911272522491460  0.41879717235334030
  0.42819760908257798  0.43739447592311748  0.44635978014039246  0.45514019079490564
  0.46373314044330255  0.47213852343491375  0.48045432793227394  0.48854844032699174
  0.49655057082828680  0.50437101590228817  0.51204982033326385  0.51967407589175485
  0.52711468452386001  0.53446727571544350  0.54170758674836117  0.54883218674584999
  0.55588389300212659  0.56284052604261869  0.56967836337641753  0.57643003092020950
  0.58310966930792962  0.58968773456085177  0.59618865309315616  0.60263482929970535
  0.60899270998358046  0.61528782415040040  0.62151745839407702  0.62766193446459406
  0.63371893263111401  0.63973344183882519  0.64573088643826326  0.65161399373217654
  0.65745946776500730  0.66327326587958746  0.66901975882527842  0.67470152127817506
  0.68034805103241258  0.68596890148567513  0.69154386377896548  0.69706632217135767
  0.70257337235549300  0.70805905165443928  0.71352385737687019  0.71896759713228486
  0.72440841621045604  0.72982941915897526  0.73523398231852533  0.74062355686472570
  0.74601186429444466  0.75140983229168756  0.75681832262955384  0.76224019969382117
  0.76767459913565272  0.77311968684731358  0.77861822864519814  0.78413357765640790
  0.78968951166855739  0.79532125704317436  0.80102612740984624  0.80679910223925055
  0.81267217374007417  0.81870027740140960  0.82486522163783849  0.83114381641633228
  0.83768359828218308  0.84445383175725708  0.85143775035749547  0.85884474130477928
  0.86676207618454904  0.87514682128749277  0.88445310682679812  0.89479591396007718
  0.90698828939347631  0.92244042679145366  0.94603734072840229  1.00000000000000000
   6.2977221181346431E-003  -1.0000000000000000     
 F T T F F T T F
  <DiscreteSampler_grid>
  grouped_processes
  1 # 1 for a reference and 2 for a running grid.
  10 # Attribute 'min_bin_probing_points' of the grid.
  1 # Attribute 'grid_mode' of the grid. 1=='default',2=='initialization'
  0.0000000000000000 # Attribute 'small_contrib_threshold' of the grid.
  0.5000000000000000 # Attribute 'damping_power' of the grid.
 # binID   n_entries weight   weight_sqr   abs_weight
    31   10   7.376725212291458E+010   7.749748399072153E+021   7.376725212291458E+010
    32   10   7.376725212291458E+010   7.749748399072153E+021   7.376725212291458E+010
    34   10   7.376725212291459E+006   7.749748399072155E+013   7.376725212291459E+006
    35   10   7.376725212291459E+006   7.749748399072155E+013   7.376725212291459E+006
    37   10   7.376725212291459E+006   7.749748399072155E+013   7.376725212291459E+006
    38   10   7.376725212291459E+006   7.749748399072155E+013   7.376725212291459E+006
    40   10   7.376725212291458E+010   7.749748399072153E+021   7.376725212291458E+010
    41   10   7.376725212291458E+010   7.749748399072153E+021   7.376725212291458E+010
    43   10   7.376725212291458E+010   7.749748399072153E+021   7.376725212291458E+010
    44   10   7.376725212291458E+010   7.749748399072153E+021   7.376725212291458E+010
    46   10   7.376725212291459E+006   7.749748399072155E+013   7.376725212291459E+006
    47   10   7.376725212291459E+006   7.749748399072155E+013   7.376725212291459E+006
    49   10   7.376725212291459E+006   7.749748399072155E+013   7.376725212291459E+006
    50   10   7.376725212291459E+006   7.749748399072155E+013   7.376725212291459E+006
    52   10   7.376725212291458E+010   7.749748399072153E+021   7.376725212291458E+010
    53   10   7.376725212291458E+010   7.749748399072153E+021   7.376725212291458E+010
  </DiscreteSampler_grid>
