  0.00201062810172390  0.01204452689071747  0.02340561665444816  0.03419510113997478
  0.04464927078541582  0.05488373129019216  0.06513790021522492  0.07564663650292408
  0.08613387163867563  0.09632647565662630  0.10636593049154031  0.11639666551072486
  0.12631573113470515  0.13628024708461897  0.14630786628479547  0.15658281193991824
  0.16682079852740664  0.17694748940369867  0.18702869327313926  0.19733522806983927
  0.20765943183062685  0.21815647349143849  0.22865226513889647  0.23924586432251799
  0.24989094171667525  0.26043557639438641  0.27083008318670770  0.28097850325233226
  0.29108011878198270  0.30117764887555476  0.31127110078713610  0.32142480728386402
  0.33159172667805215  0.34166535464661474  0.35170127128527356  0.36171577935108618
  0.37180483266800407  0.38190468711589570  0.39195098573576564  0.40193989377719441
  0.41195882483799762  0.42197386495940370  0.43203992029438065  0.44216306917899978
  0.45221456722756792  0.46219309668320296  0.47215108630813135  0.48219877031299535
  0.49241587626174421  0.50264835155340837  0.51299549498208996  0.52347505120913596
  0.53393044975759774  0.54422141528262535  0.55439673161344383  0.56462264922891336
  0.57488927135421941  0.58510084406964269  0.59513517135934513  0.60509737419340237
  0.61516787890907321  0.62534800365158461  0.63567300947452210  0.64598758872808637
  0.65623555641131637  0.66638226422440994  0.67641872823894555  0.68644925951027846
  0.69648639994315464  0.70661126345547076  0.71684722483708896  0.72719739326242860
  0.73753593511991944  0.74777776879623348  0.75796303597057535  0.76817238487337325
  0.77838514093036471  0.78855690174059379  0.79868447731867587  0.80887503212412648
  0.81912451930210883  0.82937173572882916  0.83965641398679636  0.84994228211400202
  0.86025062503073535  0.87054115662735754  0.88093632167854652  0.89143690944982679
  0.90197182383119778  0.91254708848951782  0.92326620059843401  0.93413803584955235
  0.94539246985042780  0.95755969845490507  0.97408725966002041  1.00000000000000000
  0.00140274728174241  0.01440352998479175  0.02745494060755678  0.03913590030625151
  0.05021351730342681  0.06099634848432683  0.07136537453234218  0.08158463970047850
  0.09170452585538282  0.10182910322334210  0.11181463354575508  0.12163772340461808
  0.13159074087610514  0.14184092036303281  0.15217619457022311  0.16251739664623829
  0.17275168645074684  0.18304632457610209  0.19331941661964785  0.20349770325874270
  0.21358839021301279  0.22358620561310438  0.23359395089194526  0.24373592981364967
  0.25381207103225678  0.26393790004577194  0.27415939032375092  0.28452145586894079
  0.29486100987483460  0.30500102401483525  0.31510709666767295  0.32526639650446632
  0.33547513375134347  0.34568300939687674  0.35579991105323600  0.36586087036936676
  0.37591073269166581  0.38600412311135818  0.39611608017213346  0.40628022446199691
  0.41644349545411713  0.42667097597783832  0.43688785735533131  0.44714105392887082
  0.45738241535402213  0.46756856337220293  0.47775964463955356  0.48792568783998114
  0.49806971829250263  0.50820920053494789  0.51846137277267190  0.52878676463630303
  0.53923673020799501  0.54950845154611838  0.55978404204257304  0.56993713379262867
  0.58020338644093650  0.59041881293057330  0.60069673717141980  0.61102301118768942
  0.62142089893196895  0.63182676587139364  0.64225991880560596  0.65266195184125264
  0.66315035677729239  0.67343580742356224  0.68380089549435119  0.69412374585220060
  0.70465960782069592  0.71502597702043791  0.72538770675540754  0.73567218977093241
  0.74600712466031338  0.75629694773162426  0.76669374529237733  0.77721968889424764
  0.78768760275462602  0.79806607489087367  0.80830001389438644  0.81865941549530397
  0.82897202570527107  0.83942908473787692  0.84967495976456298  0.86006876498899998
  0.87047259057684379  0.88103186509064302  0.89150773741271327  0.90210392154806451
  0.91275865426646929  0.92349020098992585  0.93430858906941405  0.94550609989620027
  0.95704123389451645  0.97071232243230443  0.98477730473971525  1.00000000000000000
 -0.00258542492687559  0.00983250609407097  0.02022623385158014  0.03101361792522272
  0.04177697338339481  0.05259938158651062  0.06329391169152587  0.07388649300442028
  0.08444301834279892  0.09508095969825463  0.10570711308349130  0.11623537335296416
  0.12669467791777214  0.13690472946687299  0.14717120599937983  0.15741470030929805
  0.16764756564029831  0.17807927009888153  0.18853678123623477  0.19910151710819524
  0.20956589434556724  0.22003968458610712  0.23055178849988409  0.24100239291053610
  0.25139837689119193  0.26182910521035208  0.27230071271250811  0.28281093465737156
  0.29333779200037219  0.30367005853645457  0.31410859185376333  0.32449059971227495
  0.33482265237098507  0.34513787530038353  0.35545000175159913  0.36608327853116740
  0.37661347471618306  0.38719850427984709  0.39773000481320242  0.40826118250830462
  0.41860849881819451  0.42880997126620701  0.43895968640166277  0.44944697917464038
  0.46003135300539660  0.47075665712932729  0.48122652341300420  0.49157200648004040
  0.50182416702233168  0.51220439901656423  0.52255861826250294  0.53307003332012426
  0.54369871778208800  0.55432147675110832  0.56479623986227268  0.57519160012841497
  0.58562489366849257  0.59596178152120383  0.60637545660547643  0.61689215217690574
  0.62738262775660847  0.63791341646866939  0.64844186225459444  0.65923378954498102
  0.67013334363060573  0.68110798408242856  0.69227232980630993  0.70311213583688237
  0.71366139412616814  0.72406415608052632  0.73446896411747786  0.74504392675142062
  0.75581351113811612  0.76681322445574884  0.77788206428526330  0.78882996645241521
  0.79973139882643973  0.81062798486745125  0.82126044052205371  0.83179443302126765
  0.84232704862037888  0.85268306953711803  0.86313866047659571  0.87350006524666213
  0.88420405926437751  0.89500415624505014  0.90561122370009717  0.91609727072542269
  0.92641655638317399  0.93686602058067892  0.94739230475144376  0.95784187042179791
  0.96827090535983162  0.97880024153967560  0.98938009939377014  1.00000000000000000
 -0.00255448882531455  0.00984692327442857  0.02027971451039380  0.03085698401505550
  0.04149291233606687  0.05198735539310666  0.06245743720914956  0.07291613215455700
  0.08343945962312818  0.09401224673731905  0.10446446741221890  0.11487360095326507
  0.12525953914394805  0.13561517976087550  0.14592535386711084  0.15641140809321916
  0.16675411104231116  0.17730429659490055  0.18765688842725217  0.19830712889117993
  0.20873752069451298  0.21922108774885465  0.22959372075985959  0.24003607462392820
  0.25058982101854255  0.26102767958052764  0.27141790104249225  0.28160174713213154
  0.29186337590216255  0.30249684530427917  0.31321920066039743  0.32387993109933305
  0.33433747322784668  0.34485232907338437  0.35559284382983725  0.36644396765677234
  0.37737766759648145  0.38814695466519750  0.39871270527797498  0.40929455659676084
  0.41983985558180598  0.43048655356886023  0.44103984053218320  0.45171095235488967
  0.46231075766738394  0.47316538462107255  0.48401211358578305  0.49489645362360946
  0.50549947165049836  0.51608384168998900  0.52656096160593913  0.53712503261007105
  0.54756646282163535  0.55805747006715212  0.56847598730688398  0.57883109517548881
  0.58914554833127031  0.59940602694911238  0.60973427954208459  0.62009361333028123
  0.63045692066599468  0.64082459220178145  0.65113895789122578  0.66128708098971067
  0.67148802507623695  0.68168723296389444  0.69198199223137424  0.70230360696285521
  0.71271927730785434  0.72328664089159456  0.73385413149096990  0.74455717377225561
  0.75547215562682379  0.76635513516825604  0.77701203487390746  0.78730455240272812
  0.79764247723729431  0.80804981339917947  0.81870154323504796  0.82952307984790896
  0.84020656867493226  0.85084808915571497  0.86149847230330967  0.87232806366035043
  0.88294591306589842  0.89365092540776381  0.90450333063330868  0.91546720324775821
  0.92636274374341399  0.93700792586714809  0.94763326926751046  0.95797348682261863
  0.96832365823907829  0.97874773583663865  0.98934289055952351  1.00000000000000000
 -0.00237948452089468  0.00910849592732681  0.01911537531051424  0.02960341461206583
  0.04026244252679163  0.05077098267494967  0.06127750768389319  0.07162584732613124
  0.08220866949857158  0.09279003440298722  0.10340996602998849  0.11406701987273725
  0.12479321058917572  0.13564713427344169  0.14646829371578937  0.15707338666981366
  0.16763581201765168  0.17819954862998533  0.18882443140350835  0.19945354345520552
  0.21007441091211870  0.22066639775362387  0.23113529185931600  0.24154259758731311
  0.25197454509263989  0.26255072623747666  0.27319722793437823  0.28394330577186477
  0.29452521390947872  0.30504339333543878  0.31560596980290728  0.32629763032688502
  0.33688326532056845  0.34738002744249508  0.35783553825037284  0.36853336995007535
  0.37920828005946078  0.38994199094398713  0.40055879212851120  0.41116560896524917
  0.42164384423555923  0.43218390191312772  0.44272994162381080  0.45330464402890558
  0.46376054400400996  0.47430465834865904  0.48494462223212537  0.49569076672393425
  0.50645984505595354  0.51745723469192084  0.52822621451637175  0.53899441621035826
  0.54952221572591708  0.55994813027224999  0.57026540318274854  0.58049559517738147
  0.59097608862273332  0.60131973519363202  0.61189257272257580  0.62245463763251707
  0.63295423303945353  0.64343802247827897  0.65409208814211484  0.66484916282801154
  0.67544341662375662  0.68588759454878268  0.69631729239741857  0.70668107263243451
  0.71695987303325515  0.72721189485557236  0.73755595635512372  0.74799253253224984
  0.75847646904872967  0.76882673119527367  0.77920998621209325  0.78955491973639680
  0.80002593638947472  0.81044159749819011  0.82100305349594893  0.83164743397460883
  0.84227981190319012  0.85276742345569201  0.86312773813784427  0.87366297251250957
  0.88436633563779621  0.89498528594391569  0.90563188991366261  0.91625021538868023
  0.92698374288771845  0.93770353329260725  0.94817914377073387  0.95860503659445251
  0.96877523708541979  0.97916455553489945  0.98952595943561983  1.00000000000000000
 -0.00262156905372379  0.00968048492912413  0.02011425928920586  0.03093369537070611
  0.04161936313973261  0.05230767672729783  0.06285844078982639  0.07343734033345004
  0.08400946380726310  0.09461684189778546  0.10514815313082061  0.11573308153977369
  0.12628025206593910  0.13684883672034878  0.14740311954998639  0.15790691371087826
  0.16844391773684844  0.17891602978166635  0.18937347964821022  0.19975498834365416
  0.21006083788455082  0.22030398750363403  0.23060132066137889  0.24099103609474173
  0.25146915437328715  0.26198050149217506  0.27262177157188200  0.28361452186567804
  0.29456262467067140  0.30543747625167011  0.31616604883025545  0.32682951141034500
  0.33743653566183274  0.34794821290528238  0.35848272638038908  0.36898916911559676
  0.37946788045303753  0.39002745998601318  0.40073896571229528  0.41156658667434531
  0.42212075761011225  0.43245506565813241  0.44268295502992400  0.45304473630703029
  0.46339391439063166  0.47363854774123532  0.48408955245160340  0.49460162060078849
  0.50519322522452026  0.51574835326522606  0.52639486512877232  0.53697843266013501
  0.54739275435422685  0.55763426347420764  0.56791412432599486  0.57822246073765737
  0.58868664914610447  0.59939231961045669  0.61018923662822844  0.62102904306059403
  0.63195434595949329  0.64276765637519628  0.65354760391979816  0.66435074915916137
  0.67515092902708362  0.68581576557773793  0.69623176887179661  0.70666253219787933
  0.71720677406113786  0.72772300995867489  0.73853061292913913  0.74934194495257445
  0.75998282779530801  0.77062649687429996  0.78137485422191233  0.79214188060131652
  0.80247738675696456  0.81273277844143110  0.82299891614223863  0.83337376480800052
  0.84355591387127482  0.85379620156388936  0.86422994287523824  0.87474639666232590
  0.88507043603616464  0.89543010709270543  0.90591593432990403  0.91645210609131433
  0.92679378827144510  0.93718072649361395  0.94752523307901471  0.95786724937790646
  0.96835760750843214  0.97888883016729111  0.98948725032385842  1.00000000000000000
 -0.00256042492100720  0.00968205880689703  0.01978325488414819  0.03029074162277060
  0.04078959969116929  0.05145240062022951  0.06230247752145852  0.07310963213091207
  0.08392538730187792  0.09464955064911629  0.10540335694693367  0.11593944695738541
  0.12640897856352323  0.13691140339857169  0.14748051556037536  0.15824810533664199
  0.16908134325555771  0.17996706652868774  0.19073874151591802  0.20139359869769977
  0.21194763788736518  0.22236063217996177  0.23276748303942993  0.24318366179659756
  0.25381427916549287  0.26453149185292457  0.27530311367113208  0.28600556190149928
  0.29683821234081748  0.30769695542540948  0.31854605692674293  0.32928847155844992
  0.33985728469907933  0.35025803568717789  0.36063114905237248  0.37103227899288543
  0.38148005639523308  0.39198886431238961  0.40234285199896092  0.41264204042413705
  0.42281895368507361  0.43303184462783528  0.44328602065786210  0.45358957754057788
  0.46414969443009396  0.47484795695697907  0.48564400668016944  0.49635211147097813
  0.50697955371944869  0.51748277622941907  0.52797284811592027  0.53842219817220638
  0.54902448779033719  0.55969150719433303  0.57039036442189195  0.58102683547268574
  0.59168056122596691  0.60237982586770322  0.61306889713390544  0.62364211159631411
  0.63408191677961112  0.64448113353544412  0.65488031968301696  0.66524855597250987
  0.67577575755140118  0.68636837773822867  0.69705980411651225  0.70760484906347632
  0.71801569055200354  0.72844167695862305  0.73877300343642627  0.74922975384285995
  0.75952188451071956  0.76979146185164471  0.78004238286680205  0.79017970616148392
  0.80052024613265282  0.81077760327488191  0.82123274214973829  0.83163795181084854
  0.84218333635445974  0.85285855380347630  0.86348085067779168  0.87414529962843901
  0.88481903386957983  0.89552270986693017  0.90599982850657756  0.91646296419552586
  0.92703678891866315  0.93773102178647938  0.94825068863107898  0.95858110987819034
  0.96894761917214034  0.97928908308118368  0.98968816974403839  1.00000000000000000
 -0.00252318702608115  0.00964029054736822  0.01963210494274545  0.03022404527846287
  0.04069295076610146  0.05119857837020293  0.06176005951405531  0.07228734450128205
  0.08284705030692831  0.09321821354510579  0.10374815071222243  0.11430809065990334
  0.12483980693421208  0.13507398677279914  0.14544987826390665  0.15603433835127270
  0.16681879740105757  0.17728012199982102  0.18778588573283356  0.19840551119290539
  0.20913749985966543  0.21969718165986996  0.23027802581935924  0.24073870535535394
  0.25122197068246410  0.26167023616627250  0.27216459845104435  0.28246467386727497
  0.29287982943882962  0.30326860711466636  0.31354122755966268  0.32378504828487531
  0.33401918404868963  0.34451208273777700  0.35501341507605699  0.36563741856348791
  0.37621246399528030  0.38672256980465664  0.39722665128808765  0.40805680827291002
  0.41880931359251689  0.42937068942744661  0.43982957196177036  0.45031820579211351
  0.46090092057674503  0.47129588032659170  0.48183630742720424  0.49222849011513065
  0.50255954648857570  0.51282925789470302  0.52326164732480174  0.53389042268519482
  0.54450565871384426  0.55489001734945731  0.56535523797322262  0.57587486410205346
  0.58658382937038112  0.59722519647027461  0.60786665245949922  0.61844317089607359
  0.62909553332551960  0.63964802112987662  0.65012330779015637  0.66054605428715196
  0.67105001153065047  0.68186280925841136  0.69257544887651434  0.70335502352366663
  0.71417362230094217  0.72512060380015175  0.73607137569416170  0.74691334387571029
  0.75776010131587634  0.76861885309920919  0.77933351986488830  0.78993529948702190
  0.80068282126114798  0.81138451731220262  0.82202144062622973  0.83250130455862181
  0.84305956276964222  0.85362893812318974  0.86403479283428886  0.87438216116235601
  0.88470970325034082  0.89507390583369939  0.90545789541453403  0.91593710629585112
  0.92643306005993764  0.93687188111035513  0.94739711635172463  0.95804473089714548
  0.96871283347369685  0.97920766531343550  0.98965602459985857  1.00000000000000000
 -0.00145484406706922  0.01335791718704217  0.02571931335014221  0.03676191375140819
  0.04774012877772283  0.05848703164343372  0.06925682928704828  0.07992876452206088
  0.09053479634815258  0.10116635429658873  0.11169873898877734  0.12214924547913159
  0.13247658742788340  0.14267254678243260  0.15289344505362146  0.16314925258420276
  0.17366475440935708  0.18418792600794176  0.19459387757129004  0.20489005933106685
  0.21512444300786276  0.22548445678401935  0.23592070423052172  0.24638286432235471
  0.25682602970283336  0.26745386703361312  0.27821667131648703  0.28903364282791644
  0.29974882399001562  0.31033551346552524  0.32092841884865719  0.33138439100067413
  0.34195342596023609  0.35253931777871322  0.36309572735904361  0.37357036892418466
  0.38386190630795697  0.39416945027563610  0.40446465916329544  0.41480911525490921
  0.42511246700256466  0.43555339394428444  0.44614919169252848  0.45686531977385314
  0.46758492730360030  0.47825166356704707  0.48901951733683396  0.49976056869515695
  0.51049343576295914  0.52114684029724867  0.53151200225698425  0.54180137741384837
  0.55203377388280284  0.56233115776106846  0.57285120720144445  0.58342276820917716
  0.59402403760498301  0.60446361974738694  0.61483016358570208  0.62527332687016302
  0.63581203940533848  0.64641087207563419  0.65700691184373228  0.66735980836835529
  0.67773651000094393  0.68809732717862682  0.69863944959720958  0.70928570845851657
  0.72001202042965129  0.73083970940570742  0.74156383154893746  0.75225856382424727
  0.76265152712013617  0.77306966992888815  0.78347558568359688  0.79381694441942574
  0.80406846754699213  0.81429512767642132  0.82466611980548721  0.83498613687897894
  0.84516582421520170  0.85536759655688377  0.86565443476684256  0.87588195493586096
  0.88635381833201743  0.89675245636050016  0.90726303776334127  0.91775799860212459
  0.92819644074908547  0.93884248301466910  0.94924311529443939  0.95961226478195460
  0.96972322797131905  0.97968213077437172  0.98980159359558639  1.00000000000000000
 -0.01962337423876002  0.12203305925560132  0.16737849220743028  0.19668086536467913
  0.22082086297556391  0.24132179972283810  0.25952933267586131  0.27610492550008015
  0.29151776267359963  0.30594198345588425  0.31950622977322429  0.33237343170849865
  0.34464363041193347  0.35640894655035504  0.36766901730595802  0.37853505563950252
  0.38903028246052268  0.39924775651893241  0.40916235896674619  0.41882440279688771
  0.42818457565680457  0.43739665240993103  0.44643056295223160  0.45529652684757960
  0.46394420155399629  0.47238832168555545  0.48077192882791880  0.48888900268444713
  0.49693916484649586  0.50476848651565009  0.51246113991527253  0.52005286086321567
  0.52749166342293963  0.53487085819459357  0.54212706649588649  0.54926140424665171
  0.55630366378235918  0.56324537583606327  0.57007948898372940  0.57683853195737189
  0.58353984862240549  0.59015086669591510  0.59668281854117444  0.60315060533105402
  0.60950555047959498  0.61579752342856875  0.62203361163775706  0.62819033027834970
  0.63426239595691614  0.64030725416100831  0.64630528997374814  0.65223003878734265
  0.65808199238653098  0.66387534780425284  0.66958793936864813  0.67522736835708363
  0.68083172128109370  0.68641386068557997  0.69195459693764405  0.69746214531736650
  0.70297319868220876  0.70846248057151140  0.71393338629769887  0.71938518989526701
  0.72481725994306190  0.73023493796731898  0.73563173455908026  0.74102193465445310
  0.74641532906913632  0.75180744842516001  0.75719671975149050  0.76259214281723520
  0.76800901927204202  0.77345395884819423  0.77896205722914880  0.78447083697242015
  0.79001884866838201  0.79563222128442357  0.80131598492143774  0.80705890056522966
  0.81289471036858241  0.81887043940088511  0.82497393499926353  0.83121933183066055
  0.83775263853977899  0.84454058145834787  0.85152636451293151  0.85892918156762177
  0.86681873296133594  0.87515013280672826  0.88445734178324231  0.89480002930942348
  0.90702636703780470  0.92243527474480880  0.94595151975327985  1.00000000000000000
   1.1548732092136886E-005  -1.0000000000000000     
 F F F F F F F F F F F F F F F F T T T T T T T T T T T T T T T T T T T T T T T T T T T T T T T T F F F F F F F F F F F F F F F F F F F F F F F F F F F F F F F F T T T T T T T T T T T T T T T T T T T T T T T T T T T T T T T T F F F F F F F F F F F F F F F F
  <DiscreteSampler_grid>
  grouped_processes
  1 # 1 for a reference and 2 for a running grid.
  10 # Attribute 'min_bin_probing_points' of the grid.
  1 # Attribute 'grid_mode' of the grid. 1=='default',2=='initialization'
  0.0000000000000000 # Attribute 'small_contrib_threshold' of the grid.
  0.5000000000000000 # Attribute 'damping_power' of the grid.
 # binID   n_entries weight   weight_sqr   abs_weight
    31   10   3.425571849190989E+005   4.727854606869398E+011   3.425571849190989E+005
    32   10   3.425571849190990E+005   4.727854606869404E+011   3.425571849190990E+005
    34   10   3.425571849190989E+001   4.727854606869400E+003   3.425571849190989E+001
    35   10   3.425571849190989E+001   4.727854606869405E+003   3.425571849190989E+001
    37   10   3.425571849190989E+001   4.727854606869400E+003   3.425571849190989E+001
    38   10   3.425571849190989E+001   4.727854606869405E+003   3.425571849190989E+001
    40   10   3.425571849190989E+005   4.727854606869398E+011   3.425571849190989E+005
    41   10   3.425571849190990E+005   4.727854606869404E+011   3.425571849190990E+005
    43   10   3.425571849190990E+005   4.727854606869401E+011   3.425571849190990E+005
    44   10   3.425571849190990E+005   4.727854606869404E+011   3.425571849190990E+005
    46   10   3.425571849190989E+001   4.727854606869400E+003   3.425571849190989E+001
    47   10   3.425571849190989E+001   4.727854606869405E+003   3.425571849190989E+001
    49   10   3.425571849190989E+001   4.727854606869400E+003   3.425571849190989E+001
    50   10   3.425571849190989E+001   4.727854606869405E+003   3.425571849190989E+001
    52   10   3.425571849190990E+005   4.727854606869401E+011   3.425571849190990E+005
    53   10   3.425571849190990E+005   4.727854606869404E+011   3.425571849190990E+005
  </DiscreteSampler_grid>
