  0.00755346352170348  0.01415531477691327  0.02346865195481868  0.03382987871224008
  0.04379471198086871  0.05378663504579612  0.06398264406605009  0.07430388939527303
  0.08483152138915305  0.09531383266322745  0.10594258352124654  0.11637559480549661
  0.12672351132135048  0.13685658553223440  0.14696146185014178  0.15721830592489561
  0.16742050408593789  0.17802725539757455  0.18848439235938808  0.19891636001581672
  0.20943700838815091  0.22004870956934830  0.23064889476560765  0.24076100464691413
  0.25085538094802740  0.26107365395120108  0.27153246986640317  0.28206685379292895
  0.29259054737479973  0.30302904572829720  0.31360794343255588  0.32421717358990854
  0.33484206073023237  0.34546896602804034  0.35595961993236647  0.36648219210051758
  0.37687898744665060  0.38749605486462585  0.39805777829404432  0.40880347328226563
  0.41936023271808665  0.43000059660422107  0.44057058209332950  0.45114008587788557
  0.46160518891673824  0.47217075207183334  0.48269509769273627  0.49312739154335417
  0.50342781337572340  0.51370745389248618  0.52413263844980185  0.53458297935209842
  0.54494142403351220  0.55509923483165080  0.56534140902116048  0.57589998027837030
  0.58638377654845264  0.59675122168506667  0.60721217185755538  0.61791394396718280
  0.62854945701142639  0.63897476799526320  0.64950047811070666  0.66004711615133438
  0.67069073810671764  0.68150905689398533  0.69221698567098788  0.70274343917599236
  0.71291802913594959  0.72326866634941445  0.73368471238565558  0.74413135782898043
  0.75447145921340220  0.76497065642463491  0.77548081883020237  0.78594901312882814
  0.79644364760143649  0.80691657246310289  0.81727421895221464  0.82737258718549289
  0.83756470921847415  0.84786690526917130  0.85815754644175180  0.86831681015398687
  0.87851457201561511  0.88883491475335241  0.89953056792044073  0.91054390992349743
  0.92141970612886004  0.93225059434681445  0.94303222298107026  0.95433723145718052
  0.96560791675132096  0.97712116263937876  0.98849433001363918  1.00000000000000000
  0.00751926469714452  0.01613005869538142  0.02693698631374565  0.03771168691252717
  0.04790459195462327  0.05808977356298721  0.06828411934839272  0.07855923287489655
  0.08884874215175896  0.09934234116648240  0.10964670155687398  0.11985605064063229
  0.12995495206356228  0.14005967978932204  0.15032322247876334  0.16061709793469706
  0.17083260229662531  0.18083778200702288  0.19108055332869853  0.20173176868843226
  0.21248223344571882  0.22336193973939827  0.23406919310963575  0.24485709700800265
  0.25558083532139714  0.26654650976154026  0.27738884145946135  0.28809001793590483
  0.29866887573472678  0.30933903254838474  0.31955744444320627  0.33000368405358876
  0.34042467097225576  0.35079979164387970  0.36101575858923135  0.37120622981830143
  0.38172170790415555  0.39229695958903366  0.40278639894502016  0.41304134516260116
  0.42353410967765209  0.43378692116111917  0.44398282936489353  0.45394793072142070
  0.46438836968614283  0.47500759817431587  0.48557363785264440  0.49629210624375159
  0.50689828817983618  0.51761342223356999  0.52762556596117283  0.53770220915337619
  0.54774842796341205  0.55788913505297200  0.56804910334573500  0.57811252457494522
  0.58832690487049843  0.59856106250195706  0.60886449221262884  0.61931524519548564
  0.62971684869849043  0.64001528914066674  0.65052175378307164  0.66105336269568959
  0.67172379321027353  0.68229672604231517  0.69290173827710577  0.70369458722109179
  0.71443459277908838  0.72522252173085922  0.73575101586377389  0.74606913342956704
  0.75633129873305027  0.76668052591619462  0.77702030646965103  0.78734775401369361
  0.79751444603696398  0.80785394515024389  0.81822111187465507  0.82850360836441106
  0.83883673400805536  0.84915734591666081  0.85950529117915941  0.86981965622154822
  0.88030587064139210  0.89101915405104992  0.90150366014819872  0.91165154087629807
  0.92214584124295496  0.93308756801664250  0.94418788031416945  0.95513627766156128
  0.96606094857969349  0.97689763723231038  0.98819354130059822  1.00000000000000000
 -0.00239731828817419  0.00938594352885086  0.01928542947334593  0.02973250414596650
  0.04019590169651464  0.05097825666189552  0.06148645447927673  0.07200060925041629
  0.08232830791901824  0.09248732102251327  0.10296477164736752  0.11363590693679877
  0.12453030987309659  0.13515477434383633  0.14560942959345774  0.15598065230959141
  0.16628156607494585  0.17661595090126295  0.18712034919529180  0.19773139690774125
  0.20843455973883979  0.21878759356887645  0.22913051215122882  0.23948661236595245
  0.25007551324683280  0.26053105168795149  0.27097098632756478  0.28152611557474161
  0.29183767840444724  0.30230377207269615  0.31309444568088723  0.32437001686102879
  0.33530907435293589  0.34576129297464675  0.35627015025291303  0.36689203546310795
  0.37757209206584252  0.38814734657088734  0.39907647399233143  0.40998112159167427
  0.42053887179934979  0.43087160139436848  0.44135288428145730  0.45194803954765950
  0.46234096754388132  0.47281136090163894  0.48334618467340923  0.49396351653933013
  0.50442972307345235  0.51490541581457971  0.52539746491406902  0.53594903559134421
  0.54647625820511558  0.55710326305942515  0.56778208933941676  0.57839965496727463
  0.58888619591280489  0.59916204499759895  0.60975787563491213  0.62032298574000999
  0.63076661655327904  0.64102740489744325  0.65129957593365440  0.66175794471797766
  0.67232015886348873  0.68306235287685690  0.69382751254638564  0.70446848911126159
  0.71519034336219767  0.72588723991718751  0.73652569986854366  0.74724730201308631
  0.75775814242259731  0.76829622850984747  0.77869223456524128  0.78933538346955257
  0.79997976105008073  0.81048620129599158  0.82118757314366031  0.83176114146436364
  0.84265707468301287  0.85331182076502976  0.86396336752616087  0.87458954959310364
  0.88506505266567992  0.89557483230520674  0.90591451590540006  0.91654017697690715
  0.92697334571225642  0.93757337787489803  0.94810984589477099  0.95842020428028918
  0.96870595500936041  0.97892256825668977  0.98951893081367526  1.00000000000000000
 -0.00247076424992885  0.00949231597341302  0.01978723519752174  0.03037032999369067
  0.04097060327136301  0.05134227454277498  0.06169531153989870  0.07184839623578600
  0.08207818732211371  0.09233856641109903  0.10275776487734081  0.11342971547017122
  0.12409922490218886  0.13493826212519769  0.14552597846566512  0.15582487706361361
  0.16603177766253083  0.17621985202770304  0.18641446519979615  0.19652202670666755
  0.20661893785812740  0.21689542306386736  0.22747538942137283  0.23810296512617524
  0.24873104487352676  0.25933715918883260  0.26994915862675439  0.28061536007080573
  0.29127420687793837  0.30193585742073681  0.31260532683188369  0.32312989493528682
  0.33362363969246595  0.34430537694833319  0.35510965352363622  0.36608325203456354
  0.37688942166170242  0.38759256328722685  0.39842064578182490  0.40914991557519886
  0.41988866581795148  0.43045239088967463  0.44110488674902404  0.45183352006098482
  0.46268726379560443  0.47352296200232930  0.48425863237991090  0.49485791538185575
  0.50532381145110983  0.51589853175552913  0.52642146100733200  0.53671017908806518
  0.54684347456673188  0.55694627529458873  0.56742724570701963  0.57798094079217555
  0.58854044828125152  0.59898347238400529  0.60954896991162200  0.62031681361592972
  0.63108266246812816  0.64167187473204579  0.65195056442085553  0.66210727758056187
  0.67225566423141236  0.68257154295269173  0.69315530815956461  0.70369011631224543
  0.71406665144686676  0.72427435001698448  0.73445515124455507  0.74491536434332406
  0.75561398829019744  0.76652297801245961  0.77710141483873074  0.78746084314485087
  0.79760819555396067  0.80793701117013894  0.81831158447370700  0.82895349031666976
  0.83968343766832609  0.85061891684074453  0.86119409039532113  0.87190900792095249
  0.88259415567642896  0.89352484629795692  0.90405079295758395  0.91447181042187764
  0.92503088706253056  0.93567135561714132  0.94639516475895902  0.95706864313810580
  0.96787029288192761  0.97857817032312400  0.98926114682480915  1.00000000000000000
 -0.00158559185000766  0.00963521185943988  0.01994058797056327  0.03103601931458580
  0.04223158444745524  0.05314229240882126  0.06395929710740782  0.07455298494584793
  0.08506475267636854  0.09544071001540037  0.10595272803077570  0.11667734644666714
  0.12734680178692459  0.13814932507931885  0.14880169999816806  0.15941125002307888
  0.16984237883719747  0.18027072007352107  0.19073722463957352  0.20142348719946490
  0.21205054152265596  0.22279385102218868  0.23344099241375638  0.24394734971395565
  0.25441195247147280  0.26498743352244547  0.27573282904220708  0.28653289950748501
  0.29734467506741880  0.30834144027684351  0.31887073919376158  0.32930899145659753
  0.33984092007465150  0.35033835851766837  0.36088474409294269  0.37113888318160615
  0.38152682575994812  0.39188762298017965  0.40230465767584422  0.41271199130546565
  0.42319984667109856  0.43352070893950306  0.44399216727555130  0.45449159144908041
  0.46523368893979766  0.47590628380166183  0.48654486593176227  0.49694236096732053
  0.50769049111485309  0.51851301149099538  0.52973809459281240  0.54079381774499058
  0.55156985376421086  0.56241677546395019  0.57330944790275495  0.58399376137075321
  0.59441595393302671  0.60465923629937046  0.61511388841958803  0.62536380379909040
  0.63552990756117700  0.64572452766215116  0.65614599812045926  0.66645385608170538
  0.67663358806289997  0.68694988744400476  0.69710397511031930  0.70772321976342178
  0.71781343905785622  0.72813724242964106  0.73828517872984400  0.74849340430406497
  0.75870830160382008  0.76894433212484936  0.77940786408283580  0.79007550187154563
  0.80058197118286856  0.81118483548543574  0.82166058269314779  0.83211200869193824
  0.84271697599870465  0.85343774281584417  0.86406164849205802  0.87480514938398612
  0.88553707461067854  0.89603862319107630  0.90638026585686149  0.91678802613332311
  0.92750637114128098  0.93803923048651983  0.94845977818557581  0.95893952452130227
  0.96906901661364497  0.97927191832568417  0.98962827505557638  1.00000000000000000
 -0.00263486299721143  0.00968293192993004  0.02034473754603503  0.03110705038388056
  0.04191839589786858  0.05206540744756518  0.06206980200687248  0.07228021473459099
  0.08260273482941949  0.09280971163410716  0.10278121303033688  0.11261882536763405
  0.12253226891070212  0.13285665412883388  0.14318620596015499  0.15407856944320072
  0.16481022064013592  0.17555929544872367  0.18615618063434686  0.19661284492839401
  0.20719272148977388  0.21790095110187116  0.22877584510129967  0.23967797966236376
  0.25067026484299104  0.26129030995734637  0.27192027272145503  0.28226689136272520
  0.29272994966147964  0.30337841470082882  0.31416971355316198  0.32493727645065706
  0.33563080520567173  0.34616424436968857  0.35679837869395470  0.36748580859081037
  0.37832834504693097  0.38920449576935501  0.39991219328435029  0.41053160952087842
  0.42113489182831354  0.43161349457060716  0.44226959799936472  0.45295381643141647
  0.46391116666536975  0.47483039034160168  0.48582795204178014  0.49668116043516397
  0.50732118125736869  0.51798114622643587  0.52853639969667487  0.53922097999589635
  0.54954355699882029  0.55998741087210269  0.57032513958955344  0.58082160561967888
  0.59123393683714642  0.60162415439053030  0.61211673716790549  0.62262733615408394
  0.63313126105657958  0.64370973155791844  0.65417507260436147  0.66462146024098434
  0.67501358686748658  0.68542799280488054  0.69571647566782202  0.70590157794632225
  0.71607885086640133  0.72628604324451107  0.73642552970323305  0.74633957297268583
  0.75629058299692242  0.76639991285050735  0.77672800519419949  0.78720557082309150
  0.79765944198213790  0.80809630048267367  0.81844474224613128  0.82879235227056580
  0.83937081073961362  0.84977456923001538  0.86028060388356087  0.87055849036772015
  0.88094834260469590  0.89135636257115958  0.90183864238039446  0.91277814685164294
  0.92393658008344659  0.93558755906025770  0.94670571350079735  0.95785237490116704
  0.96858232299482083  0.97943517433989058  0.98968977563445615  1.00000000000000000
 -0.00168947882803734  0.00928370606209751  0.01897142960918391  0.02910813496708337
  0.03910724731145217  0.04960930315833204  0.06004244742718873  0.07076333634456325
  0.08133252925885280  0.09208371561109689  0.10279897522361534  0.11347750812022599
  0.12446642779371650  0.13527361889000361  0.14592831380233445  0.15618965761217243
  0.16636072405101068  0.17670045559927597  0.18716469691412535  0.19817181059616554
  0.20941348703828283  0.22085104843751982  0.23193773999348155  0.24257874069471355
  0.25309711703415494  0.26361588348418247  0.27405775283228401  0.28423063228867934
  0.29450867073013376  0.30480807574780105  0.31517721599717119  0.32571717522568866
  0.33605696343160257  0.34640110391277235  0.35662900464474329  0.36722109743131987
  0.37782640014611424  0.38831077832969996  0.39857826466931473  0.40899874128688596
  0.41941775702371786  0.43001595242861024  0.44034543012963878  0.45085386606768446
  0.46123512183414384  0.47196136493136226  0.48274232408808210  0.49385950571675935
  0.50469491563059443  0.51539551319498000  0.52584450014027317  0.53631080891714822
  0.54673288690324395  0.55727209430516977  0.56767328270956097  0.57786263164532459
  0.58816850094783957  0.59867834000555853  0.60960435230005150  0.62048893462668397
  0.63131238159940450  0.64209938897437169  0.65264193081654476  0.66320941899911656
  0.67383259530275263  0.68447677942635388  0.69518153310914832  0.70575969104674563
  0.71641698527994813  0.72697160619812795  0.73749955822443780  0.74799787283286923
  0.75825322153580677  0.76835901740756130  0.77848124681959285  0.78879849740570784
  0.79911084719238756  0.80942807407416151  0.81975439523179960  0.82997114204677458
  0.84040810225604679  0.85075225701646329  0.86133997372756010  0.87182383085561155
  0.88243189796331889  0.89303207249104677  0.90368640038287495  0.91424282675300517
  0.92477306475581134  0.93534797994409824  0.94570281040671278  0.95613804014635007
  0.96666941105308901  0.97761257320130435  0.98859338294480437  1.00000000000000000
 -0.00260482217314234  0.00965131323018067  0.02002986834597942  0.03073566652585166
  0.04131047600768811  0.05155231092752267  0.06178853089979570  0.07211398834800155
  0.08248427718023515  0.09334860639529158  0.10421685385137877  0.11516626377348078
  0.12589941035513116  0.13660823777297529  0.14718196023777483  0.15751403086326526
  0.16784342423461340  0.17800514552613608  0.18832000434481713  0.19869906358499534
  0.20907584584244965  0.21945580619473640  0.22990550312255847  0.24051660222067595
  0.25079253082638198  0.26088986344361020  0.27090080261402122  0.28160566008349253
  0.29211768318446524  0.30274922599758808  0.31312595312147595  0.32387418966363596
  0.33483437508941954  0.34538430491262917  0.35574220363286818  0.36600846014420502
  0.37652593961558567  0.38723099364008223  0.39792994077736116  0.40876423776860482
  0.41927379191549485  0.42976526815242272  0.44035127519999268  0.45109366226453368
  0.46175649768222332  0.47256361551989146  0.48330295589199418  0.49404151633759069
  0.50446259468552157  0.51508064660700215  0.52566510021474910  0.53609496571800130
  0.54648628722525716  0.55705434688297406  0.56768996687448148  0.57826212178451575
  0.58880894014073859  0.59921303432069606  0.60962235093079797  0.61978290026585381
  0.63015983175308898  0.64036825221009752  0.65087285011350393  0.66131783949344536
  0.67171258765861641  0.68183794908102613  0.69210295276954081  0.70238189039738141
  0.71277798614610755  0.72294015231295605  0.73346824636863128  0.74395307894810436
  0.75454600169039887  0.76498179150382306  0.77532885297730614  0.78588454612999725
  0.79657928103329556  0.80732739102647344  0.81817890419210637  0.82888705076850289
  0.83959634569631758  0.85003518709773462  0.86036976805902576  0.87103180874436115
  0.88192551499320826  0.89285510075852070  0.90344247771290809  0.91386025399861592
  0.92435266432910201  0.93491197355562350  0.94589552120049269  0.95672832181325229
  0.96738262477560322  0.97799600701365230  0.98885183630878604  1.00000000000000000
  0.01077988121276219  0.02724764677059679  0.04230138863048995  0.05386067102774526
  0.06467970681772225  0.07557639018939941  0.08640741445662986  0.09734861009532234
  0.10807183955518353  0.11899742884990500  0.12982897563307225  0.14046653386486851
  0.15092240460893566  0.16126395734259741  0.17177844807170339  0.18246397345856635
  0.19310399992023863  0.20364735434741976  0.21398848916773683  0.22436670924636423
  0.23471171084124598  0.24510097081675219  0.25530270894293106  0.26531369050556702
  0.27550135537201265  0.28589743278659691  0.29622981226035178  0.30605681817275998
  0.31587552718756778  0.32569628897835751  0.33555791513047567  0.34553134745220815
  0.35559551776494519  0.36600095096847496  0.37642966816381929  0.38679943249451959
  0.39714552257546060  0.40718571455702596  0.41733713076078111  0.42772933482451692
  0.43817930379650449  0.44831981088885009  0.45847951751146399  0.46890911225862975
  0.47936755903064682  0.48961986935759577  0.49978160484806400  0.51019335869852256
  0.52032783211777411  0.52997777662341372  0.53986043350775959  0.55004922766061415
  0.56032221396552384  0.57049092979858929  0.58058209858895482  0.59087026297198997
  0.60097127664774119  0.61105040536065258  0.62111397508709143  0.63136628567953013
  0.64177710584321046  0.65206775232186720  0.66241198997671613  0.67287381930219636
  0.68327522314906441  0.69356340057694477  0.70386002309457851  0.71436398541866819
  0.72501030686450318  0.73532335618830347  0.74528523100499644  0.75521583002191750
  0.76530168831509282  0.77562961398613939  0.78586765746424680  0.79607706463170846
  0.80639492936820800  0.81715110863433560  0.82820759436180502  0.83909112096190164
  0.84975455784022647  0.86007008208146607  0.87014074845267730  0.87986263579821855
  0.88947631619223932  0.89916172571589936  0.90882935584532432  0.91838971128603886
  0.92803486198476337  0.93774702596570103  0.94748575670476087  0.95721779700442711
  0.96720067775133545  0.97717805273393121  0.98812082659290845  1.00000000000000000
 -0.01924899454434648  0.12289915502181505  0.16840555717927741  0.19741264064374398
  0.22127972516142200  0.24190645933876229  0.26025747271220911  0.27683590138124420
  0.29237003306811016  0.30690199247841859  0.32048311465419438  0.33329594587344180
  0.34546156846058446  0.35707668384633040  0.36819360651253302  0.37896235755886881
  0.38942656887397065  0.39959752506412355  0.40944478610192181  0.41903024570730119
  0.42834501666537406  0.43751100024311262  0.44648678157306676  0.45529427190673100
  0.46389069677678652  0.47231666775019454  0.48067482222517821  0.48886096596750983
  0.49690323792407820  0.50474504899379757  0.51239729363133613  0.51999027086274185
  0.52734737161096024  0.53468197449757815  0.54194168602066595  0.54910448133737211
  0.55617177462338341  0.56307811186347101  0.56985209030905692  0.57656032792702494
  0.58324463615728050  0.58986489160822164  0.59642777929292923  0.60293069694837587
  0.60931335921122443  0.61559370585515183  0.62180425530038586  0.62792980105602914
  0.63399770047176751  0.64004382660552672  0.64603273933894401  0.65193682478514492
  0.65778967639357400  0.66360815120406091  0.66936682439375839  0.67509099801086891
  0.68080495778012928  0.68648405887103614  0.69205847242154361  0.69752895947293825
  0.70300124916703755  0.70849334261103081  0.71395828778036285  0.71939669309419396
  0.72478646116795720  0.73016695240293150  0.73557322426429361  0.74097478178808240
  0.74638957297832653  0.75182174948457781  0.75725351928567208  0.76268013635188303
  0.76810846139419631  0.77353153715863721  0.77896778924606003  0.78439591708439349
  0.78989511144497959  0.79548007464802661  0.80117487734592163  0.80693057410675217
  0.81277359140775329  0.81877773069372517  0.82494016708137785  0.83124839629820091
  0.83782438766742218  0.84462683000220562  0.85162039687040647  0.85892291529599052
  0.86668014444534802  0.87487749568960149  0.88413597656303544  0.89433992796719686
  0.90634777099468056  0.92148309232882408  0.94477057971007006  1.00000000000000000
   2.2128692653617050E-003  -1.0000000000000000     
 F F F F F F F F F F F F F F F F T T T T T T T T T T T T T T T T T T T T T T T T T T T T T T T T F F F F F F F F F F F F F F F F F F F F F F F F F F F F F F F F T T T T T T T T T T T T T T T T T T T T T T T T T T T T T T T T F F F F F F F F F F F F F F F F
  <DiscreteSampler_grid>
  grouped_processes
  1 # 1 for a reference and 2 for a running grid.
  10 # Attribute 'min_bin_probing_points' of the grid.
  1 # Attribute 'grid_mode' of the grid. 1=='default',2=='initialization'
  0.0000000000000000 # Attribute 'small_contrib_threshold' of the grid.
  0.5000000000000000 # Attribute 'damping_power' of the grid.
 # binID   n_entries weight   weight_sqr   abs_weight
    31   10   4.839327617768447E+007   1.066142534243698E+016   4.839327617768447E+007
    32   10   4.839327617768448E+007   1.066142534243698E+016   4.839327617768448E+007
    34   10   4.839327617768447E+003   1.066142534243698E+008   4.839327617768447E+003
    35   10   4.839327617768447E+003   1.066142534243698E+008   4.839327617768447E+003
    37   10   4.839327617768447E+003   1.066142534243698E+008   4.839327617768447E+003
    38   10   4.839327617768447E+003   1.066142534243698E+008   4.839327617768447E+003
    40   10   4.839327617768447E+007   1.066142534243698E+016   4.839327617768447E+007
    41   10   4.839327617768448E+007   1.066142534243698E+016   4.839327617768448E+007
    43   10   4.839327617768447E+007   1.066142534243698E+016   4.839327617768447E+007
    44   10   4.839327617768448E+007   1.066142534243698E+016   4.839327617768448E+007
    46   10   4.839327617768447E+003   1.066142534243698E+008   4.839327617768447E+003
    47   10   4.839327617768447E+003   1.066142534243698E+008   4.839327617768447E+003
    49   10   4.839327617768447E+003   1.066142534243698E+008   4.839327617768447E+003
    50   10   4.839327617768447E+003   1.066142534243698E+008   4.839327617768447E+003
    52   10   4.839327617768447E+007   1.066142534243698E+016   4.839327617768447E+007
    53   10   4.839327617768448E+007   1.066142534243698E+016   4.839327617768448E+007
  </DiscreteSampler_grid>
