  0.00926527578204584  0.01542126124167252  0.02492719072480700  0.03580015597236771
  0.04628110826806328  0.05672400619512001  0.06716176279980828  0.07737110601561904
  0.08756694391247859  0.09764081034830530  0.10779194418881818  0.11810798823791915
  0.12846013188761382  0.13897202835835093  0.14925964844267486  0.15947718048758694
  0.16974900445040916  0.18017846681143385  0.19053601557312638  0.20062251540363046
  0.21071616631968795  0.22099995302921008  0.23142049268442169  0.24200640365096718
  0.25271766697968806  0.26351695759748278  0.27418767959696266  0.28487632889933118
  0.29548842240869139  0.30608552939375450  0.31654967326019329  0.32713591141119025
  0.33770980524829936  0.34838298442967114  0.35892208047690710  0.36942920911658994
  0.37986803069642577  0.39050819196518577  0.40097348158052043  0.41139540044291772
  0.42163816898192941  0.43178253717504433  0.44205608050679462  0.45235162008273755
  0.46268495298815643  0.47297583456897641  0.48322614049267154  0.49390095881778456
  0.50469568459927694  0.51556257495529878  0.52635022067508841  0.53696155443635418
  0.54744405002341512  0.55762210243129506  0.56798801456944525  0.57842281369573145
  0.58892180558907781  0.59931518724313759  0.60980967122566143  0.62034945233650374
  0.63080635135785967  0.64101113325304593  0.65132428344565219  0.66155166759479733
  0.67189104207251127  0.68211202645346558  0.69251941969845698  0.70302920330267205
  0.71351187130942251  0.72399305541206427  0.73452201892295421  0.74528841842511284
  0.75587259464745427  0.76643494196039208  0.77699940767456244  0.78783827851922972
  0.79853644365541498  0.80928361594927645  0.81995871890990901  0.83080301245939459
  0.84125275855530379  0.85179785946485664  0.86217745460744410  0.87275698367348120
  0.88320250824262336  0.89364518131747772  0.90417763093468007  0.91477020204846815
  0.92525982022151987  0.93577229458303712  0.94619960879909981  0.95665261691326953
  0.96717196268185990  0.97779989903762365  0.98880533111723867  1.00000000000000000
  0.00735375900083927  0.01510040943838424  0.02585066606595249  0.03736119900334506
  0.04837873023823869  0.05915327252411471  0.06991857374782555  0.08047132978612744
  0.09089936398576631  0.10119369378087320  0.11144772712138609  0.12169152114462552
  0.13195941654698612  0.14241368300019802  0.15299154092498307  0.16364958517943476
  0.17418517806851830  0.18476600658220760  0.19536102307062056  0.20600035099437336
  0.21655868194329009  0.22712828796426637  0.23776403447018771  0.24843178388780549
  0.25905740097076740  0.26965134684269298  0.28011672364012008  0.29036206209923721
  0.30047991060489554  0.31066483117239907  0.32110182976055207  0.33162366440965746
  0.34206886296710109  0.35253245952011869  0.36305685757935097  0.37355882254913220
  0.38398430122746258  0.39447292630040859  0.40511484282894367  0.41588030764140138
  0.42666161322943869  0.43748900849334232  0.44827357990713590  0.45902904915781800
  0.46962991847189861  0.48012244021051470  0.49053469456785154  0.50102498107058635
  0.51152332603714923  0.52209310589697988  0.53260368070784148  0.54298318500363985
  0.55328133329479590  0.56364564019740571  0.57413654666521952  0.58469361996490310
  0.59525346083073016  0.60583163255113059  0.61641068495982199  0.62700712970098116
  0.63770841396868494  0.64833752262995792  0.65882187902594724  0.66920341034095587
  0.67955408740393342  0.68993218682897239  0.70032085448619785  0.71073540416046554
  0.72109868274302569  0.73147875551970409  0.74196327087329061  0.75245200827926040
  0.76301668140049306  0.77354940814610862  0.78420458322284448  0.79467736624270691
  0.80497179202071178  0.81526332514650812  0.82563006755959578  0.83610340836638841
  0.84655306946145914  0.85700910682339715  0.86746850433442924  0.87785448397718024
  0.88821692119541706  0.89850011984178757  0.90881912705046419  0.91910719120373519
  0.92938996065079160  0.93964159622358912  0.94996125836010314  0.96032315054703465
  0.97057031723324572  0.98085921016782662  0.99184720055068742  1.00000000000000000
 -0.00248073643721575  0.00947060420460803  0.01969831483041285  0.03022348593126074
  0.04090414996470079  0.05136086378079450  0.06182442780564351  0.07224915520014315
  0.08267422567232521  0.09302961958039418  0.10335876937916803  0.11415821889786441
  0.12486579058464425  0.13552390861263020  0.14601829465157831  0.15644143450307235
  0.16705693437914648  0.17792047090193214  0.18882737209813477  0.19958342277070054
  0.21043123242971670  0.22127422851258716  0.23205219227112620  0.24274316428194850
  0.25358063556584937  0.26454036573899015  0.27550769401238562  0.28649158528565988
  0.29711577311141257  0.30762238463445463  0.31801170999665701  0.32848274776475772
  0.33880697579211499  0.34903962143068162  0.35940887028959717  0.36984946921336387
  0.38035958158643757  0.39087313460946588  0.40140367430239415  0.41210438465454852
  0.42272880213378439  0.43328014826977934  0.44368510349989937  0.45404086368240826
  0.46449137018016029  0.47477533040652259  0.48512920038462098  0.49561687399500803
  0.50645433682366703  0.51729764531890110  0.52801780105423746  0.53865557386454888
  0.54926517035377276  0.55979551733489785  0.57025015371871390  0.58069136824543344
  0.59119773367023642  0.60173365851936622  0.61214631698037691  0.62259531302068305
  0.63298719864583508  0.64338315233205168  0.65370073074557267  0.66393719140014018
  0.67437473518805557  0.68486416087271551  0.69530441394572262  0.70564789677487449
  0.71588652005387166  0.72626929367783877  0.73668833587202631  0.74706171671458976
  0.75756651788193663  0.76808614816320020  0.77886213201546128  0.78972446951579445
  0.80059245921212585  0.81122844210934164  0.82173189201741970  0.83219670407793811
  0.84266627036461694  0.85321196272628597  0.86385867192933419  0.87445677668870314
  0.88475636999371976  0.89502143782246013  0.90535398583591975  0.91569279527589442
  0.92612070586240347  0.93648039176499209  0.94707738981909528  0.95773548796149111
  0.96827062757268567  0.97880295130123740  0.98926937307221696  1.00000000000000000
 -0.00256812154790534  0.01010728467160446  0.02057183943738672  0.03121828119710622
  0.04172136317644400  0.05205421447107253  0.06247371033185778  0.07287680951175010
  0.08332872409888424  0.09384591870448088  0.10439830153455804  0.11503087859668783
  0.12558054300145752  0.13619699782507927  0.14681287880498936  0.15770440208371317
  0.16858398855556700  0.17958867024182831  0.19045934966439479  0.20132383348108032
  0.21198444968904187  0.22252685076881987  0.23302523112629481  0.24371314923115556
  0.25425937161812828  0.26488485233545678  0.27559002548558192  0.28633510683412999
  0.29700805996898111  0.30755847034851402  0.31819729368246652  0.32888257582737995
  0.33939450083679629  0.34986895465447387  0.36035384307500901  0.37075049375919722
  0.38141068856104038  0.39187850735146634  0.40250685603678449  0.41312847348725917
  0.42371236561624437  0.43442694777883961  0.44484692065686754  0.45549291922579938
  0.46588716872801184  0.47624160563294093  0.48685330792047521  0.49763087319078547
  0.50836280952708246  0.51888084911993049  0.52936154592179763  0.54008720731758231
  0.55064024979536852  0.56126676785558194  0.57178564009150035  0.58217900504174269
  0.59251764097734916  0.60287295137596519  0.61335476461506544  0.62372024834918016
  0.63425932367724625  0.64482051938608498  0.65552244815215366  0.66615460035422924
  0.67681887817056596  0.68746107284883395  0.69795166068960102  0.70862675312241941
  0.71919650848831085  0.72979779824727198  0.74040598778270983  0.75101560816933188
  0.76154590287514301  0.77197489230457161  0.78249762861750094  0.79305604775624716
  0.80352793355737939  0.81377161217850458  0.82406998272857901  0.83446714444419068
  0.84505271900933043  0.85565208692334649  0.86599780938554594  0.87632430772055581
  0.88659618106170224  0.89696308828697335  0.90750895243495067  0.91818129217659450
  0.92869126150009074  0.93905382597361065  0.94911865796528960  0.95924813057840264
  0.96923262402766330  0.97939314018880663  0.98960908459061536  1.00000000000000000
 -0.00243136791591613  0.00976852683277364  0.02011434274356395  0.03067923391108321
  0.04125653810883505  0.05156598265536998  0.06187024242305966  0.07232481227635938
  0.08283793725062852  0.09343576706237154  0.10395980719624690  0.11472883419531975
  0.12546082709278367  0.13610966741762306  0.14662002408951480  0.15707968573437273
  0.16762371598470233  0.17819359104931162  0.18878209743094324  0.19935036250957958
  0.21008302287701841  0.22090519401987849  0.23173560324976644  0.24244450635830514
  0.25296825399880934  0.26339796475821686  0.27390993450994205  0.28436161689784717
  0.29475299395303001  0.30507296993291788  0.31559209142087857  0.32621352108488605
  0.33705748760154985  0.34790660270041773  0.35870144632401579  0.36925509385095884
  0.37975381286272164  0.39030026154626668  0.40085536216631951  0.41147914824289772
  0.42206786238948424  0.43279969730080814  0.44339510131874293  0.45390164591716037
  0.46442166162160159  0.47491977286630688  0.48529630010958857  0.49542565079555695
  0.50571126862545912  0.51617339547586938  0.52652807885384645  0.53676200711582189
  0.54689943941489438  0.55698742769976783  0.56716649658069285  0.57739580514646560
  0.58789744542498312  0.59861823668857694  0.60934533917708067  0.62033719541548238
  0.63127473450849636  0.64239433521908595  0.65316285671011076  0.66404488458135336
  0.67473147470232409  0.68559179639802303  0.69621190201337890  0.70683094608187291
  0.71731638881404691  0.72779552931272651  0.73822746242349513  0.74873335046432998
  0.75922281481765996  0.76953272885361979  0.77969868531330322  0.78990834206409277
  0.80030327946808022  0.81073286305117032  0.82101480433414031  0.83147914862904126
  0.84195289819777019  0.85256061820031426  0.86317101897309467  0.87385597685644301
  0.88449201560812096  0.89510128544063983  0.90593640056785596  0.91672868338987135
  0.92732104591214104  0.93779750565373976  0.94824676876480929  0.95876352103038887
  0.96905648879024431  0.97936878121977777  0.98965344138818889  1.00000000000000000
 -0.00263037019492424  0.00979087017209963  0.02042334103849294  0.03116107305316558
  0.04185585499758957  0.05221189054895519  0.06246656402889987  0.07278664945604740
  0.08313294005691568  0.09372765411805617  0.10430520977846978  0.11500786609962316
  0.12556200214538477  0.13608589332480739  0.14661276770591228  0.15709352996574857
  0.16746077133536380  0.17797595045420569  0.18847703659519338  0.19907894658047429
  0.20987508006484798  0.22066121325933313  0.23146503983588659  0.24196184880332464
  0.25239761843300001  0.26293085047419951  0.27349947444026629  0.28434837856696199
  0.29516243421915900  0.30601752727526305  0.31678142719550229  0.32754065902664153
  0.33822076439331789  0.34881169469332912  0.35926262650001145  0.36969185929350057
  0.38029252101749639  0.39098465414869921  0.40173816947085500  0.41237488462861233
  0.42310902050778371  0.43363717145169034  0.44435031350184501  0.45475303308759019
  0.46542122663519164  0.47588864408084725  0.48621716182004038  0.49647823699621374
  0.50671857387131891  0.51709524973492260  0.52762630023244184  0.53811058676669798
  0.54881880538884809  0.55948904513062248  0.57012731951437701  0.58065810500072701
  0.59108346459582473  0.60154052885230425  0.61196043455239890  0.62241615384482585
  0.63280640736550597  0.64315800630711106  0.65335478362071953  0.66367316446880442
  0.67397818799976139  0.68440113356690269  0.69473160329771078  0.70513052186083991
  0.71557606221646097  0.72602100662012825  0.73655375072912677  0.74718382677737860
  0.75775356307660025  0.76834997337770494  0.77902384675999781  0.78978431448036934
  0.80035698038580205  0.81079839729267567  0.82126800530569199  0.83162257282866903
  0.84203040304820531  0.85244186614274597  0.86308140439519188  0.87369000656501339
  0.88452970956883636  0.89526620848113891  0.90593058834949758  0.91649889449030431
  0.92707203861871346  0.93760946121702415  0.94820086109442137  0.95859633886208373
  0.96892472184046663  0.97912199669422018  0.98953358613744413  1.00000000000000000
 -0.00209811607071170  0.00948260639457108  0.01955943754886628  0.02993132929591647
  0.04032180184164598  0.05070904661904095  0.06119945200879065  0.07180994409724258
  0.08239620173947175  0.09280204971684224  0.10318564771749994  0.11350318419600172
  0.12377485352735726  0.13394933696897321  0.14423885904555031  0.15464884787912475
  0.16498206528685411  0.17528672091522932  0.18563782022787170  0.19625915989588416
  0.20702155208497605  0.21768010809181845  0.22824101761167961  0.23867900448474530
  0.24895936451671255  0.25905334574073874  0.26914931849186796  0.27948222774348852
  0.29000752875412916  0.30066525627285745  0.31126859562672915  0.32180209075707722
  0.33232316040921200  0.34293747356305665  0.35358267796267961  0.36413756686473164
  0.37462886733042838  0.38523871481503913  0.39591146790760434  0.40662382486825915
  0.41726886243352862  0.42780917425375936  0.43839431435857018  0.44899132412801851
  0.45967852643327839  0.47009189501470183  0.48060961184573592  0.49091560752926355
  0.50147831397913745  0.51199053322885602  0.52258489696850263  0.53316192827840547
  0.54372403892508192  0.55442704220940919  0.56488966100546523  0.57523351952945190
  0.58560698006647471  0.59622847560348169  0.60689712943413021  0.61754458084805264
  0.62817671316996981  0.63870327376122216  0.64930904402941580  0.65983136852083102
  0.67034774700433086  0.68069992259287337  0.69133711229425965  0.70211481057944369
  0.71288073971051025  0.72351181332186199  0.73413826703366114  0.74469064174542476
  0.75524743016673035  0.76592183882019371  0.77676939887935503  0.78771594359452490
  0.79862733842080447  0.80956442233033554  0.82031437365672644  0.83107027630161545
  0.84164967909831578  0.85234515869368044  0.86305097794491969  0.87392776777382553
  0.88437036095762322  0.89470899974740881  0.90500340897678833  0.91523524358445396
  0.92590895662688688  0.93624028567620399  0.94711619592432672  0.95786902256109496
  0.96850381755379722  0.97919852827554654  0.98958515270296887  1.00000000000000000
 -0.00254433090487520  0.00970001724403071  0.02000546768930615  0.03061032836711822
  0.04140820950529896  0.05235072553820617  0.06317124332397296  0.07387954294724343
  0.08467492440290438  0.09568724426907249  0.10657640187536711  0.11718562150963920
  0.12755929937544072  0.13795882549106855  0.14824715965543905  0.15844872731607001
  0.16867376829463096  0.17917266709523830  0.18970433215042576  0.20002590603700565
  0.21030067904694610  0.22070086172691211  0.23114200718983394  0.24174928710412230
  0.25220608769067121  0.26263851151672823  0.27319123358747860  0.28380637256351021
  0.29452324104698963  0.30493996144621488  0.31540647877735950  0.32586898483053817
  0.33636565556005771  0.34697237022357119  0.35738102915228359  0.36771880957607422
  0.37803932442659682  0.38839021049375821  0.39879125194803999  0.40931455333458633
  0.41976309133142137  0.43032923834812348  0.44091048106349939  0.45162642247479512
  0.46234528988883783  0.47327261266131232  0.48406262906726188  0.49486219365919193
  0.50545968000796937  0.51613844886781313  0.52662655576215756  0.53694169010948611
  0.54747072558501908  0.55792478986333172  0.56834720168028863  0.57870642127202887
  0.58915749513905746  0.59973847326443375  0.61014026411209865  0.62048598828307966
  0.63080698849634731  0.64118655639640687  0.65157060728732652  0.66178976774091458
  0.67209887143774216  0.68243820194824845  0.69286146216604216  0.70321316644296394
  0.71365201486985730  0.72412569120887815  0.73464532442058428  0.74507461508403028
  0.75550935231276839  0.76609135107270754  0.77679593813050729  0.78761989085264039
  0.79839543711012695  0.80896396176181884  0.81961201741494338  0.83015975729639324
  0.84083162466392392  0.85139960965081718  0.86197141673917088  0.87250878586978009
  0.88304168173344444  0.89359260792288286  0.90405028257792164  0.91437206952313865
  0.92473052194626360  0.93506426929152564  0.94554326070808348  0.95600485613496988
  0.96687784389316433  0.97788319906043175  0.98894496436876655  1.00000000000000000
  0.00932107234871327  0.01558419762579908  0.02509115449859071  0.03594311155793450
  0.04636434180764110  0.05675444658018308  0.06715332589215477  0.07744514770675334
  0.08773046886946829  0.09796254606658919  0.10825373602094190  0.11885621885296782
  0.12946769273317768  0.14015312346595374  0.15070270582079476  0.16129590593413121
  0.17192859596069196  0.18254333933385244  0.19310400370946315  0.20344919512811072
  0.21363360262007838  0.22378162764479298  0.23395126099261002  0.24417574387608662
  0.25458147760645078  0.26498451071589696  0.27533690609118733  0.28557554310214933
  0.29582267705654053  0.30594215969246746  0.31593464468129573  0.32591330906922300
  0.33589039254401837  0.34608226102966955  0.35642119503264885  0.36689576857632428
  0.37739456782352387  0.38781198164304509  0.39822767753118016  0.40859948489371439
  0.41889806875944008  0.42925951107342453  0.43971364307874145  0.45024516486905980
  0.46073710738180423  0.47113916066581629  0.48154845843465061  0.49201349020629154
  0.50250018313453293  0.51298194723378976  0.52343762196493793  0.53383611150796539
  0.54411408814413120  0.55423519379692965  0.56425498155818188  0.57425588955627616
  0.58432947567752147  0.59447781384332776  0.60474981403172456  0.61517173023694771
  0.62567951384891440  0.63618015640146219  0.64661347217141529  0.65702241712798359
  0.66744041681395572  0.67782404276098296  0.68820794248931993  0.69861846188963683
  0.70900663817359189  0.71940041298929291  0.72987832619573012  0.74049608984344995
  0.75120118395772573  0.76184285041554434  0.77234282544651522  0.78277699275751178
  0.79321774233339970  0.80370330372826981  0.81421435630181882  0.82473013527832661
  0.83521415724769887  0.84570653131315399  0.85623500825846821  0.86670798513486624
  0.87720270834378500  0.88762530415765928  0.89813147036131047  0.90858808061341012
  0.91908021926580641  0.92943716072216787  0.93973421461568019  0.95003001277496246
  0.96041658287101384  0.97066239403475696  0.98086489017043610  1.00000000000000000
 -0.01744336249035770  0.12112838974990693  0.18354019417064604  0.22853719132465147
  0.25869464988906576  0.28150787465640731  0.30053702963620743  0.31712049635530504
  0.33215494481567387  0.34542892118182178  0.35794637612381941  0.36944246529377855
  0.38036803128297519  0.39061777562078109  0.40043014552947176  0.40977558766990602
  0.41876737940087000  0.42737622765114219  0.43570132883073914  0.44375629405572070
  0.45156367192974739  0.45919221112906999  0.46656724793503290  0.47377227759845320
  0.48082777103910285  0.48761633866921628  0.49431910575208138  0.50087890569043114
  0.50727700602882186  0.51356188732038366  0.51976854918773197  0.52583675494515159
  0.53179939155536426  0.53772712514275556  0.54353643946542185  0.54924463312246519
  0.55487718756031845  0.56043897780064500  0.56592613926590607  0.57134949568314120
  0.57673811557464894  0.58208716488019974  0.58733863014906040  0.59255270115306824
  0.59772732564234254  0.60286156623004228  0.60793448892400936  0.61296711472061227
  0.61798094475104848  0.62298390045446994  0.62795813807193168  0.63289778980736477
  0.63780958161005830  0.64269466451123503  0.64756276431063653  0.65238124191457803
  0.65720939288151103  0.66202243173130526  0.66683900703063215  0.67165999938354026
  0.67647995081934276  0.68130656315743288  0.68615381003604570  0.69102241659612396
  0.69589911093296475  0.70078410564269566  0.70567540486760416  0.71060361304671948
  0.71558003770690548  0.72058443994310617  0.72562806711500227  0.73073174245844330
  0.73591762453922693  0.74117697029180185  0.74648988003961358  0.75188408990279010
  0.75740477775278836  0.76299019345629215  0.76866585120755215  0.77452018946548074
  0.78057399353151691  0.78670425743346273  0.79304830226681300  0.79970661577773594
  0.80653864762570671  0.81371257219421067  0.82128124582515505  0.82925554443793215
  0.83790144039348768  0.84728014953886754  0.85776137923225382  0.86953054373265548
  0.88366190023620195  0.90161700366240138  0.93042821839449141  1.00000000000000000
   2.4850224160292263E-039  -1.0000000000000000     
 F F F F F F F F F F F F F F F F T T T T T T T T T T T T T T T T T T T T T T T T T T T T T T T T F F F F F F F F F F F F F F F F F F F F F F F F F F F F F F F F T T T T T T T T T T T T T T T T T T T T T T T T T T T T T T T T F F F F F F F F F F F F F F F F
  <DiscreteSampler_grid>
  grouped_processes
  1 # 1 for a reference and 2 for a running grid.
  10 # Attribute 'min_bin_probing_points' of the grid.
  1 # Attribute 'grid_mode' of the grid. 1=='default',2=='initialization'
  0.0000000000000000 # Attribute 'small_contrib_threshold' of the grid.
  0.5000000000000000 # Attribute 'damping_power' of the grid.
 # binID   n_entries weight   weight_sqr   abs_weight
    31   10   1.343983560929679E-025   3.039229887655988E-050   1.343983560929679E-025
    32   10   1.343983560929679E-025   3.039229887655987E-050   1.343983560929679E-025
    34   10   1.343983560929679E-029   3.039229887655989E-058   1.343983560929679E-029
    35   10   1.343983560929679E-029   3.039229887655987E-058   1.343983560929679E-029
    37   10   1.343983560929679E-029   3.039229887655989E-058   1.343983560929679E-029
    38   10   1.343983560929679E-029   3.039229887655987E-058   1.343983560929679E-029
    40   10   1.343983560929679E-025   3.039229887655988E-050   1.343983560929679E-025
    41   10   1.343983560929679E-025   3.039229887655987E-050   1.343983560929679E-025
    43   10   1.343983560929679E-025   3.039229887655988E-050   1.343983560929679E-025
    44   10   1.343983560929679E-025   3.039229887655986E-050   1.343983560929679E-025
    46   10   1.343983560929679E-029   3.039229887655989E-058   1.343983560929679E-029
    47   10   1.343983560929679E-029   3.039229887655987E-058   1.343983560929679E-029
    49   10   1.343983560929679E-029   3.039229887655989E-058   1.343983560929679E-029
    50   10   1.343983560929679E-029   3.039229887655987E-058   1.343983560929679E-029
    52   10   1.343983560929679E-025   3.039229887655988E-050   1.343983560929679E-025
    53   10   1.343983560929679E-025   3.039229887655986E-050   1.343983560929679E-025
  </DiscreteSampler_grid>
