  0.00194031186828552  0.01206786729384286  0.02349701728946930  0.03418779116420927
  0.04468502055864969  0.05490331433753742  0.06494071743091463  0.07499175350064001
  0.08507982351211860  0.09530257806244496  0.10552584442008586  0.11566869147114633
  0.12597672038154070  0.13623501242477906  0.14650319527931829  0.15660680947849034
  0.16676102362220688  0.17701179586026911  0.18731981142659071  0.19751992543358723
  0.20780280250578256  0.21792490081592467  0.22806090052960012  0.23805539077720658
  0.24796228588045952  0.25793558464511585  0.26786533709263766  0.27789273272529469
  0.28789203083928244  0.29807415701464551  0.30829467172375369  0.31854797064387019
  0.32881087969718292  0.33921106861617151  0.34960964818300977  0.35989631048583914
  0.37007889864788118  0.38032867807116677  0.39053573942448178  0.40068271693746194
  0.41078190245502944  0.42091388094428245  0.43108828853843090  0.44127082488967223
  0.45150496083633285  0.46175048437904559  0.47191358374831455  0.48208075151080682
  0.49224658388336534  0.50241032636633998  0.51253683095802871  0.52274607188232824
  0.53304474838843319  0.54324267140039673  0.55330498678001450  0.56345952146799250
  0.57377083646117211  0.58407182347907705  0.59420874360521891  0.60424721691815864
  0.61426731179619365  0.62432250515852483  0.63441323562680374  0.64456365538003646
  0.65477508130870710  0.66506285948119392  0.67548253551395099  0.68588707198194554
  0.69615196176302940  0.70637504294855769  0.71656945534120919  0.72671250576266455
  0.73675300408826971  0.74675821071951332  0.75686868922019346  0.76709336508541048
  0.77742740402516264  0.78784946680191315  0.79829129048600267  0.80870000010239673
  0.81907335154217231  0.82940513855729503  0.83976822879143165  0.85016269726625138
  0.86055640737951511  0.87090973813112693  0.88121272551052920  0.89152310369048504
  0.90191308395794179  0.91240964659568724  0.92309513018054523  0.93405423316662772
  0.94541893643955588  0.95784224083204161  0.97425783028324131  1.00000000000000000
  0.00165876165174663  0.01386197543438046  0.02634044670916735  0.03753226071007391
  0.04835084575858295  0.05890787906694854  0.06951530690807811  0.08018432515008285
  0.09085685213286515  0.10150546360315472  0.11198904621730978  0.12244920520001613
  0.13275098958649928  0.14292811178596021  0.15288758293753249  0.16272329161709639
  0.17253863101753480  0.18235845608903542  0.19218226585228407  0.20215534585236422
  0.21217204846240445  0.22225748499749692  0.23219597781021759  0.24209775239135622
  0.25199586429144777  0.26200464635081416  0.27203071823579783  0.28209865045741567
  0.29220945536910969  0.30231869205783624  0.31239366095112103  0.32236116333816989
  0.33224921476663921  0.34217806629010528  0.35227257172547904  0.36243266958006570
  0.37260283185580645  0.38276454091996653  0.39296994296004534  0.40313139234297884
  0.41323356972384889  0.42322882227069991  0.43315666255541280  0.44299410732846939
  0.45273474656821516  0.46247598698775677  0.47224745213273273  0.48218566321271789
  0.49224227257514697  0.50232636427274036  0.51236540485094151  0.52237431308322191
  0.53245602503939937  0.54257110309192713  0.55272999709469683  0.56291431421503579
  0.57315829734054624  0.58348220372233117  0.59383030403367776  0.60419452816384156
  0.61450143121470902  0.62470148869482856  0.63488962059457943  0.64509906852869237
  0.65538249540455151  0.66576851881253407  0.67605431722735199  0.68627059904524645
  0.69631117205029247  0.70626445918108605  0.71619581908970720  0.72617343996848915
  0.73635818673949882  0.74673648420342720  0.75715234858090430  0.76755164988055191
  0.77796367955714574  0.78850725248948139  0.79914806803934724  0.80974652457628871
  0.82021991106560010  0.83065273508073811  0.84124425015798365  0.85187099181472603
  0.86250924766103698  0.87311975448089607  0.88372437013380167  0.89438527617899011
  0.90503055382897113  0.91569085494611102  0.92630594749491402  0.93708093522224067
  0.94814222585148722  0.95989931482925983  0.97262981971360962  1.00000000000000000
 -0.00246585069283783  0.00962902531082839  0.01978830003408796  0.03030450747088874
  0.04087534179305857  0.05117677075753987  0.06150535233733664  0.07208301638504891
  0.08282013310576326  0.09359422298348526  0.10427711533933998  0.11469525803469249
  0.12506982267915431  0.13549789779939023  0.14592868251684085  0.15637531660354229
  0.16697149004210268  0.17768384820542218  0.18824171117707611  0.19854891456542140
  0.20883397677288132  0.21925216246574578  0.22962082234749392  0.24032287839825922
  0.25091477409710466  0.26157029045066166  0.27235922497893472  0.28307684851011372
  0.29368029957990988  0.30395095642747649  0.31437891241925964  0.32481365942161816
  0.33516233553744124  0.34554440047945173  0.35596268734839637  0.36647748079485454
  0.37704402706952245  0.38756711371729508  0.39791625994725632  0.40806046711598709
  0.41828828317345462  0.42873544422949256  0.43913533417728179  0.44954662745168450
  0.45989913928340664  0.47040224028118016  0.48088063287058030  0.49113977985830154
  0.50138603137619775  0.51182464191000954  0.52244540220287838  0.53317053285012661
  0.54389576990566124  0.55461889658020280  0.56525019105760443  0.57579818478971689
  0.58628565710278102  0.59676136126808632  0.60721505749120952  0.61792247936694089
  0.62855411065954947  0.63918225540659257  0.64960714791496732  0.66027568649609980
  0.67086333114257835  0.68162952810316246  0.69233471267458280  0.70313715446538871
  0.71379552033749905  0.72435025288995303  0.73477796739789181  0.74519807599114052
  0.75562543288388384  0.76612474107481709  0.77675621241200010  0.78737727730563323
  0.79789296967765366  0.80836460821705747  0.81908522861544419  0.82997237515572386
  0.84079299505171601  0.85146840072680652  0.86211833116711067  0.87281898558281490
  0.88342405532601176  0.89413299387169431  0.90478655274859954  0.91565354579900671
  0.92624655910497711  0.93690692662483088  0.94735437018161817  0.95793159977745257
  0.96833249448540859  0.97885741784908975  0.98936722202593186  1.00000000000000000
 -0.00246238595350357  0.00929175524517326  0.01932494257129762  0.02988494999059236
  0.04040554767377517  0.05105346324854567  0.06182779148914875  0.07266398086706258
  0.08353047531723054  0.09411246686312973  0.10455337360115342  0.11499761155835450
  0.12558689130899758  0.13635776845826342  0.14687179241699591  0.15737194194331600
  0.16779234232444198  0.17835501315431374  0.18887025622880985  0.19931512423262815
  0.20983792242509602  0.22036207044261738  0.23105098476031405  0.24174404408790734
  0.25243915509346793  0.26326569572030367  0.27407286607993536  0.28502748957440138
  0.29590269932417701  0.30674964675451744  0.31758693765168017  0.32838997054372582
  0.33910931493669522  0.34974356318974564  0.36028834139703869  0.37094334815531388
  0.38148349586683222  0.39202150538125746  0.40239353777409353  0.41271839001361305
  0.42297699791781862  0.43326917889560651  0.44360667931609132  0.45399293977137073
  0.46448257350194599  0.47493608264403220  0.48539842855295168  0.49579046785457437
  0.50629666014049213  0.51686918607665144  0.52729718016133964  0.53759049311255513
  0.54781205077716233  0.55807450778389545  0.56838660371584726  0.57875685757239248
  0.58925875248235415  0.59991707579839904  0.61056324411618734  0.62119093603254993
  0.63177798714655642  0.64239365161367223  0.65287795066764343  0.66323987773624227
  0.67357268991645447  0.68385828528960957  0.69427236748204746  0.70475421281717687
  0.71527269987772790  0.72575260788277030  0.73640813855070597  0.74723513832389732
  0.75796122560515666  0.76863981858650465  0.77920938548272300  0.78989689621170278
  0.80016895645343011  0.81042691813206691  0.82070431272674749  0.83104885697354947
  0.84142584675029219  0.85177364814152434  0.86243581220012011  0.87314637249449989
  0.88382314645369486  0.89432593875902511  0.90467013113439887  0.91498623687012204
  0.92545461582772226  0.93598256446971762  0.94652188182103048  0.95704630344589625
  0.96789237076118884  0.97869992421372121  0.98939340108255902  1.00000000000000000
 -0.00250937985931223  0.00922811828501301  0.01938916335978467  0.02999226707777252
  0.04068837520159106  0.05126765509731816  0.06181982314077123  0.07225603114330222
  0.08290044901312778  0.09345939063706878  0.10407346696049453  0.11467958648508593
  0.12527472481771382  0.13586468098405802  0.14634328166778032  0.15694047294897190
  0.16755887696409363  0.17808467655473031  0.18865038237006956  0.19920290133555899
  0.20963836905795294  0.22005230364928446  0.23050123465093156  0.24113329564908959
  0.25186719227130488  0.26256018050259389  0.27322272851660356  0.28359362239684982
  0.29404306347672304  0.30452991009617841  0.31505888460268122  0.32558005694980241
  0.33607639139247475  0.34662217194733946  0.35712054791648379  0.36772894543245033
  0.37834910778538450  0.38914841964096220  0.39995403521935663  0.41096073141047562
  0.42161582568472961  0.43205276939581533  0.44231355991466020  0.45256151169120679
  0.46278254050951845  0.47296376507078924  0.48331769672009778  0.49381618467697291
  0.50437104188524229  0.51510837427147449  0.52581500233722833  0.53654114444907841
  0.54718323899197019  0.55786754866511956  0.56848512961993702  0.57912250001994658
  0.58973186715655923  0.60041397763500426  0.61089965019133630  0.62127068142481201
  0.63162281967906297  0.64185984287302400  0.65231587804547209  0.66294492529699534
  0.67354240641576568  0.68415065806950826  0.69471968082267599  0.70534768583390139
  0.71580073721464255  0.72610927664484182  0.73651235603613330  0.74691422748676273
  0.75740917847350242  0.76807999102393365  0.77865753127029902  0.78926338589446332
  0.79966532697531856  0.81008522323238852  0.82044702643584844  0.83074524687810303
  0.84110724602682163  0.85148334944554704  0.86207839246015561  0.87273608394245294
  0.88352494206232546  0.89437487082603795  0.90512222732368020  0.91584843136972616
  0.92639235600543679  0.93709010646171109  0.94747866846833029  0.95816420079158160
  0.96872029806580018  0.97937747294595201  0.98964521776271619  1.00000000000000000
 -0.00235313519925371  0.00928630501616965  0.01918071173693977  0.02964741371173851
  0.04015795147373738  0.05093592525045060  0.06154772269318973  0.07213251747174627
  0.08281228521934939  0.09328282165072303  0.10375813042569274  0.11387992549644835
  0.12401748620777824  0.13414752149021719  0.14429494386886887  0.15466254725399278
  0.16498073893551374  0.17552625584195211  0.18613924687837000  0.19665117997385079
  0.20716481304983181  0.21756521620955133  0.22795325266653049  0.23831554960509546
  0.24888383430818259  0.25943062009546430  0.26999246063564808  0.28044556874082954
  0.29089795234928639  0.30117647611963116  0.31149051842911540  0.32202481476266315
  0.33269251732792449  0.34325498927860454  0.35387713083615363  0.36459562709282417
  0.37533650561719889  0.38571114482082386  0.39612589739331788  0.40659912839982298
  0.41724119001761262  0.42802601303073828  0.43880686132786428  0.44974727056868335
  0.46051073931738007  0.47106350953616144  0.48157308076694383  0.49215097612389380
  0.50272976122639956  0.51312453846071515  0.52359819961480603  0.53402473106242176
  0.54446284082950747  0.55486822138569225  0.56537816330165991  0.57609323299520443
  0.58652875869838883  0.59691565003771752  0.60722712123387546  0.61777003039130962
  0.62836571058877877  0.63884109294469638  0.64948111165422173  0.66008368857632715
  0.67067085476151034  0.68115611046242008  0.69161243953581586  0.70209518832898254
  0.71242655138456479  0.72291019367665088  0.73349450969262708  0.74421377451331228
  0.75495537882334884  0.76567653310927053  0.77641499918366663  0.78719844875732681
  0.79786437302359114  0.80836790324805319  0.81872807680049919  0.82929865903516908
  0.83974466271574366  0.85026287832551295  0.86083860784330646  0.87143793602447117
  0.88225064502136152  0.89291815455481460  0.90375579901711922  0.91447562337274801
  0.92522956877014251  0.93594334134561608  0.94657795536533340  0.95711536514287165
  0.96790211155749750  0.97859958950333870  0.98940471109704553  1.00000000000000000
 -0.00251983991337632  0.00957601197239892  0.01987264388369658  0.03045195882479479
  0.04108392316589984  0.05166553582396834  0.06241841611988345  0.07318954535646195
  0.08407732890461322  0.09468305705782794  0.10527854366145588  0.11568358283289747
  0.12602191837189047  0.13629179159656535  0.14644877581507335  0.15685636230907546
  0.16725560913085674  0.17785563454663228  0.18844633313126191  0.19900709683998008
  0.20952679025999801  0.21985190030173296  0.23013248729329391  0.24051028945802044
  0.25089443124852628  0.26131367169617425  0.27162888760657228  0.28192715287605363
  0.29213134527905626  0.30250610013271839  0.31282075306908930  0.32337644996893328
  0.33379553892086855  0.34439864732878939  0.35500269367252385  0.36565252098481049
  0.37625426804903284  0.38689061394897029  0.39748030257083611  0.40814385955950716
  0.41869840889482102  0.42926907034523676  0.43986074561968452  0.45032720744951227
  0.46089647001632494  0.47152406683542336  0.48217972491333394  0.49279831826883486
  0.50341697681941866  0.51400517439338811  0.52459844977169279  0.53505430872271587
  0.54564033221321140  0.55612973530970278  0.56660797771764804  0.57703604661716557
  0.58756383704154513  0.59814618000045694  0.60866107931940550  0.61914660198718630
  0.62975369438213802  0.64037997755564113  0.65099522650581920  0.66154690888533541
  0.67206502883806585  0.68263915723370694  0.69333483392748763  0.70428819381409957
  0.71530226456120505  0.72628655813013221  0.73711770553717604  0.74783548271393263
  0.75853876298415868  0.76918477885708769  0.77961586726768384  0.79012983923044322
  0.80080700372794100  0.81141553448841863  0.82203707272216620  0.83243898249011294
  0.84299035736221262  0.85327515519389174  0.86383049131923650  0.87443642071209093
  0.88509957284267149  0.89581535943122315  0.90646126598442744  0.91700409419436002
  0.92738782661939656  0.93774450540868792  0.94794289678166821  0.95807407465724581
  0.96847437590182928  0.97904924735393695  0.98959250435906343  1.00000000000000000
 -0.00252094597921906  0.00951267849926647  0.01958517434960637  0.03005045300397906
  0.04043292161412883  0.05127564095767871  0.06215007943330644  0.07290678291782185
  0.08360458690257530  0.09431269407042495  0.10500607291588390  0.11560276522685066
  0.12615169271531840  0.13674828083957549  0.14728351901672107  0.15770910746489222
  0.16803390434005930  0.17825514525571073  0.18850374408188170  0.19867711326705023
  0.20902917605422400  0.21951322967979447  0.23017289820141013  0.24079525802220639
  0.25134772962115531  0.26183399247826100  0.27234543186278654  0.28270333112133150
  0.29299629827026635  0.30330722235151469  0.31363613569173215  0.32406988410648624
  0.33456577505942808  0.34514271518112027  0.35580708309205272  0.36635238704731982
  0.37686822820470028  0.38733716267862811  0.39784392859259149  0.40852146611136098
  0.41912947195125777  0.42979195334957215  0.44042619477901790  0.45120699923819807
  0.46194095900594806  0.47270505774087124  0.48322294966670271  0.49365251665526960
  0.50409397619400653  0.51456280090753170  0.52502014273687081  0.53541983612947719
  0.54596328607343347  0.55660521307860145  0.56729895576802170  0.57804804518073483
  0.58868910754471426  0.59936508791186960  0.60982961476869824  0.62034359280675189
  0.63074983533374918  0.64117550870639950  0.65168747925380277  0.66203162280295225
  0.67248608092491990  0.68296449833004835  0.69362275515662153  0.70439068597340138
  0.71520691624175525  0.72628136137572408  0.73703972037272814  0.74779161447463027
  0.75829230659899804  0.76880379504208796  0.77914304389074929  0.78948723485338179
  0.80003681032724838  0.81064377229127116  0.82121368370659698  0.83181100928370488
  0.84238698443737936  0.85292977796296066  0.86321705883398503  0.87357814785373522
  0.88401267889402069  0.89467563063517563  0.90532361848571319  0.91599404034235066
  0.92641863557230519  0.93680206091760609  0.94717104166801502  0.95753353766528015
  0.96820658888443401  0.97873103215077839  0.98947591773322130  1.00000000000000000
 -0.00129131270141886  0.01325776973226545  0.02570237618818723  0.03686787702479925
  0.04799495396600253  0.05885878635435381  0.06957178194186969  0.08029622340321373
  0.09103138436814590  0.10181538958038279  0.11237591956062026  0.12295058588707684
  0.13345600975494001  0.14398609558998532  0.15439943744161005  0.16498690907398159
  0.17557010619699404  0.18617601472048123  0.19678654721068781  0.20756384381750007
  0.21820541689143053  0.22882736213297813  0.23932436703897869  0.24975630815509733
  0.26009776604808682  0.27052029821104312  0.28113563022560423  0.29170073401077445
  0.30219450898359007  0.31276648817073377  0.32326360666325699  0.33370021623306645
  0.34395770522892677  0.35419084898125419  0.36458312559376727  0.37506005884824950
  0.38566099261354442  0.39618082456130183  0.40668568224413787  0.41711926540436578
  0.42751210385254851  0.43791128214740910  0.44813885997189512  0.45824956243596909
  0.46856362955118230  0.47900291745466550  0.48951863022767339  0.50002200860829416
  0.51066261481510344  0.52138680924730763  0.53197838784480411  0.54249675491894445
  0.55310090421713154  0.56373830690967297  0.57421748989706511  0.58487152417139243
  0.59550871027564767  0.60610255856186857  0.61633306649275166  0.62669522154959467
  0.63704777248967681  0.64744892508201024  0.65783594099825204  0.66814644241961951
  0.67861418735500034  0.68886214455273442  0.69921660703915811  0.70950641584306440
  0.71984766068096739  0.73023286349149619  0.74068516182444522  0.75095372101588453
  0.76125401234379553  0.77144111278784688  0.78172860000729272  0.79206194248696749
  0.80221643680831767  0.81240008434640976  0.82268626226906760  0.83298389904658765
  0.84349516973322625  0.85392429119483615  0.86460955472138346  0.87518084609804303
  0.88581123711194953  0.89645073066645842  0.90690838730955070  0.91737418132195003
  0.92767347646542309  0.93808844088266119  0.94850255756712953  0.95880187905124004
  0.96895964407385438  0.97899130038952764  0.98947683074837711  1.00000000000000000
 -0.01964274959251925  0.12149145526454526  0.16715246805644546  0.19652354411759260
  0.22062831708757347  0.24117297054908551  0.25947045459031548  0.27602829840995269
  0.29135444771308139  0.30566453053493636  0.31919883874299826  0.33206854202531499
  0.34435336973301328  0.35612982515210279  0.36742294069341369  0.37833242907261239
  0.38887213757696315  0.39911194248408727  0.40907353608652275  0.41876164244343678
  0.42816475397330556  0.43732634258527453  0.44624864957945221  0.45499292785297785
  0.46356345595571746  0.47197767903469795  0.48028015639638461  0.48837338379112760
  0.49632962669613595  0.50415778569803693  0.51185704653250974  0.51950490090201218
  0.52696619083814433  0.53433049756116502  0.54159275952044361  0.54874518180266063
  0.55584828446077350  0.56284890337472404  0.56970424620605287  0.57645868402702793
  0.58314660450894806  0.58974944418880992  0.59627352958378232  0.60272264428440525
  0.60904320026182435  0.61527865104942181  0.62147376517330311  0.62760979656370863
  0.63366202609500488  0.63967824970154608  0.64565652371685867  0.65151428940851230
  0.65733622552857407  0.66312861981562832  0.66887640021246297  0.67457218174341904
  0.68023774230297818  0.68588308921197350  0.69148602947979243  0.69703581819551785
  0.70253648896783927  0.70799597066726183  0.71341934931674522  0.71883315802586134
  0.72423675738792415  0.72963058940767844  0.73498079631259206  0.74031158823016108
  0.74565727399153303  0.75102428779639785  0.75641569436802059  0.76184175161940937
  0.76727483911775685  0.77276450319048229  0.77832929860038125  0.78390153262252393
  0.78948626470263639  0.79512331721788421  0.80082287248975859  0.80658122210003136
  0.81243837447320522  0.81845274899177978  0.82461490323857667  0.83091042627856171
  0.83745959686850024  0.84425480579239576  0.85128459875763562  0.85870000408393543
  0.86663284154029185  0.87495893025376470  0.88422643656378919  0.89451838451402954
  0.90670673529987711  0.92214982478437335  0.94565461371793347  1.00000000000000000
   1.1402463586516250E-005  -1.0000000000000000     
 F F F F F F F F F F F F F F F F T T T T T T T T T T T T T T T T T T T T T T T T T T T T T T T T F F F F F F F F F F F F F F F F F F F F F F F F F F F F F F F F T T T T T T T T T T T T T T T T T T T T T T T T T T T T T T T T F F F F F F F F F F F F F F F F
  <DiscreteSampler_grid>
  grouped_processes
  1 # 1 for a reference and 2 for a running grid.
  10 # Attribute 'min_bin_probing_points' of the grid.
  1 # Attribute 'grid_mode' of the grid. 1=='default',2=='initialization'
  0.0000000000000000 # Attribute 'small_contrib_threshold' of the grid.
  0.5000000000000000 # Attribute 'damping_power' of the grid.
 # binID   n_entries weight   weight_sqr   abs_weight
    31   10   5.923247947395237E+005   1.200849968063486E+012   5.923247947395237E+005
    32   10   5.923247947395240E+005   1.200849968063487E+012   5.923247947395240E+005
    34   10   5.923247947395239E+001   1.200849968063487E+004   5.923247947395239E+001
    35   10   5.923247947395239E+001   1.200849968063488E+004   5.923247947395239E+001
    37   10   5.923247947395239E+001   1.200849968063487E+004   5.923247947395239E+001
    38   10   5.923247947395239E+001   1.200849968063488E+004   5.923247947395239E+001
    40   10   5.923247947395237E+005   1.200849968063486E+012   5.923247947395237E+005
    41   10   5.923247947395240E+005   1.200849968063487E+012   5.923247947395240E+005
    43   10   5.923247947395238E+005   1.200849968063486E+012   5.923247947395238E+005
    44   10   5.923247947395240E+005   1.200849968063487E+012   5.923247947395240E+005
    46   10   5.923247947395239E+001   1.200849968063486E+004   5.923247947395239E+001
    47   10   5.923247947395239E+001   1.200849968063487E+004   5.923247947395239E+001
    49   10   5.923247947395239E+001   1.200849968063486E+004   5.923247947395239E+001
    50   10   5.923247947395239E+001   1.200849968063487E+004   5.923247947395239E+001
    52   10   5.923247947395238E+005   1.200849968063486E+012   5.923247947395238E+005
    53   10   5.923247947395240E+005   1.200849968063487E+012   5.923247947395240E+005
  </DiscreteSampler_grid>
