 -0.00248245714982423  0.00973153497726090  0.01996081012866360  0.03037487530099406
  0.04096517211011096  0.05147666704827749  0.06202896114773399  0.07249813604449967
  0.08301848936227636  0.09349157832518550  0.10406156827852626  0.11473797777125487
  0.12539995140457769  0.13598486371094404  0.14652113640141398  0.15701883689645899
  0.16745840624948419  0.17796254085358026  0.18861172253432193  0.19928023580324455
  0.20987424247995068  0.22035306938805277  0.23089162287691845  0.24159142504624878
  0.25219283794923225  0.26283564143033655  0.27352363515533673  0.28434682403533612
  0.29491563633367585  0.30531740306028804  0.31569949560917360  0.32623152873991285
  0.33673224509455912  0.34725938303549236  0.35780011584770266  0.36832182358521059
  0.37879958352772614  0.38920988003710766  0.39973326581699692  0.41037756262558966
  0.42101285716870224  0.43174435158972496  0.44234975988656355  0.45303531390790175
  0.46353068746966342  0.47397812963841418  0.48450622061140991  0.49508530994941580
  0.50575395680903301  0.51635824346216175  0.52699969578087524  0.53764876532807404
  0.54827993845552037  0.55894769405899336  0.56946034966146153  0.57985908844347311
  0.59027900899645958  0.60071031974412170  0.61121939320237995  0.62166117604803117
  0.63224818390977044  0.64280058047350541  0.65331614211080569  0.66383420022732909
  0.67439529406844811  0.68483318049508524  0.69547593191266788  0.70609907668013416
  0.71660285723055961  0.72695975435741311  0.73738480028208919  0.74790943067079729
  0.75830022259644903  0.76867072815863935  0.77917800905436307  0.78975773957639661
  0.80034321590287960  0.81091793772366738  0.82141597905674479  0.83190768104698942
  0.84239319881397468  0.85295317556063865  0.86340151786745456  0.87390286143029061
  0.88436837143529878  0.89497173366392324  0.90559962488399559  0.91620557951631010
  0.92665264635919675  0.93717592941649464  0.94768187183763219  0.95813459173185767
  0.96844132643906011  0.97887806945299993  0.98939914535714102  1.00000000000000000
 -0.00253463687672934  0.00941138802277979  0.01974276502035251  0.03038580680259459
  0.04100332867978943  0.05143472442299221  0.06194811797707549  0.07251037931293103
  0.08306406594474400  0.09369641593845213  0.10438989767229068  0.11521720763770799
  0.12591342183042167  0.13658132507081297  0.14727404540944869  0.15799887948011879
  0.16869222289264379  0.17921011795504235  0.18952214836458303  0.19978073432060314
  0.21018895350363145  0.22078224433107543  0.23133167879934008  0.24182814777406281
  0.25237463539676724  0.26295247903303093  0.27345970498208277  0.28380101589668538
  0.29421746643586227  0.30466877169857920  0.31505654225512830  0.32549608839814909
  0.33599907012164038  0.34670711971892565  0.35733870166498677  0.36788434147866156
  0.37829552854704518  0.38861274051523342  0.39897587502196447  0.40956898889044813
  0.42007750369323710  0.43054623486508536  0.44089947699547039  0.45144867370281649
  0.46190931653477729  0.47245716902395246  0.48313971458186300  0.49400987175404293
  0.50484140767094843  0.51545343157036083  0.52603061001833218  0.53665460371196172
  0.54737562146421714  0.55817693593967221  0.56887033413358135  0.57954280137784653
  0.59009807295428540  0.60075433576822312  0.61144027218014785  0.62207947717823830
  0.63265305619614942  0.64316252481516578  0.65362391142884024  0.66397732747683680
  0.67439788108723009  0.68477085073203492  0.69529061398316505  0.70582398337275409
  0.71645728510295537  0.72713767528441509  0.73766881387655614  0.74815046748189662
  0.75865822134403593  0.76925748927445348  0.77990733956268010  0.79054918412705599
  0.80109408475689792  0.81169433461821172  0.82230623177702455  0.83299531224377288
  0.84367058396958483  0.85435065916118047  0.86498506140403808  0.87548160230947170
  0.88594136661069423  0.89634041987767343  0.90660242554962023  0.91692251890420762
  0.92728251440034282  0.93776992538409365  0.94807730740371254  0.95834701040098513
  0.96876398100104510  0.97915355762489076  0.98958803790048233  1.00000000000000000
  0.00215139912273018  0.01083389298972785  0.02137948831600431  0.03164963283176508
  0.04191733398153448  0.05239903707945815  0.06301690653567789  0.07374645888047124
  0.08437531614827003  0.09502824123594673  0.10569345921541952  0.11630091825331806
  0.12691889530167400  0.13767553483457137  0.14831798549937605  0.15907855059545919
  0.16971559638280898  0.18045996829460181  0.19102654123338075  0.20157686795951663
  0.21209460425154159  0.22257862922406590  0.23293212175366718  0.24336918794460741
  0.25382234213971350  0.26438341520547415  0.27491748275160843  0.28546800298524982
  0.29601132732487528  0.30656910539856541  0.31704032568913981  0.32750462579625866
  0.33784178647674801  0.34822463777578211  0.35875045897209379  0.36922934700566240
  0.37978516174966714  0.39030323155673852  0.40091795035782418  0.41165628297784534
  0.42236559727478945  0.43302827093397073  0.44361389786418925  0.45436282124729466
  0.46490485010816185  0.47534659986152988  0.48561202938260734  0.49591566114168767
  0.50628020485244007  0.51658426109096189  0.52704024365619384  0.53735855241510977
  0.54775742829039853  0.55806996503834494  0.56857917058533314  0.57908061891810136
  0.58949669202355715  0.59977987950380363  0.61022969579144348  0.62079357006349056
  0.63130248756272522  0.64178935800229331  0.65231837964302153  0.66299418327896553
  0.67350839045789079  0.68405809727540901  0.69456815625307877  0.70505121171322449
  0.71547290038673617  0.72588881655968795  0.73625411086152215  0.74674049442700130
  0.75718963531941774  0.76766306560154984  0.77809954766840450  0.78846990865762745
  0.79902732401671972  0.80953652338059445  0.82024710525660283  0.83087088766958783
  0.84154869198658744  0.85218112662892442  0.86284339244672481  0.87359355839951347
  0.88422950950387380  0.89480366301617797  0.90518801967045648  0.91564628002425208
  0.92598960387331408  0.93633374662873770  0.94683266581983316  0.95736082168391168
  0.96777093780744128  0.97811485799222486  0.98894544658342809  1.00000000000000000
 -0.01926520161941166  0.12325824069537436  0.16826619383603292  0.19743455051707515
  0.22131593309918268  0.24167029270228282  0.25977780141017903  0.27630596619049813
  0.29163802142052531  0.30598746281587036  0.31948451719148430  0.33232105349566121
  0.34454009567935201  0.35629146195994599  0.36757755880521648  0.37850651026875320
  0.38904143946745162  0.39928364594470422  0.40919115575475001  0.41886353317813124
  0.42826463841480716  0.43746102041717932  0.44644496379865689  0.45523580170539285
  0.46384976507518311  0.47227708617305991  0.48059271456560620  0.48868539116976401
  0.49667816076288873  0.50451111636893098  0.51220501053619460  0.51983334110228840
  0.52727428409702926  0.53463128995069198  0.54187592670314555  0.54900101940438262
  0.55604310117081757  0.56299467007873349  0.56983463537086898  0.57659487068214565
  0.58328120967308461  0.58986542214854620  0.59637794855544268  0.60283136312897112
  0.60918405236709383  0.61546293835537835  0.62168679999494658  0.62783388763132986
  0.63389717649351551  0.63991122993794369  0.64589189708425510  0.65174411202640137
  0.65757254122622855  0.66336630837322874  0.66910478104719684  0.67478929348188632
  0.68043555069455131  0.68605381109227803  0.69162912822525247  0.69714894095109747
  0.70265921080412708  0.70815142502293571  0.71361258765156188  0.71905798978253099
  0.72448676930139588  0.72990244333374255  0.73529543067531289  0.74067498628408091
  0.74605423796358505  0.75143859216936026  0.75682986100719030  0.76223127015752035
  0.76764569908574642  0.77309188967480258  0.77860458914976216  0.78413674348731632
  0.78970956407948334  0.79535198942635499  0.80106289627742688  0.80682737717845154
  0.81269173800206307  0.81871529417459010  0.82487183975471512  0.83114931300888117
  0.83768143234972137  0.84444413135299701  0.85143047111303893  0.85881589314537077
  0.86673544635722466  0.87510223055029679  0.88445955909023222  0.89483414361375868
  0.90714464497762737  0.92271340386102074  0.94636975327171913  1.00000000000000000
   6.2602437070410615E-003  -1.0000000000000000     
 F T T F F T T F
  <DiscreteSampler_grid>
  grouped_processes
  1 # 1 for a reference and 2 for a running grid.
  10 # Attribute 'min_bin_probing_points' of the grid.
  1 # Attribute 'grid_mode' of the grid. 1=='default',2=='initialization'
  0.0000000000000000 # Attribute 'small_contrib_threshold' of the grid.
  0.5000000000000000 # Attribute 'damping_power' of the grid.
 # binID   n_entries weight   weight_sqr   abs_weight
    31   10   6.866061629002020E+010   6.987672475907106E+021   6.866061629002020E+010
    32   10   6.866061629002020E+010   6.987672475907106E+021   6.866061629002020E+010
    34   10   6.866061629002018E+006   6.987672475907106E+013   6.866061629002018E+006
    35   10   6.866061629002018E+006   6.987672475907106E+013   6.866061629002018E+006
    37   10   6.866061629002018E+006   6.987672475907106E+013   6.866061629002018E+006
    38   10   6.866061629002018E+006   6.987672475907106E+013   6.866061629002018E+006
    40   10   6.866061629002020E+010   6.987672475907106E+021   6.866061629002020E+010
    41   10   6.866061629002020E+010   6.987672475907106E+021   6.866061629002020E+010
    43   10   6.866061629002020E+010   6.987672475907106E+021   6.866061629002020E+010
    44   10   6.866061629002020E+010   6.987672475907106E+021   6.866061629002020E+010
    46   10   6.866061629002018E+006   6.987672475907106E+013   6.866061629002018E+006
    47   10   6.866061629002018E+006   6.987672475907106E+013   6.866061629002018E+006
    49   10   6.866061629002018E+006   6.987672475907106E+013   6.866061629002018E+006
    50   10   6.866061629002018E+006   6.987672475907106E+013   6.866061629002018E+006
    52   10   6.866061629002020E+010   6.987672475907106E+021   6.866061629002020E+010
    53   10   6.866061629002020E+010   6.987672475907106E+021   6.866061629002020E+010
  </DiscreteSampler_grid>
