  0.00926952966225706  0.01510959846907618  0.02418534045388357  0.03489712443719237
  0.04524501579163241  0.05568063105677860  0.06618196599296977  0.07694451874830599
  0.08766729379857177  0.09832532264513957  0.10891041324172927  0.11947793052581410
  0.13003520485164527  0.14049030692674719  0.15078412017772586  0.16105563351427366
  0.17145091055045275  0.18200317987250741  0.19246198113473886  0.20299314943208904
  0.21346878125396079  0.22387878278505041  0.23430591749310539  0.24482601050114206
  0.25535109537579309  0.26583329705773312  0.27635420411263278  0.28696649203518970
  0.29730145216928883  0.30743734276127344  0.31743873558733743  0.32763990922706093
  0.33796454616327209  0.34835572822471217  0.35860928896697664  0.36905423526950232
  0.37951035070994715  0.39016634912454701  0.40091772860388142  0.41167228530211569
  0.42212225340108028  0.43256855335293876  0.44298996948336861  0.45349822921710831
  0.46391918377495278  0.47459748095731746  0.48533465943178367  0.49576320914077276
  0.50599482854767952  0.51612470253172782  0.52665258651842373  0.53740232158223811
  0.54807199773460913  0.55854008696193003  0.56880362210529301  0.57893714180412759
  0.58911415303329884  0.59936814109741221  0.60966885068090126  0.62000867014812833
  0.63031646829134436  0.64086704529111194  0.65132858225679768  0.66181211686233998
  0.67226051217308380  0.68267781013275686  0.69312312179856839  0.70353593126193703
  0.71401812877825943  0.72460072676892295  0.73500965058656653  0.74547178977779249
  0.75591925961076689  0.76642917058415916  0.77682386257956293  0.78717320263639856
  0.79763990688990116  0.80820762845566552  0.81863730700805648  0.82898006340648145
  0.83928874506675566  0.84957195217845172  0.85990776830507487  0.87023018254370543
  0.88068423698607012  0.89115915732880768  0.90166602200623247  0.91215430840571421
  0.92270235010892310  0.93309937963054401  0.94356225185877618  0.95402830499796532
  0.96494855359245113  0.97590296650017505  0.98773274928857135  1.00000000000000000
  0.00728976120670476  0.01517837978054776  0.02583479882829708  0.03716603672653519
  0.04808892013246523  0.05886778987353530  0.06972047777952911  0.08055949282901159
  0.09150704021044279  0.10237728396974180  0.11297723492421385  0.12353294724782587
  0.13424525929121489  0.14533327206413993  0.15593392055412236  0.16657476459391451
  0.17684950648078199  0.18725101013674816  0.19737210730883481  0.20738424332270070
  0.21727227498912846  0.22726654266015439  0.23748901094708966  0.24792400866058173
  0.25845171789448473  0.26889952388576771  0.27930396265655666  0.28966930568629123
  0.30011760336517124  0.31065922488384123  0.32109623882239496  0.33146645575581946
  0.34195338402765380  0.35257867639192986  0.36325839512824126  0.37373109095675422
  0.38404337169393676  0.39424991841457130  0.40455844604203073  0.41494219373765329
  0.42541495070558794  0.43577602928836512  0.44611382380863751  0.45650127879703972
  0.46698729362444491  0.47744311252344107  0.48784030417769769  0.49827523484968728
  0.50872633509217491  0.51922931457371846  0.52996539323845471  0.54083513857995535
  0.55166933645815375  0.56242164595416522  0.57302440779594321  0.58346396827226976
  0.59374272940512385  0.60402656927239151  0.61447226723385628  0.62494621959815300
  0.63536006328595140  0.64570433104183911  0.65598868996039494  0.66623279696754045
  0.67639085672907218  0.68645744823930310  0.69643834372831048  0.70635301037185216
  0.71620941228089541  0.72612271673526119  0.73630852247140177  0.74667626787620567
  0.75698375446189681  0.76720092980219989  0.77732480926139857  0.78745828316260003
  0.79761403838594347  0.80780151567662506  0.81803168893352685  0.82820686585272218
  0.83836070121961648  0.84854579205918546  0.85872724439219705  0.86903802033546762
  0.87935783420462266  0.88959736671301926  0.89979822260384423  0.90990874122713694
  0.91997841459526242  0.93001463724125610  0.94013384339241568  0.95022264170650883
  0.96034280022942087  0.97051899898619087  0.98070436030166031  1.00000000000000000
 -0.00256688585646227  0.00949625946679195  0.01983758324143833  0.03053468703975485
  0.04121349923189000  0.05183514608818032  0.06256252547579118  0.07329539662048028
  0.08390890429794799  0.09426700703793689  0.10468161351179073  0.11510701044744891
  0.12557756460575700  0.13605644198459524  0.14659851066571594  0.15722618507761429
  0.16788013848598121  0.17858165285563513  0.18914807962291183  0.19954585887863754
  0.20981793744482991  0.21998615347529576  0.23019778731485854  0.24045457645956658
  0.25072182157945389  0.26102447656798328  0.27130062040495256  0.28173422962199235
  0.29211047304589538  0.30279036956368316  0.31333241113113919  0.32414982932618730
  0.33488108164910291  0.34566826949605195  0.35641934372777528  0.36706983660187986
  0.37772122053718082  0.38823354833801504  0.39893929859459915  0.40966292722045189
  0.42028269239691124  0.43074623003510260  0.44122771063409122  0.45174026703725345
  0.46221881235929535  0.47265163015542450  0.48309092974354978  0.49359999468077320
  0.50416733643480205  0.51479587801636950  0.52562538261991554  0.53641596770152566
  0.54715345431834139  0.55773577659449114  0.56858562847226213  0.57944556692017668
  0.59021152427619017  0.60099028192576220  0.61176378955224953  0.62269744455277243
  0.63347955763006536  0.64418435600481472  0.65490432699294521  0.66560307091946169
  0.67626083476674603  0.68678292859767343  0.69720160789981878  0.70751684913494495
  0.71786601446410625  0.72818789263598072  0.73853533817231065  0.74891506963246324
  0.75931563185508311  0.76988360100149833  0.78027288429508490  0.79061583964777005
  0.80075812521740952  0.81092010533856218  0.82126441144104567  0.83166318496919289
  0.84220621505069038  0.85253737844128152  0.86296804460736998  0.87328828540159908
  0.88373612211866803  0.89424247910999477  0.90470439721288642  0.91514282706484840
  0.92559742704095593  0.93598875152181293  0.94654656769507661  0.95702785555717951
  0.96767944535977690  0.97830386352468557  0.98914044396764755  1.00000000000000000
 -0.00242318855019049  0.00957754006506051  0.01974668359843080  0.03025932903691284
  0.04080080772049514  0.05136297274380343  0.06205362392051571  0.07286151155265522
  0.08378420018671914  0.09437169107599794  0.10498966417434231  0.11552032911908884
  0.12613369305351263  0.13656333427603326  0.14704259799505506  0.15747350376034563
  0.16796080044640885  0.17858085268817145  0.18917452551315611  0.19967128145451601
  0.21019811199113864  0.22079311521520306  0.23138669529255215  0.24165609090660059
  0.25199922981880463  0.26238697046386117  0.27278523851848346  0.28325179407241879
  0.29387093880347537  0.30481511094012104  0.31567894379147626  0.32634325773469114
  0.33682082693191706  0.34726097482258239  0.35770224318810923  0.36806479689160770
  0.37843732452617762  0.38877947681961039  0.39911633950832481  0.40955763983273474
  0.42003398971130324  0.43048156297825496  0.44094637928422004  0.45145919733410733
  0.46211908367206306  0.47293569542053965  0.48380569828594139  0.49446364909621904
  0.50494686379655973  0.51546312078922674  0.52607290819488028  0.53662853824607715
  0.54735374824902117  0.55803706243278306  0.56863330333677620  0.57906361540960882
  0.58968490430183440  0.60028990329151910  0.61084742081289145  0.62130121181098918
  0.63168552999818672  0.64217430023483335  0.65273701506557136  0.66338139251341277
  0.67393189435610601  0.68465189713779206  0.69519058761662422  0.70566480143839494
  0.71599233740001567  0.72638322933354504  0.73683748468645927  0.74725414092507358
  0.75790838764719481  0.76860680453077412  0.77933029478465521  0.78989563901135373
  0.80043383515757505  0.81092057368356618  0.82150236780028874  0.83205993019235736
  0.84268807401137569  0.85336041194361301  0.86409389171441242  0.87484023618352336
  0.88541606155512664  0.89581070991507572  0.90609421836814152  0.91644427774019543
  0.92692836433660442  0.93745181040768488  0.94796559918057455  0.95821435156990853
  0.96865790609594093  0.97904750907763682  0.98958261492729205  1.00000000000000000
 -0.00245620212934221  0.00920430996051179  0.01940003790102558  0.02975948206083312
  0.04032244046761161  0.05085157639375913  0.06133985599317955  0.07199920709914434
  0.08261817174322039  0.09309502879326867  0.10346561574696031  0.11394529118425643
  0.12449915694778349  0.13491390690747623  0.14531963053703914  0.15590953336590635
  0.16661142065279147  0.17722724957076735  0.18787194974193944  0.19858633601109216
  0.20927382817898010  0.21973258185140290  0.23016947287228010  0.24058202653344904
  0.25115680572510474  0.26149208174699073  0.27193152269271775  0.28232483073086068
  0.29279458770155670  0.30335876677050727  0.31387071560231106  0.32428270705705015
  0.33461474158393945  0.34525389543257512  0.35596705908984322  0.36676490221398095
  0.37744330553238520  0.38829409430556244  0.39897617243622441  0.40967930231807614
  0.42035130811682125  0.43090249767641631  0.44126193488728765  0.45151260888204153
  0.46195802786993356  0.47249475521661877  0.48300213420772731  0.49327994889602944
  0.50354158602609000  0.51391051544842137  0.52435548994479675  0.53488322936447052
  0.54544239459650545  0.55611792319930309  0.56689895856628469  0.57748386419250142
  0.58799113563676708  0.59825177270447027  0.60873586404752622  0.61926779734977866
  0.62967670148452348  0.63994523824510774  0.65031702935187297  0.66102873675511531
  0.67169803325949606  0.68227111049343681  0.69277746396411088  0.70319519920503415
  0.71369277300537448  0.72416163448865478  0.73455678441972760  0.74490005470095644
  0.75547154799427296  0.76623852766137568  0.77701531615761399  0.78765465092896381
  0.79852262529414009  0.80933544005968250  0.82001360955889735  0.83047300852445172
  0.84093905379320943  0.85125183441416086  0.86159653331463137  0.87189861732773244
  0.88238830641371568  0.89301883706874507  0.90377551932675626  0.91440422058656501
  0.92493321462843636  0.93538488340050729  0.94610401638286135  0.95683221895222736
  0.96769836231892448  0.97838212679911463  0.98921325963932560  1.00000000000000000
 -0.00254623276871961  0.00969721460384575  0.01999432965152996  0.03039658179585332
  0.04094211416922407  0.05139192740611388  0.06188065767712775  0.07263764074434233
  0.08335036870064449  0.09422496199908391  0.10508438538402513  0.11590604118187801
  0.12659467677997441  0.13699493606898891  0.14737614794852583  0.15782874310570733
  0.16811832624774603  0.17836942287936697  0.18850049590812920  0.19892721250176321
  0.20927469712850913  0.21988431270476413  0.23040273866949099  0.24087510855511310
  0.25149401406652017  0.26219532336255613  0.27298094594363465  0.28360324013161958
  0.29431393449578436  0.30522494788462146  0.31603627700432113  0.32675583445113743
  0.33726712083525479  0.34756765965083775  0.35807172344637339  0.36851951652670306
  0.37905372393430936  0.38938528276805245  0.39986843785153137  0.41039319796336121
  0.42098206166768332  0.43151569264387851  0.44208663240278323  0.45262921643270138
  0.46319721973998629  0.47376664148154790  0.48443598629841123  0.49502133935726955
  0.50559790251984316  0.51617520380183413  0.52669679317430640  0.53727715733871217
  0.54778665865362175  0.55833343678254799  0.56883670032797917  0.57932133030397182
  0.58983862310250579  0.60040544960295383  0.61120682078731781  0.62200916032288234
  0.63259998089959801  0.64327940682555151  0.65369807906422339  0.66423493587347093
  0.67458226204786842  0.68512090563865891  0.69549662982051308  0.70587750538437122
  0.71630505154279200  0.72678687017511345  0.73696769234872006  0.74713517118576167
  0.75726868723107243  0.76740291320778076  0.77762031122452757  0.78795571287745614
  0.79848030526846780  0.80898561196405039  0.81958878694062709  0.83022445914308374
  0.84089179825951033  0.85155314364604506  0.86238545668654665  0.87325780629865324
  0.88394863622490139  0.89455001149228275  0.90486543557695875  0.91534390949412692
  0.92587403144036351  0.93659716288844830  0.94717813808795082  0.95761774408839950
  0.96816879505679576  0.97875118741216671  0.98940133143713693  1.00000000000000000
 -0.00226896748318669  0.00976901481673759  0.01971669038121989  0.03010998455026733
  0.04031380728434014  0.05079943332671052  0.06134012390298477  0.07212181900044580
  0.08279707115042843  0.09332072523387103  0.10370901388573939  0.11408606190483783
  0.12457042204765140  0.13488029718644209  0.14501474515465640  0.15512867166454061
  0.16520598692648511  0.17536488258916311  0.18557558317482312  0.19595387631435288
  0.20639766847538338  0.21691354685707326  0.22753237155753359  0.23793546291726431
  0.24822307515208411  0.25846367981412283  0.26878252383923645  0.27931734626556143
  0.28977589697812955  0.30025632304972938  0.31068390567750848  0.32117261204900055
  0.33164920699364125  0.34192912334220049  0.35221230559552741  0.36250810220929941
  0.37282911175340205  0.38311709800126903  0.39344020912769201  0.40388728167206933
  0.41424977854677958  0.42453621545678333  0.43475190216458171  0.44512385056724141
  0.45560670751009147  0.46623733414153201  0.47682783690184471  0.48740159467198979
  0.49794810028443531  0.50857089708008063  0.51919540142364740  0.52981632609321139
  0.54048293227679589  0.55131748751085519  0.56225989727217573  0.57308904529258931
  0.58385554008940288  0.59437710461183446  0.60490260318887312  0.61540862936410534
  0.62606345100119143  0.63669073243895780  0.64730175592760053  0.65782943358255419
  0.66828840804697731  0.67864823243893291  0.68904294057262550  0.69955388159533538
  0.71025391409869132  0.72103086444335118  0.73181700199406996  0.74233657322284319
  0.75305635725751574  0.76370373799320623  0.77447446905696449  0.78510064597303741
  0.79576488325755979  0.80646072155096826  0.81725521628190245  0.82829353973424602
  0.83930291570394655  0.85015938429019444  0.86095955002331281  0.87180381895291370
  0.88274091133829846  0.89344887092012293  0.90397712801246510  0.91440097895635919
  0.92522922878879521  0.93589961179527670  0.94658412445716755  0.95726261596650142
  0.96819323311339578  0.97898830029030859  0.98948724996256820  1.00000000000000000
 -0.00266498188873561  0.00993335387273346  0.02032056743014126  0.03099275940714442
  0.04156596631525271  0.05217187035192704  0.06283762577514677  0.07346148755520471
  0.08403041166875601  0.09449354478426338  0.10496683258370008  0.11567343400400590
  0.12645452790512404  0.13720164377304708  0.14783662414704296  0.15835086989460120
  0.16902099180936345  0.17969584939883304  0.19032082088575214  0.20100427967897827
  0.21165703189328522  0.22242575618807683  0.23296106758751503  0.24336642761369526
  0.25369238385266113  0.26398072446698440  0.27434984549149066  0.28475264293060176
  0.29528486633712248  0.30592799437943080  0.31653412588750646  0.32707089916018606
  0.33771461613726250  0.34852379061940059  0.35922973733066421  0.36973780276112256
  0.38012921129009442  0.39058647963378812  0.40100678788432031  0.41139086792474733
  0.42188308768562549  0.43251503780597983  0.44321526552425666  0.45384333966730528
  0.46448156224171788  0.47502740289868167  0.48544738589897080  0.49587805610943270
  0.50647530129715412  0.51708424627818783  0.52748907054316863  0.53771231098760652
  0.54814978342413867  0.55863796847470482  0.56922089923507135  0.57962790925979246
  0.59011677378091731  0.60068040832848968  0.61128886204939636  0.62187805952213748
  0.63249520425139116  0.64313833323818204  0.65366628944896077  0.66410208955951089
  0.67443905296721407  0.68469362380998933  0.69500093051883349  0.70530164758177838
  0.71580755426989418  0.72630483859005501  0.73667982429887235  0.74717619582225470
  0.75786258718207944  0.76867130937022565  0.77931303720877310  0.78973267120918544
  0.80028188260334510  0.81088548025353935  0.82158980299027196  0.83226703280361514
  0.84284647379262978  0.85333486380943724  0.86369502516657992  0.87424105134394714
  0.88455058621948424  0.89500749355394515  0.90539035918044208  0.91593545554528200
  0.92617163857209328  0.93633542493083155  0.94678068935874105  0.95715243174487763
  0.96771389477019665  0.97824932103522821  0.98922118678028936  1.00000000000000000
  0.00917824110629479  0.01594069648676115  0.02541074712371709  0.03631071046204724
  0.04667985014902592  0.05687214111751698  0.06713309970540984  0.07733152071996735
  0.08754199572144634  0.09780726575464663  0.10820634652249761  0.11872234791095537
  0.12921165776649321  0.13972224995236612  0.15029185161623865  0.16090725030380781
  0.17145387095457276  0.18195994996863599  0.19242083190243706  0.20297546919706486
  0.21361803064361418  0.22422985231366480  0.23472870952091288  0.24515402732487090
  0.25566580574113290  0.26622946538860320  0.27677463564614896  0.28730465219342344
  0.29773691894959714  0.30813189331758334  0.31856795676612637  0.32901169384152629
  0.33948773067407334  0.34994655723871537  0.36036733138877458  0.37076333933221106
  0.38107461107184731  0.39142502880681906  0.40186876720341402  0.41227283145144883
  0.42252989679161201  0.43262921448900538  0.44273763717972647  0.45297719754038740
  0.46332255390392835  0.47365275514048966  0.48393476451405082  0.49420321300083486
  0.50446011500268217  0.51470933503426375  0.52495018688424955  0.53526616436223107
  0.54578948003147398  0.55643042029199374  0.56696638799064325  0.57737878856586833
  0.58765806422048472  0.59786717373932252  0.60801544389678930  0.61802293961366384
  0.62808057753574853  0.63819934019886393  0.64844813479824981  0.65876017985048241
  0.66918042294271107  0.67974118439998110  0.69029333093187450  0.70088344849453210
  0.71145301866690902  0.72198140225449337  0.73243609934726006  0.74282141326685180
  0.75314763586375477  0.76335502202676531  0.77355285680536467  0.78383370496666260
  0.79410446783770683  0.80435294751594133  0.81467268543009397  0.82511586847037943
  0.83563542131502977  0.84601766259229649  0.85654013471113843  0.86710539979750778
  0.87757967236170453  0.88787398286077235  0.89796018573308978  0.90811212434334365
  0.91840564524330237  0.92865046740572721  0.93898513785350579  0.94934282895191580
  0.95984512320714233  0.97020674320335210  0.98052101756349097  1.00000000000000000
 -0.01753104927204724  0.12051236583579313  0.18275066372513663  0.22786011789252855
  0.25807871524097803  0.28110846931463074  0.30030825310592096  0.31697651291343315
  0.33205678671690297  0.34539264343764342  0.35792783074784679  0.36944226006097203
  0.38041248563786112  0.39073319452476557  0.40055953212844991  0.40988770028129018
  0.41886063074421520  0.42749183042829242  0.43583488127428993  0.44387290194836748
  0.45165521047372698  0.45925615312412921  0.46659769309188792  0.47378643340738319
  0.48083148970268863  0.48764938853321499  0.49435532225149259  0.50090164947758220
  0.50727927961649788  0.51354656841316892  0.51973906888929877  0.52579452958621753
  0.53172953909126675  0.53762638876939040  0.54342701029600671  0.54914219880675641
  0.55478383491686578  0.56033592114930297  0.56579062151326420  0.57117421807789570
  0.57653070059385525  0.58185824123966601  0.58710319892274598  0.59228146229177414
  0.59741705032637349  0.60251469375050082  0.60756315511836156  0.61258797694827172
  0.61760302074759210  0.62258403277996222  0.62752428492404488  0.63243414880998383
  0.63732808913907890  0.64222140044175313  0.64711821635597599  0.65198186051005191
  0.65683711216602692  0.66167689187888845  0.66651589211579720  0.67135216867071990
  0.67618773866686577  0.68101523123288554  0.68584823252281757  0.69070088132113716
  0.69557102850048269  0.70047210504329283  0.70537959419904017  0.71033075589779615
  0.71532201523418371  0.72033566491488532  0.72538948885974242  0.73050310394238971
  0.73569109198011240  0.74092993926023176  0.74620640686802053  0.75157516131687374
  0.75709302220863894  0.76269503002911787  0.76837425092433487  0.77421162949559341
  0.78025141288277833  0.78638081099667201  0.79269739996636812  0.79933850328149814
  0.80615295993450498  0.81333934172794020  0.82094932410152255  0.82896327420389582
  0.83762024752874231  0.84700158010664583  0.85749011602796976  0.86929134148469800
  0.88340579608209147  0.90131492923069745  0.93044412357102879  1.00000000000000000
   2.4714446887873116E-039  -1.0000000000000000     
 F F F F F F F F F F F F F F F F T T T T T T T T T T T T T T T T T T T T T T T T T T T T T T T T F F F F F F F F F F F F F F F F F F F F F F F F F F F F F F F F T T T T T T T T T T T T T T T T T T T T T T T T T T T T T T T T F F F F F F F F F F F F F F F F
  <DiscreteSampler_grid>
  grouped_processes
  1 # 1 for a reference and 2 for a running grid.
  10 # Attribute 'min_bin_probing_points' of the grid.
  1 # Attribute 'grid_mode' of the grid. 1=='default',2=='initialization'
  0.0000000000000000 # Attribute 'small_contrib_threshold' of the grid.
  0.5000000000000000 # Attribute 'damping_power' of the grid.
 # binID   n_entries weight   weight_sqr   abs_weight
    31   10   2.213372363247340E-025   1.629743597573403E-049   2.213372363247340E-025
    32   10   2.213372363247345E-025   1.629743597573411E-049   2.213372363247345E-025
    34   10   2.213372363247339E-029   1.629743597573401E-057   2.213372363247339E-029
    35   10   2.213372363247345E-029   1.629743597573410E-057   2.213372363247345E-029
    37   10   2.213372363247339E-029   1.629743597573401E-057   2.213372363247339E-029
    38   10   2.213372363247345E-029   1.629743597573410E-057   2.213372363247345E-029
    40   10   2.213372363247340E-025   1.629743597573403E-049   2.213372363247340E-025
    41   10   2.213372363247345E-025   1.629743597573411E-049   2.213372363247345E-025
    43   10   2.213372363247340E-025   1.629743597573403E-049   2.213372363247340E-025
    44   10   2.213372363247345E-025   1.629743597573411E-049   2.213372363247345E-025
    46   10   2.213372363247339E-029   1.629743597573401E-057   2.213372363247339E-029
    47   10   2.213372363247345E-029   1.629743597573410E-057   2.213372363247345E-029
    49   10   2.213372363247339E-029   1.629743597573401E-057   2.213372363247339E-029
    50   10   2.213372363247345E-029   1.629743597573410E-057   2.213372363247345E-029
    52   10   2.213372363247340E-025   1.629743597573403E-049   2.213372363247340E-025
    53   10   2.213372363247345E-025   1.629743597573411E-049   2.213372363247345E-025
  </DiscreteSampler_grid>
