  0.00764451055558551  0.01413108729371699  0.02350001975817962  0.03400357550397741
  0.04436470592084146  0.05472244405855767  0.06509841069362662  0.07540966430761384
  0.08571999613997726  0.09621121813293161  0.10671615127105363  0.11726888043239220
  0.12774551044415303  0.13812250074663987  0.14844385787303113  0.15884123708829578
  0.16924447491562805  0.17957867236741204  0.18992412476347884  0.20038933624092109
  0.21082713015901322  0.22104006017112054  0.23134589141831893  0.24175383468279529
  0.25221904001912160  0.26259995471623915  0.27304690678554483  0.28347909261117454
  0.29385021132486461  0.30418642893035136  0.31467724382015133  0.32525316586516978
  0.33567652015159655  0.34605656113969085  0.35656300824147413  0.36722988994366274
  0.37778815680210220  0.38824970465611114  0.39874099195680662  0.40939765623607210
  0.42003123914111906  0.43061858647139239  0.44108255189221696  0.45146956632932667
  0.46190860895677660  0.47244895314817564  0.48304742858594923  0.49363741255927934
  0.50419494557195510  0.51475356991166799  0.52533143865343845  0.53595051902485324
  0.54658102457214586  0.55725605679902357  0.56781848034390914  0.57847404272465652
  0.58907369598271841  0.59976571668650802  0.61043110061961858  0.62106658012707561
  0.63160178767190167  0.64199837451638897  0.65247221434726144  0.66284708535675596
  0.67315088945318557  0.68341538171704808  0.69364360856790719  0.70399965069563741
  0.71448725993421025  0.72509764585947500  0.73593142330437078  0.74675166646769020
  0.75763594237071086  0.76828323278955679  0.77880728227897911  0.78940112945905672
  0.79982874668641535  0.81026579252993391  0.82063852229433087  0.83098451987361055
  0.84141698369054119  0.85174238358503340  0.86205956721170018  0.87242061834485840
  0.88278415543799205  0.89320994663064213  0.90342778316039196  0.91367773461752511
  0.92411669205016689  0.93445435948831967  0.94497503435872110  0.95552637392493589
  0.96664110498533906  0.97772608333697109  0.98893826391394879  1.00000000000000000
  0.00738802252820802  0.01552610539643911  0.02626528114979666  0.03737280924798933
  0.04813291750590835  0.05888314276872907  0.06958408943957353  0.08013450261316714
  0.09064448216689996  0.10103010242640079  0.11145102480772140  0.12189926868497891
  0.13253993797396357  0.14321961100301375  0.15380744497004806  0.16431618601886272
  0.17472261360487631  0.18514873791154299  0.19548685406874694  0.20583177400172417
  0.21621621287604176  0.22667217105525381  0.23704019322725467  0.24733465135207769
  0.25765659800600754  0.26799746951387304  0.27840609976301861  0.28880917373423293
  0.29946974312185726  0.31014348658666629  0.32071568486738705  0.33116608403636555
  0.34174202485792443  0.35245285139169474  0.36302399088512388  0.37364271648529573
  0.38417651585539181  0.39471103232199212  0.40498553796242909  0.41527323966020829
  0.42547644299590232  0.43570419270129546  0.44595302701300638  0.45637917199411410
  0.46701838251305128  0.47770132357944589  0.48817248980827993  0.49875227883756479
  0.50907832157629462  0.51950918674897106  0.52980515550531371  0.54006694592817317
  0.55040481904978655  0.56069449270532679  0.57126088972651812  0.58191142112831862
  0.59248136257551642  0.60317854073843868  0.61368955862076702  0.62438222590253767
  0.63495830698048572  0.64557884022203282  0.65602076585322788  0.66646078543360998
  0.67702392938924094  0.68754774554451825  0.69789719812605322  0.70796480058460065
  0.71801977528070104  0.72808084048159216  0.73833061088248120  0.74866878576814921
  0.75916968855290667  0.76965926662647499  0.78004186844437295  0.79036813565059627
  0.80053525679575854  0.81072760118480669  0.82099357436970555  0.83132977327116875
  0.84159331585462194  0.85181538571990567  0.86193879287719055  0.87203196190181131
  0.88228087578306991  0.89260519730000654  0.90311839758235912  0.91369204197360310
  0.92421032433926853  0.93471539234653700  0.94515881349155029  0.95569671837628145
  0.96635406209010610  0.97706265972624418  0.98836967514456464  1.00000000000000000
 -0.00264588281077460  0.00967241301597159  0.02023520260277873  0.03088082241816519
  0.04157975138263685  0.05214264318376290  0.06277296868563921  0.07342173925805021
  0.08407216739586422  0.09452787648182220  0.10492342437390478  0.11534409502637732
  0.12574864871730157  0.13620030820295601  0.14660547848513239  0.15722813826760010
  0.16784257091093677  0.17854263966457870  0.18909880827459150  0.19960216747968543
  0.21004475476023773  0.22054636520175366  0.23113943205420356  0.24176131707761253
  0.25238240715615090  0.26301151080655794  0.27354814973498442  0.28403960638838693
  0.29447606994130471  0.30500324413539892  0.31560568439924852  0.32621829017257392
  0.33674021701733559  0.34733578491334188  0.35784137955993600  0.36852732746636974
  0.37915443339490829  0.38987629071951191  0.40036410484911444  0.41083060099707647
  0.42124411929355093  0.43181173604326056  0.44236496809824349  0.45296504270392030
  0.46339572581594501  0.47370612271436890  0.48410769086519750  0.49454805521945211
  0.50510519010250254  0.51568932944136103  0.52629396242675641  0.53695207612797613
  0.54745239015320857  0.55803560045850831  0.56874535945874571  0.57944088611613653
  0.59019639357150633  0.60083371276175102  0.61149459513279669  0.62225220575987950
  0.63288673554897434  0.64344203999138283  0.65384680842646203  0.66444709792714463
  0.67501017924329276  0.68556787941778830  0.69602029037512902  0.70668676476700865
  0.71735689116690027  0.72807514818055830  0.73858543393084652  0.74908553534889399
  0.75942830747095080  0.76987500563793942  0.78028297559136539  0.79073861292403891
  0.80132734980608222  0.81194286118706938  0.82238944651760948  0.83300219701496236
  0.84323521244722399  0.85366442031509393  0.86379569944415568  0.87417213927755222
  0.88437325751083917  0.89446752424238885  0.90467707035596179  0.91504662694848737
  0.92570981769534921  0.93617379312801752  0.94668343005861555  0.95702812723210950
  0.96777122878023580  0.97848008898529659  0.98930741645852671  1.00000000000000000
 -0.00245391710543777  0.00964648678931173  0.01970672297016118  0.03018086609253768
  0.04061970059029494  0.05136361702811105  0.06205590445907223  0.07281591440304962
  0.08360802509079150  0.09427847084476186  0.10487760668617059  0.11523087691133116
  0.12562674353913955  0.13601062650940562  0.14638010687493191  0.15680166881926633
  0.16722834371228865  0.17766951707689591  0.18816928654073828  0.19868692696733065
  0.20928573101980683  0.21976536991199822  0.23027144048545350  0.24077538505670446
  0.25125127228295424  0.26169820051487641  0.27218485519306634  0.28304567462255070
  0.29390508798566878  0.30470364635122377  0.31540297819776586  0.32614642563513691
  0.33683322877696997  0.34737754225448947  0.35795132658487977  0.36837310241931753
  0.37877421696437974  0.38909127292834755  0.39965015224471828  0.41038403012612440
  0.42111452936243632  0.43174383865077426  0.44238557986258126  0.45297639277008772
  0.46359151907335405  0.47421995128001160  0.48498438815065975  0.49570350987487266
  0.50627325416364555  0.51680337818735000  0.52734790615361415  0.53794389765965789
  0.54867071315641136  0.55957922455889209  0.57039204798371457  0.58100432075272745
  0.59150404420289637  0.60200562184314854  0.61249273372497748  0.62293608519062094
  0.63334628714798180  0.64376831531205614  0.65407314194232691  0.66444145306733493
  0.67485978040470040  0.68529367108149430  0.69570827261886592  0.70603263446492914
  0.71660143326789472  0.72712863896970781  0.73783014782608536  0.74854108752721948
  0.75931249323240679  0.77006237104523967  0.78063011638194502  0.79106291190251898
  0.80144694380023396  0.81183655786392850  0.82217159023482078  0.83249533137940035
  0.84289239621816570  0.85336074513795157  0.86384783958520528  0.87432121637203419
  0.88488938862931010  0.89547968109500242  0.90601597003959256  0.91650673301716623
  0.92682478000072044  0.93712319542523748  0.94749924366197713  0.95806069692034235
  0.96859122922157592  0.97915704870146691  0.98958654769543464  1.00000000000000000
 -0.00238497291817518  0.00930452413276286  0.01915582932330698  0.02949429260533171
  0.03979681496386429  0.05029648654036763  0.06067021463761375  0.07120763084804338
  0.08180546437864947  0.09241836076863190  0.10297772118230791  0.11339267502699032
  0.12392267963500929  0.13433786309200030  0.14491771261468958  0.15535052664775872
  0.16570748158165374  0.17618109752941372  0.18661122147574000  0.19711949865588824
  0.20753269225648821  0.21802109724740570  0.22856358478652694  0.23903332119481685
  0.24946608491713085  0.25986805785914219  0.27025872943668289  0.28084093395365733
  0.29139321650945343  0.30171153729339723  0.31196013932603534  0.32217460502818818
  0.33239626649412968  0.34268382518091056  0.35297953995865627  0.36345046011003201
  0.37411884247344862  0.38494626725507636  0.39575922346345987  0.40648742523091574
  0.41710068722006033  0.42788774863129020  0.43864513879520778  0.44941253920921098
  0.46012352831191355  0.47080384561704680  0.48142373532671051  0.49208179334228597
  0.50275585159118186  0.51346763910718385  0.52408558810738182  0.53464675690349150
  0.54519175871141334  0.55573459572154549  0.56615245793021363  0.57643096359747537
  0.58666548293321574  0.59704504319518548  0.60783037010538365  0.61883519784836261
  0.62970623376647394  0.64026632164383401  0.65075311425971993  0.66113126184457072
  0.67154460962146756  0.68204111149734514  0.69260683696331848  0.70315585554890536
  0.71385031067823879  0.72465753945865408  0.73531333487191597  0.74577467014753063
  0.75626156279500045  0.76692154095266596  0.77748127194534622  0.78804684123860258
  0.79870913346630068  0.80927965071238406  0.81996039061841308  0.83055116890923553
  0.84147546060305678  0.85259546190993896  0.86357818272936226  0.87460961525945413
  0.88510225252966568  0.89577307772962100  0.90615040046228612  0.91657696936561273
  0.92706756995457917  0.93747558935023401  0.94797365226358332  0.95832664007052792
  0.96872825232746063  0.97915801002297320  0.98947128456815847  1.00000000000000000
 -0.00242455551905958  0.00971065779830192  0.01995577593447226  0.03049980903530056
  0.04093307007792158  0.05135222044163672  0.06169238028054026  0.07194568015139825
  0.08226592608801982  0.09268140591193379  0.10308611171258578  0.11322892532892823
  0.12343336660400263  0.13377629395868262  0.14429092604285201  0.15481796590289421
  0.16547560402737441  0.17614594736983219  0.18674236698506738  0.19727057644342649
  0.20790175305126091  0.21876541437773298  0.22951269706540195  0.24010557115749451
  0.25060740197263009  0.26112108461559969  0.27166953391619225  0.28213536359656660
  0.29262584885817627  0.30314646068655382  0.31375498464565332  0.32448587090350389
  0.33514832775537390  0.34595537095678902  0.35669421074204599  0.36743642221892381
  0.37806217655829139  0.38860552235351609  0.39901815131291118  0.40933873134546694
  0.41955221545281801  0.42981265892512827  0.44006639232265193  0.45048156427120795
  0.46109205303167783  0.47174004930133134  0.48255502752234136  0.49334971763947283
  0.50410078910329925  0.51471108104122720  0.52522556008111754  0.53563519074611043
  0.54605035208409336  0.55639644993650228  0.56697705228170525  0.57757382021413461
  0.58815359051779881  0.59865065086197367  0.60931764986176862  0.62016283427320718
  0.63107484821750182  0.64184564696678381  0.65262296065087666  0.66328659789688460
  0.67386431767492572  0.68439275477351302  0.69479111465180354  0.70517617628125429
  0.71556567937187865  0.72605329724981360  0.73661222350642852  0.74703488540678886
  0.75754180015327532  0.76813033331298275  0.77883301841347485  0.78960334091311046
  0.80005590724453424  0.81052531973596076  0.82094964300770723  0.83141127079201371
  0.84181970190747546  0.85233602978693024  0.86293406355496771  0.87342788137988470
  0.88390807451142717  0.89435788545373851  0.90506765245862542  0.91575201286071928
  0.92632983966178428  0.93700935757206671  0.94756585169214558  0.95820869285082588
  0.96858835544998212  0.97898022569321008  0.98946369452929861  1.00000000000000000
 -0.00240885243167522  0.00981609610991990  0.02016198289402442  0.03074748663277581
  0.04135726291048908  0.05191090673844478  0.06254351483433020  0.07324382436270080
  0.08394333598617544  0.09459130092741325  0.10530666754617878  0.11623327905459048
  0.12703293945978308  0.13765752800671913  0.14822614016725816  0.15886137671002862
  0.16936071389603807  0.17979771297037775  0.19025832593220235  0.20093896463782041
  0.21154015328404158  0.22220169724351951  0.23273081224978703  0.24336688195208703
  0.25384087332127453  0.26424221079840049  0.27449233887884894  0.28480665214383621
  0.29519351201223742  0.30562841060735896  0.31594368305384241  0.32625527340675098
  0.33649959818536757  0.34679130299581845  0.35713532172630835  0.36752608020885030
  0.37798856920277396  0.38852410273285937  0.39914824517403358  0.40979319496156741
  0.42034517805333155  0.43095006147015208  0.44169489443248433  0.45249945843824174
  0.46313677897204047  0.47371789334125003  0.48440595702984174  0.49521270275440687
  0.50586716800464482  0.51640676900188076  0.52689961066697333  0.53735616467514191
  0.54792172425051588  0.55854495690568451  0.56921552586903634  0.57972864456118933
  0.59022098442300297  0.60077972700909321  0.61143889842514465  0.62207732683752859
  0.63278172517239206  0.64346769897479239  0.65429304435924840  0.66504447443709314
  0.67577660043941568  0.68643717271884863  0.69721974834501532  0.70793520898048468
  0.71865263558149461  0.72931662739761838  0.73994184246696293  0.75059485743796517
  0.76097422168443885  0.77132732237154422  0.78154482319195773  0.79179067449697238
  0.80201497088312756  0.81230440327423759  0.82268986784261111  0.83311823288435327
  0.84341869525446700  0.85369760778636317  0.86407697064992783  0.87452828263197269
  0.88485706395103303  0.89523228980695158  0.90585023104656048  0.91652527625275149
  0.92706081908908800  0.93749278054030605  0.94787787178011473  0.95822287835473674
  0.96850062514567425  0.97894944011872809  0.98944076457433994  1.00000000000000000
 -0.00248017118119175  0.00940558788985726  0.01949899718547269  0.03004387705194694
  0.04058085603669981  0.05131453802621947  0.06187895182590056  0.07257545213911212
  0.08307766146182939  0.09358286665505509  0.10426670082794998  0.11491400896151446
  0.12542768667680029  0.13594542294604539  0.14637951752722114  0.15720907205906326
  0.16797338207486251  0.17872338051539252  0.18939397097395227  0.19990518976169980
  0.21038098883780210  0.22082441829152516  0.23127328483264234  0.24174388146715653
  0.25211450784765455  0.26260722431747180  0.27304049595271357  0.28357393160061833
  0.29406542118910267  0.30466544035095738  0.31530161351926139  0.32596526294809303
  0.33662341254947126  0.34727213881990165  0.35785828817745169  0.36846319539532413
  0.37903890263285239  0.38970908965942802  0.40023571101392369  0.41084971661229280
  0.42134109195427344  0.43186673211055843  0.44227966978535138  0.45267030908858763
  0.46311849884432682  0.47357629059903256  0.48407510243889795  0.49455308461019032
  0.50491971720998341  0.51536625439898309  0.52581302720092005  0.53635585163667610
  0.54692432709000804  0.55767826806432264  0.56828354603290709  0.57896995382477812
  0.58952532194479590  0.60007531775772405  0.61030109062628490  0.62035787218562133
  0.63056114782717498  0.64099680312059915  0.65160321768947438  0.66216579087293137
  0.67265782486189840  0.68305042707460517  0.69357064479540609  0.70408307510932844
  0.71446987771684711  0.72471569171133210  0.73496503976870231  0.74538576961117486
  0.75586035525880479  0.76635592187733392  0.77677800714101075  0.78719030622522801
  0.79779009839924064  0.80859999976688213  0.81935903348965800  0.83003419935394895
  0.84062401541065324  0.85124001980343045  0.86165732933723116  0.87216274955016082
  0.88268846454470296  0.89332043024895480  0.90400064987746376  0.91463068300532635
  0.92522066555666049  0.93584660891476468  0.94645898340421619  0.95722736828200183
  0.96778710434357351  0.97854335622995914  0.98922261030380076  1.00000000000000000
  0.01046772311127857  0.02624629236360595  0.04134716479252984  0.05348734723965642
  0.06468016667708361  0.07559964930557911  0.08641151982771386  0.09713486686631240
  0.10775165032183640  0.11829496345179738  0.12882435765295108  0.13932299406444018
  0.14981372506903021  0.16026309841644923  0.17074007604828131  0.18119905524742300
  0.19169880768631442  0.20215026289847443  0.21255879383351192  0.22294542365917860
  0.23333412450448179  0.24378384962644259  0.25425968531294796  0.26479862922731778
  0.27541349155847439  0.28605789306543333  0.29660613232500044  0.30704048588404365
  0.31732291553077330  0.32754982537359650  0.33770159497792784  0.34786395037647722
  0.35806232142068711  0.36832101719252947  0.37866615212152499  0.38901470250228176
  0.39930628152640008  0.40961169500674816  0.42001210072085032  0.43040244761993385
  0.44072557275578078  0.45092358557406387  0.46097965449230960  0.47100220335366294
  0.48100032741285692  0.49107706260613038  0.50117072974868637  0.51131150408358361
  0.52145238207047406  0.53154013621099838  0.54159355180755842  0.55171613714369960
  0.56192272756051742  0.57219236853313138  0.58241185030168419  0.59257989817537948
  0.60266942015605129  0.61282546030458029  0.62298326767487422  0.63309412987720670
  0.64306330310128879  0.65297332864195079  0.66293988774851653  0.67304528864795155
  0.68328768501607529  0.69352401569177013  0.70362924103530822  0.71366986227563189
  0.72371753950449047  0.73372634147498994  0.74385146181460027  0.75405163610468073
  0.76425268274838987  0.77432615432974194  0.78428752468280405  0.79429481630305765
  0.80458834158273118  0.81481103524033272  0.82502875417668342  0.83524925207196177
  0.84545233524403374  0.85569979212526337  0.86570728591103829  0.87565699567803545
  0.88581183086030202  0.89586951418468819  0.90606642663822423  0.91616709290848231
  0.92626877542358410  0.93639322989182883  0.94631402038626200  0.95623128012102876
  0.96642892977865757  0.97674406512681322  0.98802828949425747  1.00000000000000000
 -0.01954435572708937  0.12275379707203515  0.16820766383440641  0.19745226969804866
  0.22146851041979013  0.24196488047898096  0.26010501771615202  0.27666301800865878
  0.29203055379563431  0.30637977303160724  0.31986569276885779  0.33267023275973667
  0.34484432333129383  0.35656780316269032  0.36786400671183861  0.37884845694789532
  0.38943413659104964  0.39970056580972241  0.40961632349952398  0.41928703861461880
  0.42866615454792750  0.43783229391141415  0.44675707322854458  0.45551169035250427
  0.46409162844591012  0.47249096024546416  0.48078006484460839  0.48880930617910301
  0.49678635097452811  0.50461494856105127  0.51232021971623676  0.51995080858818554
  0.52741309655484769  0.53484633456642405  0.54216827524917477  0.54935063841323328
  0.55641997130706411  0.56336469475423157  0.57020158131894327  0.57697575263230971
  0.58368680348492619  0.59028405741726642  0.59678054951912096  0.60320578810175507
  0.60952623825792918  0.61576963051699252  0.62195928715418747  0.62806179978075405
  0.63408144093944563  0.64003856923596614  0.64596902984828963  0.65180914030954262
  0.65763864470209077  0.66345769838740221  0.66922361341117476  0.67493217846743769
  0.68059570211138987  0.68621633967529272  0.69179355783772356  0.69733581879855222
  0.70285160238520128  0.70834351560495357  0.71381628406564002  0.71926256123998411
  0.72469554628723909  0.73012410194393151  0.73553363502111102  0.74092293882601801
  0.74629331421930456  0.75165167943109878  0.75701443081214259  0.76239210713256933
  0.76778563046811699  0.77319965927709766  0.77869350647964530  0.78421779437549255
  0.78980677201245941  0.79545750779298607  0.80118040533231849  0.80695878055433423
  0.81283259840467381  0.81883610820487396  0.82493703926261563  0.83115780542477558
  0.83762773604913288  0.84434125656654080  0.85129378637474751  0.85864130436851827
  0.86654350817821446  0.87487388463050553  0.88420535023377111  0.89454776519419110
  0.90678002169527994  0.92217958216856566  0.94572462171986715  1.00000000000000000
   4.5586136315350190E-004  -1.0000000000000000     
 F F F F F F F F F F F F F F F F T T T T T T T T T T T T T T T T T T T T T T T T T T T T T T T T F F F F F F F F F F F F F F F F F F F F F F F F F F F F F F F F T T T T T T T T T T T T T T T T T T T T T T T T T T T T T T T T F F F F F F F F F F F F F F F F
  <DiscreteSampler_grid>
  grouped_processes
  1 # 1 for a reference and 2 for a running grid.
  10 # Attribute 'min_bin_probing_points' of the grid.
  1 # Attribute 'grid_mode' of the grid. 1=='default',2=='initialization'
  0.0000000000000000 # Attribute 'small_contrib_threshold' of the grid.
  0.5000000000000000 # Attribute 'damping_power' of the grid.
 # binID   n_entries weight   weight_sqr   abs_weight
    31   10   8.661980566903864E+007   1.964224594899550E+016   8.661980566903864E+007
    32   10   8.661980566903876E+007   1.964224594899557E+016   8.661980566903876E+007
    34   10   8.661980566903861E+003   1.964224594899548E+008   8.661980566903861E+003
    35   10   8.661980566903874E+003   1.964224594899556E+008   8.661980566903874E+003
    37   10   8.661980566903861E+003   1.964224594899548E+008   8.661980566903861E+003
    38   10   8.661980566903874E+003   1.964224594899556E+008   8.661980566903874E+003
    40   10   8.661980566903864E+007   1.964224594899550E+016   8.661980566903864E+007
    41   10   8.661980566903876E+007   1.964224594899557E+016   8.661980566903876E+007
    43   10   8.661980566903864E+007   1.964224594899549E+016   8.661980566903864E+007
    44   10   8.661980566903876E+007   1.964224594899556E+016   8.661980566903876E+007
    46   10   8.661980566903861E+003   1.964224594899548E+008   8.661980566903861E+003
    47   10   8.661980566903876E+003   1.964224594899556E+008   8.661980566903876E+003
    49   10   8.661980566903861E+003   1.964224594899548E+008   8.661980566903861E+003
    50   10   8.661980566903876E+003   1.964224594899556E+008   8.661980566903876E+003
    52   10   8.661980566903864E+007   1.964224594899549E+016   8.661980566903864E+007
    53   10   8.661980566903876E+007   1.964224594899556E+016   8.661980566903876E+007
  </DiscreteSampler_grid>
