  0.00191178724856981  0.01211232206341120  0.02345980763834478  0.03390463081526455
  0.04419692895035546  0.05434929444119693  0.06439554426609605  0.07427970336968794
  0.08429902633720800  0.09439204556843629  0.10443568905753656  0.11446232886963459
  0.12443645460095572  0.13444788178910361  0.14440357842123100  0.15443457436160235
  0.16439658095212939  0.17427102304914791  0.18410720786578938  0.19407784335162140
  0.20402384483470032  0.21414435618746416  0.22434130045420270  0.23465855079088049
  0.24491943541738526  0.25511470618054632  0.26526051369050063  0.27535919684201532
  0.28539863271070182  0.29536482253988439  0.30524308824348084  0.31518825162527225
  0.32521109169793333  0.33525494699248753  0.34525505588506644  0.35539340373528866
  0.36569528699114401  0.37605466586344888  0.38647876522658253  0.39694490502358076
  0.40742809961116522  0.41781379886347680  0.42812475057211125  0.43843933625683668
  0.44878713982549007  0.45912901025823738  0.46943289358130041  0.47968599282721036
  0.48991108763998187  0.50015442353357598  0.51037281221786923  0.52057885737192511
  0.53086704102537852  0.54119463405199764  0.55153143424017281  0.56191029353655630
  0.57235673809600451  0.58276831245075345  0.59304607365889173  0.60323678868965369
  0.61348352240204496  0.62372219447446986  0.63408127928310498  0.64448400202912259
  0.65485771675553084  0.66523821490819623  0.67549674742526222  0.68572582595912446
  0.69590339854659089  0.70608841373839160  0.71629597241850518  0.72647256842271557
  0.73666473094481755  0.74687283902828450  0.75703886245522267  0.76717856076748292
  0.77729576635289632  0.78744006665713473  0.79766527782657415  0.80795204206362881
  0.81828210895129128  0.82863232105954276  0.83907275368885492  0.84952708621023965
  0.85996193071606009  0.87040257733316317  0.88082450211212981  0.89127787024904703
  0.90183664666023022  0.91254395326402504  0.92333469817768210  0.93419423635777765
  0.94543981607630956  0.95768537219904226  0.97402882189981199  1.00000000000000000
  0.00162446813761205  0.01401374649799295  0.02648173985090187  0.03772939890933429
  0.04845846561326610  0.05888417418494364  0.06938728668426296  0.07989002350472735
  0.09041303517781185  0.10087401643313065  0.11124851436407204  0.12156323754286670
  0.13184214968355554  0.14208425262313815  0.15221620109580430  0.16235143142640659
  0.17255143659255726  0.18282387610571807  0.19306737087655440  0.20329079927074620
  0.21346227894352165  0.22357847432968875  0.23361411112130734  0.24364450626443118
  0.25372318055877074  0.26396862916625807  0.27418003894424431  0.28448751095113578
  0.29472592840987083  0.30499409601899030  0.31520706199216647  0.32540400005637088
  0.33559528331481558  0.34579011267632581  0.35601300173330608  0.36633842040826398
  0.37656311291063999  0.38679359252446915  0.39711589308824952  0.40728900221447234
  0.41746333297365107  0.42757228597405655  0.43764104230566597  0.44764068659416484
  0.45761010987974415  0.46790127927695296  0.47815235698236314  0.48822962355242255
  0.49829031413662495  0.50843763815000276  0.51860726244238387  0.52877132789235703
  0.53884158474055699  0.54912682201737339  0.55939395389511781  0.56968085706479465
  0.58000823222115694  0.59035186083930569  0.60080249936238239  0.61114320391629662
  0.62150509229866036  0.63185788133718879  0.64219909503246597  0.65247337101012581
  0.66269301406162973  0.67289411703981628  0.68323840047153273  0.69360526012895696
  0.70395679002029188  0.71424621093389074  0.72457521808017333  0.73499420410157201
  0.74533828023079485  0.75566974012847876  0.76595895714932127  0.77643213211654594
  0.78698546570742145  0.79743701991991367  0.80787330282585046  0.81821347827660840
  0.82856536256263436  0.83882600087188786  0.84902687080654604  0.85933814241487150
  0.86965982574552814  0.88006503435637085  0.89049006781967677  0.90095588258683657
  0.91152699035496698  0.92217310295820676  0.93282779246429259  0.94382500193427288
  0.95498530330760412  0.96808906730344302  0.98289158368048912  1.00000000000000000
 -0.00251214458146190  0.00949305932971499  0.01980412464652935  0.03028361254912656
  0.04090495345052030  0.05172026743686105  0.06250841811601900  0.07289179743838242
  0.08334569609724191  0.09391642501677537  0.10446201683935082  0.11482531427703280
  0.12531356435575403  0.13588000672185518  0.14644992151226979  0.15701487867060798
  0.16750409210799247  0.17808234721766905  0.18862680168483989  0.19939465693061109
  0.21012125206482135  0.22079587557465211  0.23140154417622441  0.24189047644373146
  0.25232966711670701  0.26285620327084153  0.27331852783128374  0.28401209944075700
  0.29458135245120465  0.30538312871140688  0.31613385904790481  0.32690979375615686
  0.33755838679574801  0.34806282462377958  0.35864550609711149  0.36923568164348203
  0.37971253021643919  0.39008561080040433  0.40059647323865871  0.41132057704988895
  0.42205444708264245  0.43265655233970968  0.44301243347018637  0.45342625446170803
  0.46383744618045886  0.47436011234526709  0.48494011611466831  0.49543032062642117
  0.50603652283297595  0.51671829274944370  0.52741987857040040  0.53815118278175689
  0.54865200485675814  0.55922886198789212  0.56970013414170562  0.58021789402998780
  0.59085851117230537  0.60140192785351909  0.61185726006277252  0.62222128193560389
  0.63288178954751206  0.64356231368986017  0.65409645142651540  0.66465759994354556
  0.67530980676663888  0.68604562068470487  0.69649899120211312  0.70699858540889260
  0.71744130930325745  0.72790381782116687  0.73828513957547448  0.74859580472049747
  0.75885262333139658  0.76928892642499025  0.77985165455350780  0.79043181228346937
  0.80113741495326474  0.81175725867429938  0.82239701058661530  0.83293560701452019
  0.84341836915762736  0.85392324348191528  0.86423222839040603  0.87450935237682736
  0.88477401010703816  0.89510020828324721  0.90546896344907835  0.91599441183390373
  0.92648363628035257  0.93700246350448557  0.94742064881299859  0.95790912840497466
  0.96837659601729775  0.97889083883828021  0.98938331471117191  1.00000000000000000
 -0.00247453811336806  0.00963535173193673  0.01973527239612084  0.03012114447660794
  0.04043305919302080  0.05090286506963375  0.06146921121423381  0.07216593242410388
  0.08278353119521262  0.09348205815178094  0.10415460689144400  0.11481357271238470
  0.12545037167433298  0.13606102528700040  0.14662610634883222  0.15711026794229016
  0.16744882679689138  0.17790109016374056  0.18828320324294046  0.19898595901258179
  0.20964700947189444  0.22028251056078577  0.23080186683461421  0.24130780950220668
  0.25187157405279897  0.26239552650789610  0.27283770378861050  0.28300329557574644
  0.29324132157465549  0.30344085174977314  0.31378061148964415  0.32395026087893919
  0.33417303728379122  0.34476917990117650  0.35532836498932663  0.36580833324799639
  0.37616239861909068  0.38669899939163993  0.39717270686490436  0.40763513748358959
  0.41816019016027922  0.42867344121229717  0.43914228234516572  0.44965779220566643
  0.46010854919237920  0.47061816902055587  0.48119038409569531  0.49199755907182191
  0.50246709554646729  0.51274407892435259  0.52302869923057627  0.53366947095149198
  0.54424368357015396  0.55481541552860858  0.56516715898688208  0.57574653150341970
  0.58621894214528525  0.59670027398132475  0.60720186772729379  0.61799432389117026
  0.62877524689729325  0.63941016635431480  0.65005717070121027  0.66082208790872021
  0.67146358600189993  0.68197843982421724  0.69251523307067642  0.70318465584353107
  0.71369678296740713  0.72419777030146115  0.73459292245119678  0.74504182871371927
  0.75553420305736929  0.76616410488234832  0.77681851347026609  0.78745648933742052
  0.79783075681910787  0.80819871310386660  0.81867390686394070  0.82924571175486850
  0.83987356085788412  0.85037920475440620  0.86111023068326209  0.87192391072814102
  0.88263666338079561  0.89341784746349950  0.90415395078108007  0.91482279747626416
  0.92541274992033806  0.93593943622204134  0.94665736611412032  0.95743483344079183
  0.96812942481015940  0.97895026490703818  0.98948169829913013  1.00000000000000000
 -0.00224368761912987  0.00920311106288392  0.01898207614808140  0.02947474436255714
  0.03995648427744206  0.05045739550489452  0.06085204316025256  0.07137366371036906
  0.08184074776429844  0.09217917419174730  0.10252913003746050  0.11306323472673507
  0.12359977185418711  0.13406722055852038  0.14462972226361384  0.15522578043168395
  0.16579960155422213  0.17620418937400459  0.18681375650754883  0.19760766791736920
  0.20827824526344374  0.21866463407888551  0.22887802792790354  0.23925745250569708
  0.24988273636684777  0.26056256126320643  0.27131813140040240  0.28213264727128162
  0.29284078958862342  0.30345181925657244  0.31416299959838084  0.32496363993628052
  0.33572553113343656  0.34607955757719910  0.35645994696904493  0.36682961044481821
  0.37731183448236910  0.38786185918447569  0.39826187616522951  0.40883805983242333
  0.41940189250175480  0.43006548548764961  0.44062549934339174  0.45096986276230916
  0.46133589113843793  0.47179899949257770  0.48228402924398545  0.49274969268765278
  0.50328070002154635  0.51400691763781015  0.52461204624402669  0.53505707553614346
  0.54555485103668411  0.55613243283599367  0.56674892849500913  0.57743084353199026
  0.58821917303687743  0.59907742069856962  0.60990815438397394  0.62061002977755164
  0.63116944654034812  0.64156508949588364  0.65197488583810870  0.66242731062996418
  0.67288268344465096  0.68338354488420416  0.69389862785187040  0.70448340969960221
  0.71498383751333294  0.72551891412865899  0.73619958136944563  0.74687765092384939
  0.75734684058703072  0.76755964603071214  0.77792559382606563  0.78847396653152235
  0.79911706619065026  0.80965782238045947  0.82000658400745385  0.83037922073594050
  0.84093337515652467  0.85151799386553517  0.86196509055280690  0.87234804774438546
  0.88292294974220797  0.89356587982648528  0.90404015167376228  0.91442541721555692
  0.92489422296166002  0.93543265708521250  0.94621924291653203  0.95722954980134445
  0.96804308258114435  0.97880791480807772  0.98936489935186189  1.00000000000000000
 -0.00243557496577277  0.00930133996007190  0.01927356681266474  0.02974219924651971
  0.04020108151558575  0.05047224265316044  0.06061709339092331  0.07100234194785457
  0.08156443895309605  0.09221064703216071  0.10274951616011362  0.11322910717755480
  0.12361015196501481  0.13422571343639289  0.14472841388330979  0.15534059214308657
  0.16590540052864056  0.17644859401798610  0.18696703587673930  0.19766893696679838
  0.20831382424641989  0.21907580064617571  0.22981768404397296  0.24056094019972521
  0.25114830923861586  0.26159204065906111  0.27210717584272970  0.28262291221757430
  0.29307776654051543  0.30360035428014859  0.31414594269652441  0.32474672844404923
  0.33530214981244366  0.34578263351831179  0.35629370138120176  0.36681402360018484
  0.37732484368454355  0.38774190913873291  0.39820772995581410  0.40862971563232747
  0.41896228152430404  0.42921601093597611  0.43969338375555472  0.45029478885979241
  0.46090561540626201  0.47134628504925541  0.48178874401861488  0.49230566863048986
  0.50290246870840583  0.51341314839503993  0.52393111857776786  0.53447623991029503
  0.54513741880965982  0.55577022101934881  0.56641512674285632  0.57701611506365613
  0.58755286130597550  0.59799187133878595  0.60852802001019224  0.61911134715901217
  0.62970799066411975  0.64026079311245743  0.65095608925484849  0.66162177765721164
  0.67236746510886725  0.68300987578474459  0.69389599430768445  0.70470495791367249
  0.71543878300212804  0.72611251194636905  0.73670706980110323  0.74722927136722650
  0.75754546195013428  0.76794891784032471  0.77848826496772106  0.78885505100719644
  0.79928980230714120  0.80970791576403678  0.82029300204226929  0.83108358366182411
  0.84184770341357540  0.85259352746689610  0.86321412042706491  0.87380672517737246
  0.88433276057234045  0.89477768829502491  0.90522613360154669  0.91555310275314117
  0.92592257633112762  0.93653728342469822  0.94723473146481996  0.95795557564991707
  0.96843554114324415  0.97899654464946984  0.98947397223660383  1.00000000000000000
 -0.00213448660304056  0.00930091745034201  0.01911112557079223  0.02946829928533422
  0.03992191127728585  0.05060706024160343  0.06134703303922030  0.07217431107617203
  0.08292280463781945  0.09345999311200100  0.10420161857270617  0.11481666256719121
  0.12547768956613833  0.13584680248542663  0.14612137352574570  0.15641129776805357
  0.16679151346358273  0.17735630604358205  0.18785943645616782  0.19847993002970840
  0.20899116761597836  0.21969218981557556  0.23039801993929129  0.24099505848120978
  0.25154012024739592  0.26191548792478686  0.27237601185905075  0.28284643219904237
  0.29320770050328743  0.30373849959515864  0.31431675612197496  0.32482952455913217
  0.33543773741711286  0.34607480948442820  0.35674430700284804  0.36726665451996193
  0.37777825293589068  0.38844929615289003  0.39916582658375810  0.40972782715840544
  0.42021854077249748  0.43055937424681512  0.44096043059851198  0.45145989054222196
  0.46199701278432509  0.47264209478987868  0.48329841519141692  0.49413951571532971
  0.50514703895898383  0.51600606416486539  0.52665944614970284  0.53700142220441716
  0.54733564819149294  0.55761281073771618  0.56783034972825586  0.57807772304607952
  0.58848223063864369  0.59892536178084843  0.60940713520877754  0.61992684132086617
  0.63058862738139276  0.64128656877750112  0.65182058400287768  0.66238589779745771
  0.67297212916825067  0.68370274138788789  0.69430628395910443  0.70486047924521744
  0.71548164008589521  0.72615789117123675  0.73673755104635930  0.74729980392985862
  0.75773751535672296  0.76835420229958862  0.77886709488096229  0.78949448181452531
  0.80011737063943944  0.81064781849380008  0.82117064040871568  0.83169434805244236
  0.84234329111232320  0.85298971215060715  0.86358565581916391  0.87411291497526111
  0.88485809638506863  0.89552027580762261  0.90603804416594824  0.91647275778848514
  0.92699080911722120  0.93751712235486107  0.94801798540469040  0.95858812012871919
  0.96912439752002799  0.97955110113481758  0.98983419104988091  1.00000000000000000
 -0.00240022230294125  0.00929228087371013  0.01903884968854777  0.02939126362364599
  0.03955482063123214  0.04993915794636596  0.06036962337654121  0.07123363967847693
  0.08197009971341172  0.09251752239087561  0.10305831788150513  0.11360872487364274
  0.12421616858711799  0.13459046901379543  0.14503733943858901  0.15550824953762149
  0.16594936377356306  0.17630463798746057  0.18676010909308485  0.19727065015894535
  0.20778111215314324  0.21816522608346076  0.22855433825136773  0.23902969218700798
  0.24957722704800236  0.26009180871106130  0.27076367457268108  0.28123363079055863
  0.29168940851768271  0.30207365773454453  0.31255510879739978  0.32319439303565628
  0.33386849816490766  0.34457075660748610  0.35526479446567200  0.36587998023420998
  0.37662563972341262  0.38736298140171876  0.39794881238224150  0.40842066724931114
  0.41884994619288879  0.42956727166212455  0.44036047326355093  0.45119334793615085
  0.46185745035229625  0.47239983317218726  0.48293556288785744  0.49350495693557456
  0.50414648868421685  0.51490430648478303  0.52572649454789488  0.53649039460406611
  0.54707859323439811  0.55761275636638763  0.56826868383927487  0.57890115225639827
  0.58950558721433788  0.60007028799558637  0.61053886147507230  0.62089690374894035
  0.63121610186845056  0.64161055247061916  0.65191533345522801  0.66248628070931559
  0.67311222574729968  0.68381228730161936  0.69425930033044370  0.70469250939221584
  0.71529906809929222  0.72589588946873707  0.73639765807228552  0.74683740377283325
  0.75713026570488706  0.76751963018922531  0.77795729996732177  0.78835353808322162
  0.79875543369721602  0.80905094542052969  0.81955284740706436  0.83007250387588871
  0.84084272579926489  0.85160285558851723  0.86241894743813985  0.87328114234948129
  0.88405440673735147  0.89470236933842573  0.90525409667794965  0.91572575097076592
  0.92630417525738584  0.93671822490982093  0.94716081302913657  0.95766533863260106
  0.96815766752482180  0.97887150591408845  0.98939684428120689  1.00000000000000000
 -0.00136614937501093  0.01360744438497066  0.02616179727330347  0.03733661581933878
  0.04828621218451747  0.05900897053655724  0.06964077902558419  0.08032657178409539
  0.09101587673180957  0.10170512770608370  0.11223133561047843  0.12281153851079643
  0.13342676905342915  0.14403064994364129  0.15450846395759299  0.16492602927709960
  0.17525846288664745  0.18552339710753915  0.19582670439625241  0.20607654697929101
  0.21639690236927811  0.22654421625005183  0.23675084938809193  0.24694848386822962
  0.25732506581948433  0.26772143020822292  0.27814733093789523  0.28864909134068906
  0.29923087449019248  0.30976528224234801  0.32021391939048044  0.33064501924527490
  0.34125189028172892  0.35183054992907820  0.36234146383710031  0.37279802845647325
  0.38342627367420307  0.39408909606013653  0.40459499093497503  0.41493361990318478
  0.42509344551064421  0.43524049082481053  0.44547465557431132  0.45592089726240870
  0.46640425973307498  0.47685203401726400  0.48713505912217536  0.49740589055902223
  0.50769677740202357  0.51812612952712434  0.52851939224730149  0.53892446308000985
  0.54945688710556750  0.56010136387824694  0.57085692310266634  0.58146399421424910
  0.59202159198164050  0.60261120003912494  0.61328078122592544  0.62388649988316680
  0.63434376792331615  0.64473264847442802  0.65519138893977769  0.66562073814272693
  0.67606716577001047  0.68661097848508057  0.69735929684949571  0.70819421470806876
  0.71891816553854082  0.72958058575686668  0.74015870412176399  0.75072737204789941
  0.76115640160487552  0.77144618042979940  0.78171195527382109  0.79210285788272972
  0.80275457329620370  0.81350453366525766  0.82412213545807556  0.83472229198089942
  0.84518871773202398  0.85579417147120795  0.86623785743037818  0.87673791051954464
  0.88714291994429040  0.89752981929317754  0.90794199423980626  0.91823630604225026
  0.92847448874283467  0.93880781814458070  0.94896388983059443  0.95914351227833083
  0.96918008995628868  0.97924949695153940  0.98954639346598416  1.00000000000000000
 -0.01963254622857443  0.12299256381696484  0.16836471971159517  0.19740925337028467
  0.22121564266393354  0.24157260425562438  0.25973044019253577  0.27624140563005023
  0.29159301680145278  0.30600887070838023  0.31961804218269668  0.33253111969819832
  0.34480818391786522  0.35655374328518941  0.36779658583092750  0.37872227453023027
  0.38929909864429907  0.39958698644840562  0.40951480537881263  0.41919459783330720
  0.42858976518495739  0.43781814209219344  0.44681441690737250  0.45565280026235594
  0.46425853066700418  0.47262543819558278  0.48090277834169493  0.48896698124967314
  0.49701588056828039  0.50483409000924451  0.51249339296362917  0.52005388571191080
  0.52745480511963760  0.53477130142739060  0.54197315447324812  0.54905664405313792
  0.55605538619983352  0.56298280692220459  0.56981373353967779  0.57659919302509166
  0.58332425791200493  0.58994190130550461  0.59646023030916206  0.60288054662088919
  0.60919217285521854  0.61544089275075975  0.62164199621288985  0.62778245730879711
  0.63382796052569945  0.63983554535387088  0.64582036790701847  0.65167303208456984
  0.65747952389536468  0.66323891523977141  0.66893840742131139  0.67458904824744770
  0.68020081774918539  0.68577272170790171  0.69130416709483578  0.69681022011894334
  0.70232095611398715  0.70783180022268388  0.71330413731665188  0.71873051651187081
  0.72414782920313225  0.72954383137597556  0.73495698568269896  0.74037373234076032
  0.74579042224789560  0.75120708274481096  0.75660992475634326  0.76199728280431445
  0.76738154471704345  0.77279304650782144  0.77827956945061316  0.78381281016195792
  0.78939932407012026  0.79505815024001958  0.80079521024780509  0.80659643876501386
  0.81248611685169692  0.81851719524220989  0.82467088542769229  0.83092785324328988
  0.83743259334662379  0.84418497859355357  0.85118039830802095  0.85860931219212111
  0.86658357880264014  0.87500223272944977  0.88431495332755483  0.89470433499013124
  0.90693497579601789  0.92237352469607192  0.94593493784848171  1.00000000000000000
   1.1441235811059262E-005  -1.0000000000000000     
 F F F F F F F F F F F F F F F F T T T T T T T T T T T T T T T T T T T T T T T T T T T T T T T T F F F F F F F F F F F F F F F F F F F F F F F F F F F F F F F F T T T T T T T T T T T T T T T T T T T T T T T T T T T T T T T T F F F F F F F F F F F F F F F F
  <DiscreteSampler_grid>
  grouped_processes
  1 # 1 for a reference and 2 for a running grid.
  10 # Attribute 'min_bin_probing_points' of the grid.
  1 # Attribute 'grid_mode' of the grid. 1=='default',2=='initialization'
  0.0000000000000000 # Attribute 'small_contrib_threshold' of the grid.
  0.5000000000000000 # Attribute 'damping_power' of the grid.
 # binID   n_entries weight   weight_sqr   abs_weight
    31   10   3.522231242744888E+005   4.060048266155001E+011   3.522231242744888E+005
    32   10   3.522231242744873E+005   4.060048266154947E+011   3.522231242744873E+005
    34   10   3.522231242744887E+001   4.060048266155000E+003   3.522231242744887E+001
    35   10   3.522231242744873E+001   4.060048266154945E+003   3.522231242744873E+001
    37   10   3.522231242744887E+001   4.060048266155000E+003   3.522231242744887E+001
    38   10   3.522231242744873E+001   4.060048266154945E+003   3.522231242744873E+001
    40   10   3.522231242744888E+005   4.060048266155001E+011   3.522231242744888E+005
    41   10   3.522231242744873E+005   4.060048266154947E+011   3.522231242744873E+005
    43   10   3.522231242744888E+005   4.060048266155002E+011   3.522231242744888E+005
    44   10   3.522231242744873E+005   4.060048266154947E+011   3.522231242744873E+005
    46   10   3.522231242744887E+001   4.060048266155000E+003   3.522231242744887E+001
    47   10   3.522231242744873E+001   4.060048266154944E+003   3.522231242744873E+001
    49   10   3.522231242744887E+001   4.060048266155000E+003   3.522231242744887E+001
    50   10   3.522231242744873E+001   4.060048266154944E+003   3.522231242744873E+001
    52   10   3.522231242744888E+005   4.060048266155002E+011   3.522231242744888E+005
    53   10   3.522231242744873E+005   4.060048266154947E+011   3.522231242744873E+005
  </DiscreteSampler_grid>
