 -0.00005694434735287  0.00059429699637371  0.00154653138107259  0.00299961142667945
  0.00493907623613841  0.00733412374367932  0.01021158009577169  0.01354104533071704
  0.01725929101920778  0.02146279687607937  0.02604419192391927  0.03083124446097481
  0.03610026763888255  0.04166162948274135  0.04739985307386838  0.05336482603455284
  0.05958666036758443  0.06606596402118438  0.07284385559241258  0.07995495127324460
  0.08734052066518957  0.09495052778929354  0.10272247346554726  0.11077435656795249
  0.11910221854340017  0.12756379853763763  0.13633520572748081  0.14540134380210107
  0.15460168222998258  0.16383393364328516  0.17315732667474837  0.18260516233559906
  0.19211879349988495  0.20172053293883338  0.21143764263091064  0.22117610276145963
  0.23122085883186577  0.24155408380786225  0.25199387708767063  0.26233170414799539
  0.27286301090789422  0.28361472393960763  0.29445710548729576  0.30546885183097944
  0.31659942236988603  0.32775234554603816  0.33936547755165875  0.35077117976184918
  0.36199074035101686  0.37294670328309465  0.38406015477948718  0.39554608672050945
  0.40728429831146129  0.41902588412049735  0.43062455182688292  0.44209813919456081
  0.45353792732879411  0.46501253498981310  0.47637633024965376  0.48939537227272406
  0.50252070506003599  0.51560029110221051  0.52882570824422392  0.54221300021875829
  0.55535684717034561  0.56869582574684374  0.58248040985586047  0.59652874011215917
  0.61068810719403077  0.62483637086390009  0.63890223680263536  0.65332443944284257
  0.66764931659390137  0.68186693858388536  0.69600893493090532  0.71008553572758482
  0.72407166965986414  0.73803059731498688  0.75210635662594250  0.76636295569633484
  0.78069922102788503  0.79508062203054042  0.80936113367168305  0.82363522669806766
  0.83795672602631843  0.85228815901292276  0.86654617716466098  0.88080432908437523
  0.89501004065793432  0.90947000984244641  0.92467157739813277  0.93985454834247384
  0.95503605295868987  0.97011430633559870  0.98508155860358715  1.00000000000000000
 -0.00273121266632344  0.00967959788709305  0.02048000822535725  0.03136737758551553
  0.04205861786321820  0.05237171840958842  0.06258427238112656  0.07285454323804864
  0.08304700398106854  0.09318809557204547  0.10275076707466291  0.11306612713713826
  0.12352460139357757  0.13393833048459361  0.14448059989506012  0.15505489041089898
  0.16588600637610346  0.17657543472164236  0.18708421357610336  0.19745996044564260
  0.20789614310861346  0.21849414708544224  0.22899468495453673  0.23928331379930512
  0.24957397567207690  0.26004552154978194  0.27056006224807910  0.28106212113963752
  0.29191304345904978  0.30314204208340967  0.31441581123538365  0.32560800047045324
  0.33674052779375774  0.34775344661717694  0.35857020464353911  0.36920619586143993
  0.37993265065541110  0.39077164240847928  0.40174272005051292  0.41274877711645797
  0.42341133511434970  0.43385727005655611  0.44427072435164011  0.45471657032049700
  0.46533999030806350  0.47578516021513562  0.48697584895081092  0.49827006478476071
  0.50943540129178277  0.52031573660207309  0.53088633357117743  0.54119404841778684
  0.55134505574850967  0.56150500606477249  0.57179452848302192  0.58189357245361240
  0.59182106621782293  0.60173750800456205  0.61196206581769841  0.62203653740748288
  0.63202019675009968  0.64207330185875489  0.65263758898777247  0.66315170504382315
  0.67323890565331379  0.68294828250973305  0.69257387730636777  0.70207734431896407
  0.71171450701804295  0.72197732185820584  0.73275624307690768  0.74421153222044067
  0.75535926316087676  0.76614706465010340  0.77686726114701377  0.78766861263694432
  0.79798058002506789  0.80838965787663020  0.81904178971386099  0.82966074547735802
  0.84014881504024486  0.85039721691808323  0.86065196973119262  0.87074287066563227
  0.88091095462807090  0.89095904123553582  0.90134599400184268  0.91185501859942508
  0.92281633944367614  0.93371618588669003  0.94479782034113369  0.95647594331035202
  0.96778223857389434  0.97923753994760654  0.98979057965824202  1.00000000000000000
 -0.00202758755781992  0.01156815031420536  0.02214635472181541  0.03148792913242759
  0.04049971493152894  0.04846130407212734  0.05610676256044350  0.06344436845683527
  0.07049233102726596  0.07743511445190290  0.08411603423294593  0.09067772034752812
  0.09704919146124603  0.10333776607395033  0.10958553175572838  0.11586298128451353
  0.12215972869677520  0.12830891159408420  0.13425994730474827  0.14013417174996023
  0.14598886140339962  0.15219405615849552  0.15847005373311202  0.16489383926089954
  0.17155004127512347  0.17818386457043633  0.18470701170343656  0.19110980444957237
  0.19749643161541000  0.20391367367916904  0.21029113419385564  0.21655287799524728
  0.22270984158803478  0.22880201963947328  0.23487606797536054  0.24094947456317067
  0.24720826539636997  0.25346608170344648  0.25966276391916326  0.26586727431251433
  0.27217175965677748  0.27862169227645600  0.28516462367852186  0.29173416710493977
  0.29825541102193931  0.30474316723452566  0.31131929079968929  0.31809219344717454
  0.32504986829590293  0.33195555620039702  0.33877852288544008  0.34561116218736287
  0.35258371860918414  0.35970096543603824  0.36701552508558227  0.37424835427432218
  0.38132649522267165  0.38848138052177472  0.39603811616361051  0.40401791647785656
  0.41224403541562821  0.42078337566546270  0.42952027310969487  0.43848025735736562
  0.44787656989017366  0.45734538108870121  0.46644312123134501  0.47549669873091299
  0.48477434505605083  0.49426641203536603  0.50365649814917812  0.51287549148281830
  0.52244497758695063  0.53238317693566939  0.54245132884057767  0.55256827853589985
  0.56306419895618576  0.57398221037561015  0.58537374499581363  0.59711007268646721
  0.60928135311274367  0.62186586032427671  0.63471480343392783  0.64794208606527393
  0.66193088767080777  0.67726234035038546  0.69336290475632179  0.70997495535801491
  0.72740859326412421  0.74688565652484218  0.76867768502571920  0.79379543195065627
  0.82270918413050775  0.85637081630417256  0.90343444569015730  1.00000000000000000
 -0.01994203990014678  0.12689654812020043  0.17099852231955237  0.20010194567754166
  0.22374847802025113  0.24458888276579577  0.26294203255338039  0.27967418421682577
  0.29497290614118371  0.30851699511521519  0.32124651076139349  0.33334999263276538
  0.34500904964176488  0.35647275126550643  0.36756355533905072  0.37828649090215571
  0.38874444811584657  0.39905164023432277  0.40892063050901739  0.41862636307927509
  0.42830011637159238  0.43773364521869773  0.44707768049552177  0.45627418217113735
  0.46550754179155296  0.47464717804958401  0.48344635152026416  0.49198118073500741
  0.50038908083151246  0.50869254487564752  0.51663481348568396  0.52418673448719710
  0.53157623548887145  0.53899135544072618  0.54638722887397373  0.55362849198990194
  0.56077286531548864  0.56789270798336700  0.57499331835351275  0.58210870852933938
  0.58871600908581900  0.59514866006360623  0.60157077144114302  0.60771350476150343
  0.61374310179698777  0.61987531181582844  0.62601594590551768  0.63187755542787272
  0.63762691308756125  0.64331317962011225  0.64879923613433976  0.65425404005065313
  0.65973305752760847  0.66522096232460293  0.67071672133434057  0.67610123215137607
  0.68131509791687905  0.68648970692805189  0.69159518923925012  0.69672329267163491
  0.70190035393899386  0.70703907363274165  0.71218715347121275  0.71753109481584065
  0.72282683660189539  0.72819300554013289  0.73343021613284831  0.73869395531498228
  0.74400790427993635  0.74931485418681221  0.75467527915640076  0.76006808267399717
  0.76541786038967963  0.77092675540588740  0.77659168781234733  0.78214665612176493
  0.78771918740993119  0.79339848546343061  0.79927358050063180  0.80528173206742515
  0.81128465410503636  0.81731364225415948  0.82353073625894357  0.82997724394803740
  0.83659576139048253  0.84327488014246677  0.84997009381561861  0.85705586280244539
  0.86485201634092057  0.87332046865554958  0.88277744586254359  0.89318332421588054
  0.90550055994206369  0.92146594560861372  0.94621891208045150  1.00000000000000000
   9.9743137031637504E-008  -1.0000000000000000     
 F T T F F T T F
  <DiscreteSampler_grid>
  grouped_processes
  1 # 1 for a reference and 2 for a running grid.
  10 # Attribute 'min_bin_probing_points' of the grid.
  1 # Attribute 'grid_mode' of the grid. 1=='default',2=='initialization'
  0.0000000000000000 # Attribute 'small_contrib_threshold' of the grid.
  0.5000000000000000 # Attribute 'damping_power' of the grid.
 # binID   n_entries weight   weight_sqr   abs_weight
    31   10   2.198135877347547E+004   7.856783117574358E+008   2.198135877347547E+004
    32   10   2.198135877347547E+004   7.856783117574358E+008   2.198135877347547E+004
    34   10   2.198135877347548E+000   7.856783117574359E+000   2.198135877347548E+000
    35   10   2.198135877347548E+000   7.856783117574359E+000   2.198135877347548E+000
    37   10   2.198135877347548E+000   7.856783117574359E+000   2.198135877347548E+000
    38   10   2.198135877347548E+000   7.856783117574359E+000   2.198135877347548E+000
    40   10   2.198135877347547E+004   7.856783117574358E+008   2.198135877347547E+004
    41   10   2.198135877347547E+004   7.856783117574358E+008   2.198135877347547E+004
    43   10   2.198135877347547E+004   7.856783117574358E+008   2.198135877347547E+004
    44   10   2.198135877347547E+004   7.856783117574358E+008   2.198135877347547E+004
    46   10   2.198135877347548E+000   7.856783117574359E+000   2.198135877347548E+000
    47   10   2.198135877347548E+000   7.856783117574359E+000   2.198135877347548E+000
    49   10   2.198135877347548E+000   7.856783117574359E+000   2.198135877347548E+000
    50   10   2.198135877347548E+000   7.856783117574359E+000   2.198135877347548E+000
    52   10   2.198135877347547E+004   7.856783117574358E+008   2.198135877347547E+004
    53   10   2.198135877347547E+004   7.856783117574358E+008   2.198135877347547E+004
  </DiscreteSampler_grid>
