 -0.00238059816614524  0.00974545463363994  0.01996573969629799  0.03055333532124353
  0.04108060430410839  0.05155524455497316  0.06214890889041978  0.07284948997636646
  0.08360461178416212  0.09419128697852856  0.10486135515577027  0.11552518002875412
  0.12618460067765797  0.13680881066099532  0.14742317033152944  0.15805486123014637
  0.16859088511034059  0.17908609819738228  0.18962368503419463  0.20007369255397395
  0.21044293042579679  0.22072700286288410  0.23111827525684447  0.24162492672519625
  0.25215035134059577  0.26271081237167293  0.27330624860945740  0.28409952491408980
  0.29483912725709116  0.30554354912751885  0.31625711170556964  0.32703134201923839
  0.33781267233436396  0.34843375701682333  0.35906342482945697  0.36952178251020312
  0.38002731054682620  0.39041846555785814  0.40083660689414607  0.41125971706539177
  0.42167184868065805  0.43215804731449331  0.44256207347851678  0.45301135361958672
  0.46347738911028030  0.47400906310078922  0.48463285048875904  0.49544482326875272
  0.50606325739137992  0.51677494775040334  0.52723590076240789  0.53770227009558114
  0.54809379701235006  0.55840448267937381  0.56891348877087045  0.57948765766142540
  0.59017832087794364  0.60095987903007109  0.61153125072817915  0.62216739250577302
  0.63256118625841418  0.64297691322356032  0.65332309518123255  0.66368882412860286
  0.67398858963902430  0.68426838610798701  0.69462512220870454  0.70503466487579025
  0.71552968199201716  0.72605668847158222  0.73663144537256797  0.74718886947178631
  0.75766646774603008  0.76797559263635629  0.77830068621437154  0.78847232716029225
  0.79887659275524692  0.80931153530004429  0.81992104575390701  0.83057681032510766
  0.84137672615604875  0.85217492020548447  0.86262239958935982  0.87296612805904916
  0.88331343696656817  0.89383541892447227  0.90453392811833933  0.91521109405046608
  0.92575787412203481  0.93622540288496436  0.94679881968598256  0.95751281109714270
  0.96794791296047600  0.97862627950995462  0.98931204186120503  1.00000000000000000
 -0.00243729359898898  0.00952080238280778  0.01989471277000805  0.03038740200183836
  0.04089267339716386  0.05120888026768584  0.06152093050101875  0.07192388816828967
  0.08241418670009329  0.09319951812991686  0.10398406764991887  0.11458530383424771
  0.12521555127109363  0.13588948503009207  0.14660473752018391  0.15714397300220945
  0.16776850308168426  0.17842179226287971  0.18921046442729314  0.19981859611693448
  0.21025784607586689  0.22063002007007126  0.23101620646887569  0.24143071869905691
  0.25188517308119068  0.26237043699843943  0.27293791164296455  0.28344463807044934
  0.29391782948089890  0.30445609005470259  0.31491494061855912  0.32539498619734858
  0.33591976560103648  0.34669794820720912  0.35750170588791813  0.36831798667176974
  0.37894019944576107  0.38959054606173826  0.40016790923025070  0.41073062055773629
  0.42114093664535995  0.43148185289113350  0.44199750719153302  0.45249047790127572
  0.46298386023906762  0.47327303118459013  0.48370318263808021  0.49433692270501989
  0.50510149691985529  0.51588008467776647  0.52651614409652892  0.53706992252162411
  0.54749761209741132  0.55781995662723438  0.56827476773124141  0.57862433248123446
  0.58895074333721598  0.59931379850245703  0.60995210308705883  0.62067893658123130
  0.63137202578260965  0.64205619630656918  0.65274726319184340  0.66343926218300697
  0.67406483759594604  0.68459892635431008  0.69502535850470248  0.70543573612901833
  0.71601749011601690  0.72671808205771693  0.73742126759548343  0.74815938567339191
  0.75879845915348065  0.76933186426061262  0.77988944066690180  0.79046399386933119
  0.80135012113092141  0.81195701917693275  0.82266712378286144  0.83320997553907128
  0.84376715624988652  0.85421235848873278  0.86473371704353752  0.87517104247126420
  0.88549747374619148  0.89575987901976317  0.90629430418449985  0.91683202994940405
  0.92728890559521582  0.93768767215932847  0.94823089670297822  0.95869755014990654
  0.96905005100890262  0.97935767367409654  0.98975664879536074  1.00000000000000000
  0.00181248997682151  0.01181136116552760  0.02290361649952667  0.03369098954223228
  0.04435838703625716  0.05475258716372985  0.06515071548621044  0.07574809023353224
  0.08623767032437528  0.09678635836632780  0.10723266434531012  0.11766002188113855
  0.12806924331650693  0.13844877782176102  0.14876226901559006  0.15898779115928319
  0.16908991712243998  0.17933768805573061  0.18949870162971513  0.20004966851073336
  0.21054779546481597  0.22107925785645766  0.23149646733834736  0.24196766424180458
  0.25247095535816666  0.26289374858876507  0.27330889482705883  0.28378365374937364
  0.29438190773007994  0.30508429147669214  0.31584488192904592  0.32650005945960892
  0.33710128564565828  0.34760529824224107  0.35810676525024693  0.36853477834808429
  0.37898430009620226  0.38942067622412269  0.39973992700506966  0.41009633153881819
  0.42050871157124786  0.43112423687801682  0.44173483270200398  0.45218781492042204
  0.46266341541391720  0.47306652670102434  0.48362521053045043  0.49405420601867978
  0.50453049250798077  0.51515018221509079  0.52579279958225367  0.53645469723696038
  0.54705738624037648  0.55783949060296922  0.56870534708959342  0.57961567167623562
  0.59037520914407615  0.60116864155423833  0.61189298638481993  0.62267995922297947
  0.63332492684206287  0.64372988746873572  0.65417499707908033  0.66452555567671623
  0.67494543117377337  0.68528194159694134  0.69580709096703786  0.70631855316970793
  0.71665835607776895  0.72693540183669592  0.73719066637295161  0.74747278929042715
  0.75782658845308548  0.76817232997854079  0.77852345475914320  0.78881208871284736
  0.79923088762078709  0.80963294721489421  0.81998583139082115  0.83025784241920342
  0.84067613235804617  0.85122323185189919  0.86171982130806724  0.87225982611609176
  0.88254098577081075  0.89277439557163141  0.90307330165618860  0.91362182366888378
  0.92445145719842103  0.93513299943516426  0.94583668553715783  0.95645628622649459
  0.96711262995480018  0.97771611244930667  0.98877457571597605  1.00000000000000000
 -0.01971148632717333  0.12348617409969086  0.16836242547561511  0.19755240445422667
  0.22144863289409097  0.24185357813920871  0.25997269338334522  0.27648293854020328
  0.29181546580442619  0.30619946212366522  0.31971422284701490  0.33255269141521093
  0.34478226246263649  0.35652922589137281  0.36778705833714170  0.37868973142815771
  0.38920838281454989  0.39943260376862155  0.40932012272960000  0.41899142537007078
  0.42837901629627906  0.43757887286953923  0.44653832283513550  0.45532655961420210
  0.46394681675590532  0.47238630280008959  0.48070812846324518  0.48878180838586438
  0.49677310024129279  0.50460460409702868  0.51231426560247517  0.51993923837302214
  0.52737059380598839  0.53473161259109747  0.54199368797346237  0.54913393836260760
  0.55618966388046731  0.56313824455687467  0.56996452433532507  0.57671719061556370
  0.58340260920891029  0.58998678977078689  0.59649432298253857  0.60293881194317900
  0.60928075947074678  0.61555258192366835  0.62177282744741624  0.62791572454584466
  0.63398103224797120  0.64000018887507071  0.64597987001817603  0.65184463201263365
  0.65767689477303581  0.66347536430264775  0.66920935678101046  0.67488613215530646
  0.68052781805449802  0.68614658167756504  0.69173325317120093  0.69727580598913774
  0.70280297812734049  0.70829899330769519  0.71374824791026947  0.71916988993522246
  0.72457890713380135  0.72997795123547249  0.73536925123866714  0.74074872766882893
  0.74612222380322568  0.75149949730351262  0.75688632969012837  0.76228961905950243
  0.76771422297377001  0.77315749118020083  0.77865930506808045  0.78417293741942673
  0.78973696635133250  0.79537841568160927  0.80109686873950037  0.80688204651279238
  0.81276336187776943  0.81878832781930111  0.82494409469640362  0.83122505753363185
  0.83777058138716343  0.84454315202545605  0.85153079164320034  0.85892599530424818
  0.86683114491774627  0.87520203572541699  0.88451240620498894  0.89483922091307599
  0.90700452296202483  0.92239379104031682  0.94595792379128552  1.00000000000000000
   6.2845653708543869E-003  -1.0000000000000000     
 F T T F F T T F
  <DiscreteSampler_grid>
  grouped_processes
  1 # 1 for a reference and 2 for a running grid.
  10 # Attribute 'min_bin_probing_points' of the grid.
  1 # Attribute 'grid_mode' of the grid. 1=='default',2=='initialization'
  0.0000000000000000 # Attribute 'small_contrib_threshold' of the grid.
  0.5000000000000000 # Attribute 'damping_power' of the grid.
 # binID   n_entries weight   weight_sqr   abs_weight
    31   10   7.754103562463365E+010   9.882529873248641E+021   7.754103562463365E+010
    32   10   7.754103562463365E+010   9.882529873248641E+021   7.754103562463365E+010
    34   10   7.754103562463367E+006   9.882529873248641E+013   7.754103562463367E+006
    35   10   7.754103562463367E+006   9.882529873248641E+013   7.754103562463367E+006
    37   10   7.754103562463367E+006   9.882529873248641E+013   7.754103562463367E+006
    38   10   7.754103562463367E+006   9.882529873248641E+013   7.754103562463367E+006
    40   10   7.754103562463365E+010   9.882529873248641E+021   7.754103562463365E+010
    41   10   7.754103562463365E+010   9.882529873248641E+021   7.754103562463365E+010
    43   10   7.754103562463365E+010   9.882529873248641E+021   7.754103562463365E+010
    44   10   7.754103562463365E+010   9.882529873248641E+021   7.754103562463365E+010
    46   10   7.754103562463367E+006   9.882529873248641E+013   7.754103562463367E+006
    47   10   7.754103562463367E+006   9.882529873248641E+013   7.754103562463367E+006
    49   10   7.754103562463367E+006   9.882529873248641E+013   7.754103562463367E+006
    50   10   7.754103562463367E+006   9.882529873248641E+013   7.754103562463367E+006
    52   10   7.754103562463365E+010   9.882529873248641E+021   7.754103562463365E+010
    53   10   7.754103562463365E+010   9.882529873248641E+021   7.754103562463365E+010
  </DiscreteSampler_grid>
