 -0.00005734297476556  0.00059471366518116  0.00154615402022315  0.00295932611107803
  0.00485652135671134  0.00721615595794342  0.01006717749141474  0.01335573758878903
  0.01719872219452587  0.02149208334737773  0.02601064994988072  0.03072127207599055
  0.03588052292077144  0.04132229882846632  0.04704315928981693  0.05311440311819097
  0.05948642139101041  0.06627440201996521  0.07331566424473948  0.08070306017395545
  0.08823126542672627  0.09567764842842544  0.10320045217295039  0.11096445182591191
  0.11907528098897427  0.12737139372845011  0.13569988939312558  0.14419410061107943
  0.15282505637346033  0.16160117368386276  0.17060223430964988  0.18007824824746149
  0.18984313264905106  0.19937773322091332  0.20911591838846150  0.21900481585714243
  0.22888390620767701  0.23870748650685844  0.24874748714187658  0.25925969094037338
  0.26991019665038257  0.28062398310384923  0.29140933881096470  0.30242292900329132
  0.31379690634068541  0.32524253056798719  0.33629707006627152  0.34719837318505281
  0.35812371142387533  0.36929841068110825  0.38104894561924679  0.39274638806398271
  0.40442099370934309  0.41611255898359151  0.42785220559284914  0.43966501983277662
  0.45154437953117588  0.46349097126917899  0.47548672487797716  0.48768378453648781
  0.49992383640782928  0.51225664974005436  0.52497211451036518  0.53803506990745231
  0.55095939720029452  0.56381191581638601  0.57667921575507519  0.58999476645687765
  0.60348367070947273  0.61693426408949181  0.63039055345726369  0.64407560859290314
  0.65793984696933794  0.67181751364362763  0.68605118887073757  0.70073347617365545
  0.71540635901721061  0.73017115621677309  0.74466413774914564  0.75917512227657480
  0.77377528396050965  0.78841802527707971  0.80306313246357774  0.81772688951245875
  0.83253385696139903  0.84752227545617720  0.86268881534557651  0.87788700357530502
  0.89280881742623863  0.90784567075405842  0.92336556958205707  0.93879606488385703
  0.95414195310006822  0.96944101122855930  0.98471919499902627  1.00000000000000000
 -0.00231759346009951  0.00948390156927578  0.01917611854611776  0.02964725442124477
  0.03990811247207832  0.05089342948133509  0.06203446239190822  0.07382031722833061
  0.08508980481027240  0.09574898561635180  0.10611670356890904  0.11586076789576272
  0.12580783176570084  0.13536859533084297  0.14540753168343071  0.15572142723449139
  0.16553014179816292  0.17556109705871001  0.18578473687645833  0.19673573716938095
  0.20817000320810772  0.21919547488547753  0.23038479932582839  0.24096912066075643
  0.25196434854546479  0.26332204657081809  0.27474897123544306  0.28574314646859300
  0.29645353064172891  0.30721842407000688  0.31787129527907232  0.32841708325223967
  0.33931753386111607  0.35020773916108938  0.36112319869756343  0.37225076582488292
  0.38318081075874494  0.39429945566782665  0.40535417214570391  0.41632663243086393
  0.42663959904844045  0.43655647732250619  0.44692016444682126  0.45709702683878883
  0.46701259669477774  0.47692103122112561  0.48726833769393113  0.49784361931467036
  0.50847679218294417  0.51892900552928800  0.52972888809953556  0.54072414641692945
  0.55183869089839321  0.56316205820906096  0.57468852617539534  0.58616264428141607
  0.59710172981244791  0.60785269048677404  0.61831950045830686  0.62889076982768843
  0.63949045508764613  0.65021745231973616  0.66064597288565619  0.67115673767667183
  0.68162981390385213  0.69177376348015318  0.70198808035075744  0.71215340217734291
  0.72254332360154117  0.73297616579014158  0.74345877382198322  0.75386405164155024
  0.76433104957410292  0.77470619841775723  0.78465832150624781  0.79441055324011312
  0.80425043053276313  0.81432430435497005  0.82395129761980335  0.83351128292791332
  0.84317132643251769  0.85316377193808002  0.86326796052537769  0.87367678938112059
  0.88393051447737025  0.89419896811389943  0.90447224029954221  0.91530845491260526
  0.92546903672070424  0.93541279617474504  0.94561541435137464  0.95617913215065231
  0.96709999501277255  0.97764315091912701  0.98876380797469943  1.00000000000000000
 -0.00229725446465786  0.01139908269976390  0.02215870950429768  0.03112707596215651
  0.03955744255684314  0.04729613089014507  0.05455044368179475  0.06157036697497813
  0.06838299074527861  0.07529006355115821  0.08217855993948438  0.08904861570564462
  0.09583819179550047  0.10259398699840849  0.10931581662806257  0.11593995079170427
  0.12241172234934983  0.12880434748606584  0.13532972569812290  0.14208916754124692
  0.14877519938375056  0.15544583097283551  0.16198174615858954  0.16837066961232641
  0.17468347289456340  0.18086369889058079  0.18708152554817584  0.19354929831037254
  0.20006262632598681  0.20671396519225591  0.21356878904543300  0.22055543768728159
  0.22757253139202011  0.23446178405794540  0.24129047817500915  0.24810041842964717
  0.25480389138481652  0.26148264960793804  0.26849582420401441  0.27553957372737492
  0.28231407947224019  0.28885578638110315  0.29532943305036752  0.30191265792740579
  0.30870247301111670  0.31561676364638180  0.32256602538508516  0.32944853357143500
  0.33618894191597032  0.34273434957597126  0.34929460456936307  0.35600748965503792
  0.36280154463430198  0.36959206573087722  0.37639295302949233  0.38347048214618318
  0.39081343049658246  0.39833168717069856  0.40624669289060589  0.41411747831595713
  0.42173064791584580  0.42930335468809167  0.43701079511893121  0.44486501007381873
  0.45277630933923180  0.46091954375605881  0.46947233941778016  0.47828781647809726
  0.48704917077452953  0.49578478881224530  0.50474687240163618  0.51403317373466451
  0.52349535879360864  0.53322657000747598  0.54331642217224796  0.55399023678294579
  0.56510103654490229  0.57649791689240248  0.58793458607774884  0.59984669614133868
  0.61246980878281110  0.62531984241089333  0.63800177167546313  0.65084305699794132
  0.66390701069070956  0.67802506088256309  0.69314385788245048  0.71010683160904764
  0.72830583514886116  0.74768408289555466  0.76895286503559823  0.79341394882409610
  0.82267530457899563  0.85812511234526745  0.90493658414382694  1.00000000000000000
 -0.01996131388813690  0.12546169361633372  0.16823587938047299  0.19665222294581752
  0.22122324838819565  0.24259218121954948  0.26162429003699311  0.27844996209370027
  0.29390102923759920  0.30843414182764112  0.32214980643615121  0.33509993568975222
  0.34739957051879827  0.35937035155202252  0.37088543329920781  0.38193358371193525
  0.39257030345065164  0.40283967363560291  0.41278538236818307  0.42216789727968806
  0.43131656789160300  0.44044496318774146  0.44933913346634013  0.45820037167239336
  0.46682270684465194  0.47523611491091866  0.48353039362762634  0.49153030831378697
  0.49941055142772151  0.50695552350421491  0.51442998993552447  0.52179191279184067
  0.52914576643122679  0.53628910900202609  0.54329741338280690  0.55001474952032481
  0.55664256041673466  0.56343836265974989  0.57035671348027406  0.57729154062697230
  0.58414494611286560  0.59083290817022638  0.59742934664813985  0.60388684870480480
  0.61018491749274306  0.61655370261555464  0.62299753332184582  0.62939064833474800
  0.63556089401772520  0.64161328980813337  0.64757360899429417  0.65331695322536143
  0.65899141631821556  0.66464350766190150  0.67036256051946297  0.67617620695439107
  0.68203120588619015  0.68781941103234934  0.69335231046528034  0.69880781974421913
  0.70424690861311678  0.70958052353513767  0.71489720605817153  0.72023519611679276
  0.72552362579074603  0.73070576478476490  0.73571684257662406  0.74067731558513628
  0.74575917842975692  0.75092977930513150  0.75618413608097290  0.76135227765011160
  0.76652123845590403  0.77176745543298408  0.77727826031686209  0.78282107596183714
  0.78825492581397150  0.79366317369057393  0.79908593294828678  0.80463009550312115
  0.81020518529842667  0.81590238182734187  0.82183819796427116  0.82793857845821861
  0.83438602003123463  0.84127034420058100  0.84848947781010187  0.85621225673645918
  0.86460748204006166  0.87336240256614317  0.88295894590939650  0.89359004591945779
  0.90601103163137842  0.92153891280156641  0.94541291357446877  1.00000000000000000
   9.8620369844839086E-008  -1.0000000000000000     
 F T T F F T T F
  <DiscreteSampler_grid>
  grouped_processes
  1 # 1 for a reference and 2 for a running grid.
  10 # Attribute 'min_bin_probing_points' of the grid.
  1 # Attribute 'grid_mode' of the grid. 1=='default',2=='initialization'
  0.0000000000000000 # Attribute 'small_contrib_threshold' of the grid.
  0.5000000000000000 # Attribute 'damping_power' of the grid.
 # binID   n_entries weight   weight_sqr   abs_weight
    31   10   3.310287766568155E+004   1.389071660869836E+009   3.310287766568155E+004
    32   10   3.310287766568155E+004   1.389071660869836E+009   3.310287766568155E+004
    34   10   3.310287766568156E+000   1.389071660869837E+001   3.310287766568156E+000
    35   10   3.310287766568156E+000   1.389071660869837E+001   3.310287766568156E+000
    37   10   3.310287766568156E+000   1.389071660869837E+001   3.310287766568156E+000
    38   10   3.310287766568156E+000   1.389071660869837E+001   3.310287766568156E+000
    40   10   3.310287766568155E+004   1.389071660869836E+009   3.310287766568155E+004
    41   10   3.310287766568155E+004   1.389071660869836E+009   3.310287766568155E+004
    43   10   3.310287766568155E+004   1.389071660869836E+009   3.310287766568155E+004
    44   10   3.310287766568155E+004   1.389071660869836E+009   3.310287766568155E+004
    46   10   3.310287766568156E+000   1.389071660869837E+001   3.310287766568156E+000
    47   10   3.310287766568156E+000   1.389071660869837E+001   3.310287766568156E+000
    49   10   3.310287766568156E+000   1.389071660869837E+001   3.310287766568156E+000
    50   10   3.310287766568156E+000   1.389071660869837E+001   3.310287766568156E+000
    52   10   3.310287766568155E+004   1.389071660869836E+009   3.310287766568155E+004
    53   10   3.310287766568155E+004   1.389071660869836E+009   3.310287766568155E+004
  </DiscreteSampler_grid>
