 -0.00256630133037235  0.00995998550613473  0.02047340413797625  0.03119219732052275
  0.04167747435648953  0.05194092115303418  0.06229235728804117  0.07276652275735754
  0.08326322701524759  0.09362316522526044  0.10387815968018699  0.11428422799224472
  0.12475812182096899  0.13518984960688982  0.14555308596528471  0.15613416982977521
  0.16686809703153924  0.17744012322097844  0.18795341024672430  0.19845735012473423
  0.20899936992893708  0.21944772882353591  0.22987755785917435  0.24046063744806007
  0.25115376016763941  0.26196682030602186  0.27268370476954645  0.28332414387285237
  0.29373922610175068  0.30418080190716140  0.31457860784859526  0.32513431765869921
  0.33564387197631351  0.34624304955127339  0.35688990336911619  0.36760421826101392
  0.37805520421286987  0.38857214203149687  0.39913719499427985  0.40990329265414416
  0.42051842472097861  0.43112791543634910  0.44164006975647774  0.45207181406923447
  0.46243045652557047  0.47283702310358366  0.48328228539689999  0.49391197798851233
  0.50448499356006460  0.51505561729159799  0.52535505558174378  0.53559779319631839
  0.54604431716966151  0.55663178382921041  0.56719041907957968  0.57760786727577718
  0.58813653652507381  0.59874650694717291  0.60911337318062064  0.61931739597318347
  0.62962769939723551  0.64002623041449436  0.65029142659714589  0.66054105498054505
  0.67105427887305535  0.68172556588171140  0.69231788316094300  0.70278759409551672
  0.71322359123197276  0.72379481776913379  0.73433443260933318  0.74507484101540833
  0.75577829309122024  0.76653638131553170  0.77714378289101926  0.78774636871062054
  0.79835065700294017  0.80896713620518645  0.81972698311301828  0.83045753083606455
  0.84116631938435305  0.85176060774269291  0.86244527449781838  0.87322091052158046
  0.88377211288702129  0.89445933582816683  0.90514324739724661  0.91593464622945675
  0.92646737900707954  0.93703060487562639  0.94748734894160902  0.95802050058469157
  0.96852050300771186  0.97903138497124109  0.98950115890048640  1.00000000000000000
 -0.00246537273389493  0.00956284084354067  0.01950033533481232  0.02990388729244883
  0.04028221043350207  0.05075786132724801  0.06134110682045814  0.07211247725426961
  0.08298260986791579  0.09360567414291075  0.10416166050878853  0.11476585213816082
  0.12533806314776932  0.13596533308320427  0.14651601211954382  0.15708726866222969
  0.16765216947355449  0.17836259037329777  0.18912817835995810  0.20004044061948040
  0.21092432525025295  0.22169358284802582  0.23237861938554794  0.24296001175309159
  0.25367652567976601  0.26440494755705535  0.27518022918462204  0.28592984097297025
  0.29645282953386365  0.30694426149789550  0.31729665175817051  0.32759965102668509
  0.33782475581845822  0.34801219424535867  0.35827086213586423  0.36851740328784632
  0.37899930671684762  0.38966301992593161  0.40038804466297057  0.41094051863611597
  0.42151065531649062  0.43190014195284859  0.44226102318194438  0.45255828036144130
  0.46303722808178693  0.47358179357236219  0.48418571852648962  0.49475738119184193
  0.50516350211364813  0.51544839692876165  0.52585909588762192  0.53645830025358066
  0.54708238484293104  0.55770917316487201  0.56827744395565438  0.57877772231015356
  0.58925508966732643  0.59985476725842835  0.61054594990107824  0.62117208387330480
  0.63154330907556966  0.64190793088212250  0.65241540567647782  0.66292440738617431
  0.67343107060628782  0.68378864687596885  0.69423715241471962  0.70470566568653692
  0.71522093547913013  0.72579774888805648  0.73632606463850891  0.74690340063990157
  0.75745764437310725  0.76803678478175408  0.77854608147135318  0.78906555258603284
  0.79971381010792186  0.81041183432537856  0.82139735066514608  0.83223261688268324
  0.84284047738917067  0.85341150954972766  0.86417675822526741  0.87513446897302505
  0.88567617344137795  0.89625430667410544  0.90675550337991817  0.91705762018998260
  0.92722306506818397  0.93746200892651843  0.94788530152878636  0.95837795697637584
  0.96879860693431563  0.97926870329732407  0.98968639504460110  1.00000000000000000
  0.00193809223838459  0.01123002608421451  0.02235546772562879  0.03301028761602209
  0.04373262631601016  0.05419748164297671  0.06466741376632816  0.07496797657814525
  0.08545278658066564  0.09601923342566590  0.10664669868574497  0.11728950165292837
  0.12783291315048370  0.13825759905322171  0.14887025661722492  0.15939645846315048
  0.16984758652743634  0.18012749327562247  0.19049787218914954  0.20110065570426905
  0.21160463293066309  0.22206475380885965  0.23244807870919185  0.24292651820661332
  0.25344084329538086  0.26410706463720701  0.27478770744522629  0.28538490167431085
  0.29598807473395838  0.30658346814396414  0.31717066570946029  0.32755042658668720
  0.33803638904564470  0.34852063624976753  0.35899149898313787  0.36935782957849783
  0.37983764381960783  0.39031260055903944  0.40082479499530094  0.41132309189086202
  0.42207392009431743  0.43294670799475288  0.44376080858128347  0.45454198114406830
  0.46519124667986089  0.47579377848466742  0.48619844361311054  0.49668928069765411
  0.50728122070970438  0.51790910307366056  0.52839234366862953  0.53885033230419377
  0.54927318112292056  0.55969330568663656  0.57010189603642680  0.58056550999750600
  0.59107540432369288  0.60166705533215026  0.61208806829686813  0.62265411723214126
  0.63310633605202749  0.64362219160103851  0.65407026600668083  0.66445532991677092
  0.67496646302733787  0.68544746622041297  0.69599270313420492  0.70655539913517640
  0.71709831372957367  0.72772428325274996  0.73830104720627665  0.74882551701055611
  0.75925347159783796  0.76978051887478416  0.78018937971988622  0.79059241938268809
  0.80093691920605370  0.81131649412156570  0.82161133163410038  0.83188576255506297
  0.84237528714047538  0.85294504205625887  0.86328633597880100  0.87361003194767950
  0.88424356443802798  0.89508265385739472  0.90580454706265012  0.91633779812986882
  0.92677832490222412  0.93719448104399983  0.94729091475551597  0.95742259838051647
  0.96762771995615948  0.97795222382896518  0.98879395808170356  1.00000000000000000
 -0.01976305898019697  0.12277078716813244  0.16780134143247422  0.19681702799912804
  0.22065852533968780  0.24107580300683820  0.25928117992290073  0.27583139722741035
  0.29119414150633277  0.30557096043689769  0.31911462890360642  0.33198485832379554
  0.34425720369576529  0.35603109226077451  0.36730630225303623  0.37822264845460352
  0.38876304547413087  0.39902948799844146  0.40895098790153928  0.41865056055764610
  0.42805908263954667  0.43726717762049916  0.44623161137507600  0.45502545967093649
  0.46364253365419145  0.47207690303448446  0.48040298035704221  0.48849378503079066
  0.49649729146654353  0.50433743675613152  0.51204166548152175  0.51967907448363337
  0.52712231969331269  0.53448228916728202  0.54173774843748923  0.54888185400280110
  0.55594706556246376  0.56291236871603967  0.56975851525775256  0.57652536517298170
  0.58322076024618763  0.58980499484773308  0.59630024896669986  0.60273428010577346
  0.60907204033919549  0.61533913985722144  0.62155046985781326  0.62768093173677730
  0.63373865949581043  0.63975313302665504  0.64573838039074838  0.65161351602281525
  0.65744722051864657  0.66324669617866594  0.66898382140485146  0.67466728213476146
  0.68031737349108701  0.68593758141982231  0.69151401686024261  0.69703917875493171
  0.70254675711177150  0.70803213938227028  0.71348022728839033  0.71890753477577596
  0.72431862761176069  0.72971492435109542  0.73509682026950829  0.74047794804586631
  0.74586675419384019  0.75126609039971382  0.75667932986357367  0.76210525925701023
  0.76754473896359532  0.77299821726131757  0.77851496077509008  0.78405268251537852
  0.78964185780611806  0.79530343393313396  0.80102799353427090  0.80680148450038436
  0.81265881261543393  0.81865864707956959  0.82479697207776093  0.83106328172827282
  0.83758953092409227  0.84434649567045328  0.85131780148457414  0.85871361638366184
  0.86663949457120859  0.87502675233391636  0.88432063424604312  0.89461251477826220
  0.90673451817511153  0.92214377108049950  0.94588772474039096  1.00000000000000000
   6.2319528429485137E-003  -1.0000000000000000     
 F T T F F T T F
  <DiscreteSampler_grid>
  grouped_processes
  1 # 1 for a reference and 2 for a running grid.
  10 # Attribute 'min_bin_probing_points' of the grid.
  1 # Attribute 'grid_mode' of the grid. 1=='default',2=='initialization'
  0.0000000000000000 # Attribute 'small_contrib_threshold' of the grid.
  0.5000000000000000 # Attribute 'damping_power' of the grid.
 # binID   n_entries weight   weight_sqr   abs_weight
    31   10   4.706485228540087E+010   4.106603546624041E+021   4.706485228540087E+010
    32   10   4.706485228540087E+010   4.106603546624041E+021   4.706485228540087E+010
    34   10   4.706485228540087E+006   4.106603546624040E+013   4.706485228540087E+006
    35   10   4.706485228540087E+006   4.106603546624040E+013   4.706485228540087E+006
    37   10   4.706485228540087E+006   4.106603546624040E+013   4.706485228540087E+006
    38   10   4.706485228540087E+006   4.106603546624040E+013   4.706485228540087E+006
    40   10   4.706485228540087E+010   4.106603546624041E+021   4.706485228540087E+010
    41   10   4.706485228540087E+010   4.106603546624041E+021   4.706485228540087E+010
    43   10   4.706485228540087E+010   4.106603546624041E+021   4.706485228540087E+010
    44   10   4.706485228540087E+010   4.106603546624041E+021   4.706485228540087E+010
    46   10   4.706485228540087E+006   4.106603546624040E+013   4.706485228540087E+006
    47   10   4.706485228540087E+006   4.106603546624040E+013   4.706485228540087E+006
    49   10   4.706485228540087E+006   4.106603546624040E+013   4.706485228540087E+006
    50   10   4.706485228540087E+006   4.106603546624040E+013   4.706485228540087E+006
    52   10   4.706485228540087E+010   4.106603546624041E+021   4.706485228540087E+010
    53   10   4.706485228540087E+010   4.106603546624041E+021   4.706485228540087E+010
  </DiscreteSampler_grid>
