 -0.00259102989732272  0.00991046822632656  0.02028993229783214  0.03092266096527195
  0.04145759853372973  0.05218305674252380  0.06294239961385074  0.07359122908746693
  0.08412581372530495  0.09459559259313735  0.10496650838265693  0.11522450893240581
  0.12543483864288130  0.13577257795196485  0.14604597782131859  0.15642883779528804
  0.16683030754225475  0.17747295017620088  0.18813384502124669  0.19898021745142014
  0.20974840064567973  0.22039202540617375  0.23082141719013152  0.24117434735765003
  0.25157454657692840  0.26208204780552774  0.27254955891461641  0.28282292344273946
  0.29303106418695057  0.30337981782566836  0.31396157937485936  0.32452218342103079
  0.33506200787145790  0.34568466842194845  0.35634480608247410  0.36701903516639001
  0.37773357620981429  0.38847093771284463  0.39910547131870022  0.40954060242239021
  0.42001432439184672  0.43047240699294720  0.44098360624333705  0.45131706740384187
  0.46172853486460613  0.47213775635137445  0.48268575584207746  0.49318217205203219
  0.50376497567078915  0.51442824324888270  0.52504093667703589  0.53557747633072916
  0.54615352120642202  0.55678399670357615  0.56754112464861639  0.57828087741379675
  0.58904872595645563  0.59970753778347019  0.61044523947908691  0.62127223684917177
  0.63216849884665982  0.64299312406019060  0.65364380914736553  0.66427827088990921
  0.67486753083447604  0.68539983142430416  0.69596298243568655  0.70638677678933659
  0.71676198529530299  0.72707813510525598  0.73742352646768483  0.74787525625466433
  0.75836450419256396  0.76885254119051794  0.77922954066012373  0.78952199439019399
  0.79983422275208726  0.81023935453183737  0.82054944128833551  0.83079770904030759
  0.84107423526474367  0.85133330232464555  0.86187974431909953  0.87242903869473243
  0.88325146947760802  0.89409433253065140  0.90497466347117517  0.91574733155137034
  0.92623811140505830  0.93666736807563522  0.94713166573884122  0.95784064029154325
  0.96852416479641523  0.97918513160996989  0.98962312596164836  1.00000000000000000
 -0.00257515765338838  0.00979510599531529  0.02024551497980707  0.03074579357588594
  0.04126867287394848  0.05156705573208606  0.06203049515934522  0.07249039407554717
  0.08293693154479560  0.09359174671876397  0.10420422537486344  0.11483461381688320
  0.12543697232575754  0.13625108607737224  0.14709114528616965  0.15777790312823509
  0.16831585884442757  0.17883843452495593  0.18946029177946194  0.20000092087707913
  0.21056477869805940  0.22091294076460624  0.23146259062215055  0.24183193520435731
  0.25225135127721432  0.26249677579329128  0.27276186313745854  0.28302989658342881
  0.29324449114509660  0.30360095371855733  0.31397379829849970  0.32463967027474006
  0.33550949613179676  0.34641242786152032  0.35722777410716344  0.36785986091777861
  0.37848433149938865  0.38914903099118708  0.39987133906550559  0.41054190065678287
  0.42116531511348504  0.43174978938810543  0.44230405334823808  0.45278762360600988
  0.46330926815384277  0.47389804709672823  0.48456551138597043  0.49524795845587188
  0.50581281690194269  0.51643889816190347  0.52697022268517124  0.53754295785907102
  0.54799402352778881  0.55843981828375266  0.56894716838235526  0.57939787107224494
  0.58976754833343625  0.60017699214525677  0.61053087287918806  0.62088817254668283
  0.63137765676470914  0.64191685510144403  0.65253281345718217  0.66298916460370505
  0.67354091091552282  0.68419200272560354  0.69477584602155806  0.70532703842226552
  0.71575729940656307  0.72625951729861027  0.73661000308716951  0.74704611561821999
  0.75748836665023234  0.76806641023215916  0.77852114378510828  0.78896491623568710
  0.79947999269535808  0.81001554787935859  0.82044704333660845  0.83081626049304080
  0.84133666412515196  0.85191326055901750  0.86256949991179321  0.87320453262341147
  0.88366009284861069  0.89408472134924577  0.90462058293006153  0.91518240897595282
  0.92578199708573772  0.93636490368511405  0.94709107185913843  0.95776995186810232
  0.96835151937792507  0.97892476381565519  0.98947194007254002  1.00000000000000000
  0.00177742253626939  0.01161600934986697  0.02283370095325495  0.03355994740975457
  0.04430073625847436  0.05525750951586445  0.06611196063742183  0.07688117123435986
  0.08766118936980363  0.09844882086737432  0.10932750166189271  0.12024154282721883
  0.13090523025546943  0.14140494194524991  0.15191375697465107  0.16237861823644859
  0.17276697923254700  0.18294980844067393  0.19342219579878661  0.20396325687141154
  0.21448713902753205  0.22496173404170081  0.23550951362153055  0.24608466736321544
  0.25676175892260122  0.26740389159443839  0.27801967606414457  0.28866684277710297
  0.29905621350472950  0.30954822410682220  0.31998923821098607  0.33052264853981311
  0.34093181269033412  0.35112938288150641  0.36143245049141809  0.37171397878208934
  0.38200371020152751  0.39233523451550373  0.40287831170645511  0.41351532131936330
  0.42396054825664831  0.43443863215222206  0.44491373898808861  0.45552155023686880
  0.46601996188699951  0.47648024605164713  0.48700550311034813  0.49760812550234490
  0.50817796701665008  0.51869825299558403  0.52923454380753199  0.53983335818214395
  0.55036017468046938  0.56076636995406370  0.57127284575964554  0.58194274662073664
  0.59246235659599022  0.60291858586359970  0.61316641378870618  0.62346459784722208
  0.63382737383297094  0.64413294722010250  0.65480599201318135  0.66544011196159969
  0.67615596577355874  0.68680839185040510  0.69740973903779580  0.70808368532194521
  0.71859721792235520  0.72920116523185319  0.73983206290853309  0.75040838696202528
  0.76101233660709600  0.77146903839814474  0.78183395711865167  0.79211806115740790
  0.80248872055108034  0.81277966473486174  0.82304983158563227  0.83337575743684855
  0.84378758423105849  0.85418712630734828  0.86454853485290351  0.87499334306893850
  0.88525088238353111  0.89554185319247370  0.90597087106873431  0.91645829109154775
  0.92667086387332065  0.93683006246695233  0.94713167858371294  0.95743796616634835
  0.96764954892869171  0.97799887370359306  0.98885288102532398  1.00000000000000000
 -0.01960279911097312  0.12216370440453418  0.16745187071061293  0.19662789409339615
  0.22061019206801419  0.24109791301414110  0.25927983656489256  0.27580856463561110
  0.29114859548031524  0.30551640122857371  0.31904746733222783  0.33191722553537045
  0.34417161501893373  0.35593302698529633  0.36721143942280843  0.37813903761539558
  0.38866755137399850  0.39891470827574221  0.40882522757006046  0.41852743442140200
  0.42793793237829786  0.43716240592355238  0.44615103016038132  0.45497021422476169
  0.46361056911819670  0.47205010089409077  0.48037850615223165  0.48847075176082161
  0.49649059530678635  0.50435924829832179  0.51207343445697084  0.51971075099012198
  0.52713594409629017  0.53448033463578559  0.54172044338882119  0.54884761589620401
  0.55590297663328714  0.56287060480724882  0.56972118399978466  0.57648838810474357
  0.58318473858521136  0.58978615256759803  0.59631034464477606  0.60276536615393039
  0.60910934807705275  0.61536477056992367  0.62157586471638582  0.62771113888080887
  0.63376306996060261  0.63976625687418265  0.64572508475378376  0.65157007340716866
  0.65739452852296409  0.66319589906129861  0.66894616157061138  0.67464573991710297
  0.68031473311157842  0.68595879684542904  0.69155929205246836  0.69710841010386182
  0.70263760719828716  0.70813621218954237  0.71358871132548263  0.71900416403183309
  0.72440171150804700  0.72978791108194407  0.73516377354129081  0.74054069257587540
  0.74592017314488135  0.75130466485451164  0.75670477530033431  0.76212173250932047
  0.76754686079866452  0.77300040951304727  0.77852085480812017  0.78406476872939757
  0.78965359771900767  0.79530725142623948  0.80103182763234193  0.80681749073891829
  0.81270051146570876  0.81874005946040773  0.82491829355890578  0.83121356095876175
  0.83775830109875893  0.84452820226953751  0.85151802188368486  0.85892176640720441
  0.86683526539852818  0.87521056596182289  0.88453119979020522  0.89490295465854941
  0.90716908351316483  0.92263663117105021  0.94616660873887137  1.00000000000000000
   6.2642936948232968E-003  -1.0000000000000000     
 F T T F F T T F
  <DiscreteSampler_grid>
  grouped_processes
  1 # 1 for a reference and 2 for a running grid.
  10 # Attribute 'min_bin_probing_points' of the grid.
  1 # Attribute 'grid_mode' of the grid. 1=='default',2=='initialization'
  0.0000000000000000 # Attribute 'small_contrib_threshold' of the grid.
  0.5000000000000000 # Attribute 'damping_power' of the grid.
 # binID   n_entries weight   weight_sqr   abs_weight
    31   10   8.177294393594437E+010   9.224609415839100E+021   8.177294393594437E+010
    32   10   8.177294393594437E+010   9.224609415839100E+021   8.177294393594437E+010
    34   10   8.177294393594434E+006   9.224609415839100E+013   8.177294393594434E+006
    35   10   8.177294393594434E+006   9.224609415839100E+013   8.177294393594434E+006
    37   10   8.177294393594434E+006   9.224609415839100E+013   8.177294393594434E+006
    38   10   8.177294393594434E+006   9.224609415839100E+013   8.177294393594434E+006
    40   10   8.177294393594437E+010   9.224609415839100E+021   8.177294393594437E+010
    41   10   8.177294393594437E+010   9.224609415839100E+021   8.177294393594437E+010
    43   10   8.177294393594437E+010   9.224609415839100E+021   8.177294393594437E+010
    44   10   8.177294393594437E+010   9.224609415839100E+021   8.177294393594437E+010
    46   10   8.177294393594434E+006   9.224609415839100E+013   8.177294393594434E+006
    47   10   8.177294393594434E+006   9.224609415839100E+013   8.177294393594434E+006
    49   10   8.177294393594434E+006   9.224609415839100E+013   8.177294393594434E+006
    50   10   8.177294393594434E+006   9.224609415839100E+013   8.177294393594434E+006
    52   10   8.177294393594437E+010   9.224609415839100E+021   8.177294393594437E+010
    53   10   8.177294393594437E+010   9.224609415839100E+021   8.177294393594437E+010
  </DiscreteSampler_grid>
