  0.00932739038895408  0.01502220352090647  0.02386445122403448  0.03406396692370660
  0.04405488867238333  0.05422206374415201  0.06445283289306822  0.07471415594431059
  0.08493518055033487  0.09530994661826617  0.10591083862435875  0.11660477919637147
  0.12713499168427483  0.13777153359611050  0.14849000297541662  0.15940220938748564
  0.17028580381548433  0.18092760180883879  0.19161776243032763  0.20193533252057741
  0.21227045833837585  0.22261736275215227  0.23297913235370057  0.24340340668609345
  0.25397703209446454  0.26481694730271682  0.27571906527837420  0.28626094221500525
  0.29670907836087734  0.30718765508059154  0.31779487776764354  0.32839957792203878
  0.33905364821012890  0.34968149990070818  0.36023758364084768  0.37056288972695789
  0.38085589612986775  0.39118015791769606  0.40162068811443263  0.41213760141936667
  0.42267510384901980  0.43329480401405573  0.44379299865580468  0.45428524579579771
  0.46471370715470689  0.47530641257122647  0.48577254303244100  0.49618124900131383
  0.50647127209324871  0.51670385528423834  0.52691516454197329  0.53714595774913854
  0.54736737430559324  0.55761957669425888  0.56786073953904748  0.57824543465859268
  0.58861568142247500  0.59908872951318448  0.60946648355886879  0.61990700448958314
  0.63027521439608492  0.64066324559919963  0.65107621163894902  0.66146157209988266
  0.67196853413341939  0.68235565332753823  0.69283555680832631  0.70338668377273872
  0.71411114771777240  0.72480906511948817  0.73560277571401467  0.74617338172998537
  0.75657696386824880  0.76670499759828548  0.77692810761226461  0.78729717644918995
  0.79779860604424857  0.80835385206252242  0.81894659893088562  0.82957113184014575
  0.83998850489424925  0.85046300705078637  0.86104853181982477  0.87174689547938333
  0.88228245880340639  0.89269794213755782  0.90324266734887881  0.91387108165229447
  0.92439925630355202  0.93488198355195684  0.94545120062378796  0.95592739220728518
  0.96649360577805721  0.97709995823602025  0.98836990893663468  1.00000000000000000
  0.00740023677532201  0.01519896564747261  0.02544790945034054  0.03658759469405928
  0.04721196917107905  0.05765380990906384  0.06812937479878543  0.07878449635110897
  0.08935940290367189  0.09997031904040579  0.11051994648281147  0.12109758924219467
  0.13158604237723198  0.14197909958627908  0.15230817874956795  0.16258688902415122
  0.17286189012632541  0.18328699504395043  0.19388333007113828  0.20454765094597552
  0.21522896019251986  0.22600795424881209  0.23678935159937614  0.24756694910723026
  0.25808678032015892  0.26850453056057694  0.27875235634760243  0.28914067208370997
  0.29962919978000629  0.31012833715496041  0.32057525366923006  0.33097698516662183
  0.34156361990454087  0.35215582762914727  0.36278895779357784  0.37345476065115391
  0.38401279536587274  0.39444803082224744  0.40477931228467795  0.41514590580390648
  0.42557288187811504  0.43591325783158413  0.44619592300140071  0.45643636815003619
  0.46667101629215285  0.47687019570693279  0.48706117489033779  0.49728778447163402
  0.50768420896995603  0.51812680531474875  0.52852144697426096  0.53880032435936098
  0.54910470342865880  0.55942080629586011  0.56978369188788081  0.58011955635601442
  0.59048496051746302  0.60093098034868786  0.61126062509579271  0.62147466798850792
  0.63166041310628818  0.64174521024693132  0.65177950416320551  0.66188634856490780
  0.67222892018883362  0.68270194094675840  0.69307877175052723  0.70333395416481170
  0.71353736663359069  0.72369436214243332  0.73382596510042941  0.74393205873471624
  0.75415808567484710  0.76465406199699948  0.77529390914264695  0.78596534026418252
  0.79656143096901222  0.80718354834695716  0.81781684453585324  0.82828495156894522
  0.83879866842328021  0.84940847338909742  0.86003365333433668  0.87061403154510619
  0.88104892819405600  0.89147533814067581  0.90180262864634364  0.91201743432788485
  0.92219327885766111  0.93232604681602249  0.94233738320781946  0.95227265754167312
  0.96222310357841856  0.97198883757655175  0.98176737764440092  1.00000000000000000
 -0.00236241907038402  0.00943733249290401  0.01954857762908462  0.03005448517487697
  0.04075932375191410  0.05140744132389025  0.06212416716070526  0.07260370747703442
  0.08294074057099855  0.09340527265272278  0.10386577105943848  0.11458987186343313
  0.12529179786451594  0.13592277202846312  0.14662128472750047  0.15698493613320724
  0.16757201575646319  0.17815377803416324  0.18887024667383226  0.19950119084770859
  0.20995570917434245  0.22032090884610497  0.23065445977786947  0.24104988761342705
  0.25151825533295147  0.26191358219896432  0.27241452628850960  0.28309121664947035
  0.29367838784961481  0.30397077965392283  0.31425584917063693  0.32464300825564929
  0.33507815788490447  0.34539799308636626  0.35567809988603311  0.36616193359348898
  0.37679288918413850  0.38763807314125120  0.39841537540562549  0.40897598784586131
  0.41937264235303151  0.42960842417361944  0.43992967914217623  0.45056048422990730
  0.46114911907651146  0.47186465383780851  0.48254138245313538  0.49334117864040916
  0.50448438825066200  0.51562835906135007  0.52669582914507085  0.53738956801032645
  0.54807934992288865  0.55885311538027815  0.56960617783743706  0.58028231441717404
  0.59072147848772338  0.60110150117472805  0.61148441389420127  0.62209073575008267
  0.63277812118646592  0.64343744594119379  0.65397306784792486  0.66432830704940604
  0.67480852585989692  0.68536112618180289  0.69592222565459794  0.70636292429588443
  0.71702740731063663  0.72777344870855609  0.73818308091600082  0.74839840500266597
  0.75893567162648268  0.76963290435614473  0.78009561146237194  0.79043425132711231
  0.80076951839696853  0.81129936780616474  0.82166701627399130  0.83201813111132816
  0.84242828710890927  0.85280159158720514  0.86328941005919091  0.87387031879588573
  0.88452043390276069  0.89523916955317706  0.90570555812440012  0.91609548292117460
  0.92669246186090393  0.93727807457814738  0.94778789805876718  0.95819558370881075
  0.96859036473271365  0.97902161181207226  0.98945236941433568  1.00000000000000000
 -0.00234267848479105  0.00958574301985038  0.01955235642844825  0.02985326562358160
  0.04006577877033071  0.05046827842922970  0.06071158791974176  0.07105250749033983
  0.08143528725830884  0.09188333217753601  0.10234130081296958  0.11266776022810431
  0.12292753537204572  0.13338946563848647  0.14383944636586690  0.15427357241359715
  0.16465718005967864  0.17502653327311285  0.18547669986830770  0.19588681678027112
  0.20637759606382869  0.21694272831829728  0.22746424511941918  0.23805843950789540
  0.24866913382909683  0.25939213458647448  0.27009765823088638  0.28095254687629845
  0.29176194455781745  0.30227587076957846  0.31277805430694999  0.32343139141192756
  0.33426955330792296  0.34507953722146834  0.35611954451394295  0.36694528335466842
  0.37775454736331998  0.38834095853321410  0.39904114375155553  0.40949938764408816
  0.42013220443846067  0.43082415385002798  0.44157676362879245  0.45244590467674067
  0.46322411856093004  0.47399194428097496  0.48451513474949615  0.49506983674575072
  0.50552018533218179  0.51595520706393716  0.52626969959282099  0.53654047577300212
  0.54678775918669542  0.55707127583224614  0.56750260097521255  0.57786361269035080
  0.58831406831140465  0.59895968797109111  0.60962708511892327  0.62037698960090026
  0.63101097021352259  0.64160952078149436  0.65219904823102481  0.66274167065010781
  0.67337520978500476  0.68376114726708093  0.69418190656741696  0.70462251151327382
  0.71515940359285979  0.72566891940285083  0.73617330213700483  0.74675095655304957
  0.75739411445184890  0.76823716156995692  0.77899830159746253  0.78981184001917437
  0.80058746355141930  0.81145611235864989  0.82219958686671879  0.83292070073201396
  0.84336313546955033  0.85376951545720936  0.86401701287091204  0.87443719634656636
  0.88479629592951115  0.89494384708647456  0.90514880233838735  0.91525348755458247
  0.92571243355517341  0.93626910149245668  0.94697944452023708  0.95772372723167054
  0.96838156962052768  0.97897150132211497  0.98946586087978261  1.00000000000000000
 -0.00248421758018563  0.00938954825157516  0.01934323567391286  0.02961027506583678
  0.03992617625584551  0.05033788183781381  0.06075080042698150  0.07123047228589861
  0.08174335383109847  0.09220410919905406  0.10281430019334525  0.11329911077167230
  0.12372846602777672  0.13405660665694760  0.14425218437134782  0.15467708589918380
  0.16525042248368566  0.17585471205623729  0.18657215195728377  0.19736865896724495
  0.20816437342591895  0.21876287131349020  0.22944411196719050  0.23998341560348366
  0.25069435447943356  0.26130577222813206  0.27208365625077402  0.28259754595630177
  0.29311462611971983  0.30393369668220843  0.31465298981076262  0.32511014288506879
  0.33556477726265760  0.34597251050384048  0.35630568774009402  0.36646977347611670
  0.37661376173752881  0.38671559085559098  0.39680378004640521  0.40692270520609725
  0.41704001157926468  0.42724082877592129  0.43751203554300572  0.44787454843733016
  0.45828782362574100  0.46882848107687264  0.47924781984920883  0.48969711999018672
  0.50005287902407614  0.51049427871716158  0.52115530503887852  0.53195113542385242
  0.54267233734523157  0.55315867513372041  0.56365086767315642  0.57425359045700697
  0.58487906658301381  0.59555346990117086  0.60623683567789344  0.61687687347608888
  0.62759949070372845  0.63859153151126258  0.64949294467589425  0.66028836491650900
  0.67105065430871491  0.68189995712677509  0.69281613928117503  0.70377256492956786
  0.71476550555760665  0.72553477910628839  0.73618114582379268  0.74679908866008837
  0.75740013046612553  0.76806644626617793  0.77869826968602940  0.78935675840202812
  0.79987805701549486  0.81040364070226534  0.82099606323291152  0.83150529450264488
  0.84204958525007112  0.85261698585203149  0.86310198632286028  0.87347791993539403
  0.88366826446185254  0.89402428853012350  0.90439964007978380  0.91474434007281169
  0.92518579386213029  0.93554334449871823  0.94616605723020841  0.95681774898866345
  0.96763520073303433  0.97838414702489340  0.98914258240777198  1.00000000000000000
 -0.00242566524154757  0.00926801445454658  0.01938819859091505  0.02973303997325942
  0.04025146164747332  0.05067105446013903  0.06094256772837358  0.07129812158002521
  0.08172929111189681  0.09223406759667852  0.10285765586767734  0.11340349465819008
  0.12399660516381100  0.13445143860507699  0.14469385692769104  0.15491971396479934
  0.16517949567627729  0.17556391840027069  0.18588739873334650  0.19612449915489483
  0.20634760056526552  0.21644280021079321  0.22660334487322087  0.23678651538707338
  0.24715768535827864  0.25744091019417759  0.26762126248122459  0.27782157422957687
  0.28804434287461217  0.29842338881974040  0.30885595561449275  0.31937770337654814
  0.32999371182810910  0.34069857516970109  0.35145258991362122  0.36193912938547523
  0.37232505304841557  0.38279368158669985  0.39335998921760867  0.40371939756605341
  0.41402891288495941  0.42458011183226968  0.43534495315103183  0.44603484493196377
  0.45667066154791530  0.46735540188864372  0.47808074202930595  0.48864011034400606
  0.49923859285780364  0.50988671846790146  0.52059078700606076  0.53128726849460417
  0.54201925263576423  0.55276045702916954  0.56358267726815259  0.57435691486370333
  0.58511220019429189  0.59561731426606823  0.60616939143523518  0.61677650120416361
  0.62743654832170104  0.63821061760287079  0.64887206822004728  0.65963760361885815
  0.67032094639279505  0.68120353033931025  0.69214628686610702  0.70301944374195791
  0.71383720447126875  0.72455416471606171  0.73516030048652536  0.74572108765315692
  0.75610709519305364  0.76670042475620348  0.77719180599863635  0.78788539748601871
  0.79839255842154100  0.80910181227270117  0.81965237773568733  0.83033771905215725
  0.84095571404305747  0.85176126610581904  0.86225782420739194  0.87273009958441683
  0.88334713147712463  0.89401835410702779  0.90479979041768188  0.91542565340489834
  0.92620802088673515  0.93686960251763274  0.94749387659832141  0.95810126360130343
  0.96863065633031031  0.97915628332251969  0.98958794065209954  1.00000000000000000
 -0.00246300689748924  0.00958121108862087  0.01981663683481658  0.03040668443904031
  0.04118875473921454  0.05191928764782654  0.06267894598991267  0.07325268049167519
  0.08396192905077678  0.09460870637244929  0.10534948325536023  0.11594081332611965
  0.12650295951917601  0.13710117933558411  0.14763809788888746  0.15818581879853325
  0.16866214907017987  0.17919220422524873  0.18987957863007754  0.20059130662951266
  0.21132484418430719  0.22190624064472436  0.23239336088261070  0.24291718477028842
  0.25339197314534245  0.26384240511808227  0.27433931790549315  0.28477507086354853
  0.29523772429488049  0.30555091714318644  0.31586601576618345  0.32636543783617555
  0.33699142726495329  0.34782948001841102  0.35856817044781347  0.36945005045520968
  0.38017199194516405  0.39102373037067906  0.40186921862549713  0.41282282723335301
  0.42362294321342436  0.43419268020372087  0.44480127327235464  0.45549313621866649
  0.46620805264756215  0.47704226856946835  0.48762844789637128  0.49803903068044370
  0.50831330067465896  0.51858989032625591  0.52900100771728442  0.53947034809132455
  0.55014611698448224  0.56061075371382896  0.57088601334914846  0.58111392164470932
  0.59174484154131457  0.60236952030027235  0.61299251501709373  0.62349896321542153
  0.63420619149683777  0.64489547552490978  0.65533941719893252  0.66573694238263437
  0.67625689658181443  0.68683388587670002  0.69724338264710406  0.70777613006295925
  0.71854339168972747  0.72940267102200829  0.74001473255466332  0.75063570831307680
  0.76122396485725763  0.77177971105290200  0.78208547388173111  0.79232518104993499
  0.80280205930081505  0.81323940597015010  0.82362586079727984  0.83390379262680070
  0.84418555705744380  0.85454710990562588  0.86465942809743546  0.87471789145002532
  0.88502113772485680  0.89525493227952568  0.90576716673896596  0.91609439686569416
  0.92678125277916601  0.93759014344154312  0.94811703858469520  0.95881485981407977
  0.96910933928656129  0.97965655337588442  0.98981328449421502  1.00000000000000000
 -0.00243069434432177  0.00923152708094177  0.01915991683286341  0.02955834804813669
  0.03997412369219792  0.05065994011186972  0.06147366350752185  0.07221765552685905
  0.08285248108367689  0.09371680954455935  0.10449169644311129  0.11544163300798298
  0.12630805083469276  0.13690831153787289  0.14742795027091973  0.15789903243193762
  0.16861814496477906  0.17924030598928312  0.18976058150603356  0.20015266541185847
  0.21046476037706205  0.22084037132296155  0.23118659449510315  0.24175425658170080
  0.25224494542987075  0.26260395580846407  0.27300568553326121  0.28325478665918691
  0.29353956577837143  0.30378363080188581  0.31396632694218418  0.32425955543253104
  0.33449005294557094  0.34504996476784233  0.35568078937667164  0.36638748992950521
  0.37701856999442668  0.38773702450392644  0.39849256983389963  0.40923213878576875
  0.41995138471889376  0.43065999160242807  0.44132919290459227  0.45185473538932985
  0.46246847331448188  0.47317491733897721  0.48374727155435432  0.49405423776485358
  0.50441467707659993  0.51507500640944426  0.52573236206017593  0.53624814113612118
  0.54678305989059839  0.55727093461731481  0.56764933070672563  0.57802426551959663
  0.58861032629309540  0.59945912713609451  0.61022361572265615  0.62081418250059006
  0.63133971658578669  0.64184249793464387  0.65232941401316158  0.66259091499171019
  0.67291839234446316  0.68343077554451614  0.69413949699609356  0.70481782544622862
  0.71523690404800910  0.72555147276135190  0.73587032955945997  0.74624460822969285
  0.75662292495886185  0.76703815075081161  0.77761464530113744  0.78814018248284889
  0.79853017773394430  0.80879754893244504  0.81918914273677190  0.82954413211437383
  0.84005370957391212  0.85063569711873110  0.86131274116575618  0.87201031688247432
  0.88292229820699031  0.89396677602316377  0.90486836221276890  0.91576521996516447
  0.92643435521117012  0.93733659396189584  0.94776048449918227  0.95824599228066909
  0.96864144796908047  0.97905707604512970  0.98957583083615486  1.00000000000000000
  0.00923159172541110  0.01581566490009539  0.02570230844982188  0.03687908127510618
  0.04764784804155926  0.05850177537689927  0.06923690249206799  0.07971620643070303
  0.09015043449900470  0.10047903508023942  0.11079890261841077  0.12106176452132421
  0.13140474167726426  0.14177117870375180  0.15219295373914624  0.16250016785873364
  0.17279795814712451  0.18311520338560500  0.19361903549953741  0.20414719901205094
  0.21455726321437252  0.22488265894138545  0.23529560645902139  0.24566364085983661
  0.25603160734938496  0.26630159636903400  0.27670745686404619  0.28717445525303348
  0.29753815411747664  0.30774219777403389  0.31794543107715167  0.32823465881254987
  0.33850840523159015  0.34897488621068096  0.35948916912652940  0.37004212953183840
  0.38039922887216909  0.39066007327569024  0.40087072597709017  0.41096475439904784
  0.42110391580709261  0.43127658361042620  0.44158054728823004  0.45188914527227592
  0.46221924473059689  0.47264381166422648  0.48311175718528776  0.49362407611977621
  0.50422167854078215  0.51485396244305626  0.52534432613682591  0.53562471812197177
  0.54590267969666473  0.55632332712092436  0.56674102707864038  0.57709615852841489
  0.58742651445808758  0.59778367241628949  0.60816943205783025  0.61858786166742796
  0.62905547133767592  0.63948880980758405  0.64991695135844052  0.66042179658448885
  0.67101415499385708  0.68163095626719017  0.69219025755677521  0.70272024966760271
  0.71322290073154393  0.72381985847400643  0.73436972642689091  0.74469324181523222
  0.75508237256392907  0.76550970077945157  0.77597049292451548  0.78618823256763049
  0.79631735946855631  0.80643955761323649  0.81650213500251623  0.82657636504520626
  0.83676786084089605  0.84718263021057483  0.85761903519927640  0.86814841748498051
  0.87866240845481713  0.88914999598432487  0.89953883198459805  0.90965535981249901
  0.91974954491520799  0.92989929976502872  0.93998819268803502  0.95014789154712720
  0.96041264471951504  0.97075936936043949  0.98105122897918118  1.00000000000000000
 -0.01759105242658114  0.12111010057401887  0.18343652995821016  0.22833422469365280
  0.25862611163561672  0.28156079352825059  0.30065861102574787  0.31732150103349971
  0.33236937759898860  0.34575596009452875  0.35827515537506627  0.36981590428853628
  0.38073340573909570  0.39101266738179802  0.40085730558815974  0.41024298598772668
  0.41925175822280475  0.42786952687699403  0.43620965295493480  0.44428178339305441
  0.45210399407708324  0.45970686022902907  0.46702375921585548  0.47417358007193378
  0.48116991150295424  0.48794515009092154  0.49462885563310505  0.50117801468369949
  0.50756527304163135  0.51384558427240945  0.52004474184692739  0.52608675442834829
  0.53204050456419250  0.53795620633955366  0.54376089454350385  0.54946398954749276
  0.55509767067876314  0.56065889209188824  0.56612700410127292  0.57152456617452885
  0.57688857404929994  0.58220658986357676  0.58745115367277378  0.59264934929015745
  0.59781309061323462  0.60294215032788812  0.60802723652377222  0.61306350479285276
  0.61807564725588759  0.62306393124694570  0.62802511996487753  0.63295960369927939
  0.63787347057092791  0.64277523628713751  0.64766010690876108  0.65250954577778386
  0.65734787589555543  0.66218494996641286  0.66700549424156874  0.67182678378900607
  0.67665589486363487  0.68149460505266768  0.68634728002957224  0.69121726682704421
  0.69610100366407079  0.70099398918355005  0.70588750115707577  0.71083115829788857
  0.71579474461590598  0.72079595975492383  0.72583912355712343  0.73094815215760334
  0.73613346387723610  0.74137078639068432  0.74664564115581966  0.75200476432923835
  0.75749987227401672  0.76306256121618821  0.76872194901500657  0.77455049759004557
  0.78058421987042614  0.78670525491315813  0.79303647856117010  0.79970633275679825
  0.80656143641607370  0.81378196423253379  0.82140305977645267  0.82940183641619591
  0.83806169070261582  0.84741687004170629  0.85787641960577354  0.86960054258219965
  0.88372932848036057  0.90168393417577697  0.93041068989968134  1.00000000000000000
   2.4908574570875680E-039  -1.0000000000000000     
 F F F F F F F F F F F F F F F F T T T T T T T T T T T T T T T T T T T T T T T T T T T T T T T T F F F F F F F F F F F F F F F F F F F F F F F F F F F F F F F F T T T T T T T T T T T T T T T T T T T T T T T T T T T T T T T T F F F F F F F F F F F F F F F F
  <DiscreteSampler_grid>
  grouped_processes
  1 # 1 for a reference and 2 for a running grid.
  10 # Attribute 'min_bin_probing_points' of the grid.
  1 # Attribute 'grid_mode' of the grid. 1=='default',2=='initialization'
  0.0000000000000000 # Attribute 'small_contrib_threshold' of the grid.
  0.5000000000000000 # Attribute 'damping_power' of the grid.
 # binID   n_entries weight   weight_sqr   abs_weight
    31   10   1.140384077099555E-025   3.307691237584600E-050   1.140384077099555E-025
    32   10   1.140384077099555E-025   3.307691237584597E-050   1.140384077099555E-025
    34   10   1.140384077099554E-029   3.307691237584596E-058   1.140384077099554E-029
    35   10   1.140384077099554E-029   3.307691237584593E-058   1.140384077099554E-029
    37   10   1.140384077099554E-029   3.307691237584596E-058   1.140384077099554E-029
    38   10   1.140384077099554E-029   3.307691237584593E-058   1.140384077099554E-029
    40   10   1.140384077099555E-025   3.307691237584600E-050   1.140384077099555E-025
    41   10   1.140384077099555E-025   3.307691237584597E-050   1.140384077099555E-025
    43   10   1.140384077099555E-025   3.307691237584598E-050   1.140384077099555E-025
    44   10   1.140384077099555E-025   3.307691237584596E-050   1.140384077099555E-025
    46   10   1.140384077099554E-029   3.307691237584596E-058   1.140384077099554E-029
    47   10   1.140384077099554E-029   3.307691237584595E-058   1.140384077099554E-029
    49   10   1.140384077099554E-029   3.307691237584596E-058   1.140384077099554E-029
    50   10   1.140384077099554E-029   3.307691237584595E-058   1.140384077099554E-029
    52   10   1.140384077099555E-025   3.307691237584598E-050   1.140384077099555E-025
    53   10   1.140384077099555E-025   3.307691237584596E-050   1.140384077099555E-025
  </DiscreteSampler_grid>
