 -0.00005666702904759  0.00061023387563683  0.00159058937428750  0.00307981198463984
  0.00508608080606134  0.00763218913318617  0.01061337121707020  0.01403907494462943
  0.01772919317733395  0.02186810363657409  0.02646993853502915  0.03134133780729909
  0.03644642315885323  0.04196911309441674  0.04795007731487912  0.05420593785887792
  0.06069941311505985  0.06738134147201687  0.07438287618852482  0.08161063768775320
  0.08912372246692937  0.09661635468891000  0.10433704062924720  0.11229582532956495
  0.12054915128707321  0.12924393499166012  0.13810938547621390  0.14702488091494401
  0.15613256577824575  0.16558580196437331  0.17507473251017083  0.18445815374409549
  0.19385783175749605  0.20322655094497757  0.21247221866840593  0.22176938187173795
  0.23129257662549219  0.24104082984518338  0.25102616038133380  0.26129515858257873
  0.27220800105187937  0.28358033927196352  0.29483915698085789  0.30591777080143545
  0.31675510390931472  0.32740368093082806  0.33851959270545789  0.34981154606932641
  0.36133640208857309  0.37321097556945548  0.38518025918180138  0.39704983251432385
  0.40880665450169890  0.42055817034045800  0.43258811690280219  0.44521613556571016
  0.45773364592919519  0.47036760620655421  0.48311102660857835  0.49604005650471200
  0.50916738643188775  0.52252119540290876  0.53621135668695463  0.55118801590411803
  0.56617304395704549  0.58103342811431735  0.59572700326588246  0.61025988531774145
  0.62388057680965925  0.63742078023060567  0.65062321004443679  0.66371469811279871
  0.67692800283946175  0.69013744938557231  0.70376651519138222  0.71734526054154957
  0.73086325474932223  0.74420727135730369  0.75745785532549292  0.77115423274714856
  0.78519228977759181  0.79927818961166497  0.81311300756322458  0.82671645253937709
  0.84033401640248662  0.85432147584728124  0.86804033300530159  0.88170995213390202
  0.89577163180682251  0.91040935476371920  0.92544611076343619  0.94067376712865325
  0.95569757705352931  0.97053245212930872  0.98524972880332007  1.00000000000000000
 -0.00246504750647022  0.00908066244777721  0.01919374860335266  0.02910386481614951
  0.03945885731947985  0.04923390176860658  0.05883857089693484  0.06816017704327854
  0.07736112654231039  0.08664917275371159  0.09616011584126236  0.10582896574017196
  0.11520804867747335  0.12465162838085599  0.13412576155322645  0.14374003469650815
  0.15342415326724493  0.16312200585481645  0.17327928175793395  0.18379890191489315
  0.19452139351599243  0.20508153084768682  0.21534468076907393  0.22550893665160610
  0.23608547657549478  0.24686281488642969  0.25758919625456123  0.26781822444961378
  0.27791465209624877  0.28821604404537587  0.29862126511941339  0.30933625632772793
  0.32033948393758910  0.33191556596790478  0.34290673598142407  0.35404102851593366
  0.36582672027399110  0.37741283102159490  0.38860438633696504  0.40004248167670853
  0.41153408472689873  0.42234515286274293  0.43269801260188634  0.44354063900744983
  0.45510033006203338  0.46671407747838245  0.47760305683572035  0.48819823578079252
  0.49910735038203335  0.51023811222173610  0.52156453352803944  0.53241466895826683
  0.54357588494760001  0.55506819934182383  0.56695996375284596  0.57890689057498057
  0.58976426324700881  0.60028389989825803  0.61028913103649662  0.62060121167451532
  0.62980880555964114  0.63855992285975982  0.64748780346521195  0.65689166789805165
  0.66631969977710592  0.67629200297208558  0.68650693647043948  0.69883770368790521
  0.71117434285386560  0.72347360203199307  0.73472220971108548  0.74597592909207433
  0.75684539204152379  0.76772111528150411  0.77867166646106722  0.78936316934454009
  0.79953403272708745  0.80934088980332419  0.82002478077311025  0.83103681918992911
  0.84180294778012033  0.85376105881872444  0.86769998402375970  0.88043008396964995
  0.89149967139123132  0.90193546944888658  0.91217053891044475  0.92165848376240933
  0.93058948786367124  0.94007262903983602  0.94975050074130485  0.95960464252716271
  0.96918981253587777  0.97867035331662577  0.98934446927720965  1.00000000000000000
 -0.00256166524519727  0.01233612035729916  0.02393794617544957  0.03392755689817254
  0.04300082637166357  0.05106038871302711  0.05875630283141210  0.06629559951897333
  0.07369131469949428  0.08093589339661814  0.08792736056071448  0.09463765476138326
  0.10118480499256241  0.10751245757397893  0.11373260429497456  0.12007980382212308
  0.12667541547661818  0.13324133582384604  0.13957158160148905  0.14562338350187926
  0.15143559094133313  0.15720634787253104  0.16311396121176464  0.16905708492037697
  0.17508910810846051  0.18122828485189998  0.18738944433023749  0.19348211116173220
  0.19947687125236244  0.20567932698435420  0.21236370983558725  0.21996330719635143
  0.22708333783453799  0.23435729273213124  0.24132890806221990  0.24797398984325505
  0.25417651831140425  0.26007344812500255  0.26595917540231928  0.27193863590015238
  0.27803433793459825  0.28425085393533112  0.29061791756936245  0.29710871642308956
  0.30369018659857772  0.31021840851076499  0.31667248973679574  0.32330629965039237
  0.33023425109156712  0.33729136446427771  0.34418531334683183  0.35096571591077574
  0.35767802008354571  0.36432331691836323  0.37087684164325718  0.37742978066912197
  0.38412738455001327  0.39094928125126616  0.39793270771127254  0.40521058447821068
  0.41255325965088019  0.42051626561801653  0.42864676537672070  0.43721416362661530
  0.44670887254869585  0.45667078062829181  0.46633302489535350  0.47582401981868883
  0.48556482685987812  0.49467368692571295  0.50361591955872032  0.51227897725813021
  0.52122345992864372  0.53037744065336967  0.53949910931877587  0.54905519767176758
  0.55915418680161855  0.56968207135300375  0.58047365275888829  0.59138171371584014
  0.60282119710136317  0.61527720080264625  0.62909999838126363  0.64381932222077065
  0.65856173798287321  0.67349579716685926  0.68933212768491858  0.70688124628288573
  0.72587528660653622  0.74658860636810676  0.76753203765982636  0.79161195118735117
  0.81932812328280313  0.85531509343773082  0.90596355553217656  1.00000000000000000
 -0.02000746998976616  0.12224774437169422  0.16992266917733603  0.19937263912460879
  0.22554638535244417  0.24765313620044085  0.26659258788097961  0.28309598387470053
  0.29890541499532358  0.31399630836846154  0.32780519302137023  0.34072789349998189
  0.35282984071551637  0.36417845450286146  0.37489908785794174  0.38535799413830618
  0.39560525835911464  0.40574657717945911  0.41549181096582755  0.42508999896853533
  0.43457185720759062  0.44405030200262124  0.45358471152750862  0.46258709010463800
  0.47094948114433294  0.47925386125393676  0.48737251019448985  0.49549646645550993
  0.50326895163140628  0.51059724301392628  0.51785067265285611  0.52539155764569589
  0.53303504302716442  0.54043243582410794  0.54735397172298672  0.55390045090606510
  0.56045024511238017  0.56720000272356597  0.57419073155200595  0.58165971094897162
  0.58816514081064852  0.59409927155391651  0.59986622887010876  0.60561440732769678
  0.61165622118216501  0.61773924357596521  0.62385474503137672  0.62999813727926979
  0.63605029979471572  0.64220217858475959  0.64836746171944337  0.65449679641234415
  0.66047192200077043  0.66609068587089748  0.67158550943122419  0.67706809446154659
  0.68264157984902551  0.68813496105235283  0.69305874874518525  0.69795189094195731
  0.70276434053379100  0.70765887625926005  0.71272280978654490  0.71789770423503252
  0.72306561689971061  0.72819715101792515  0.73339920772073841  0.73876999869898585
  0.74419023261993800  0.74948569203954640  0.75515882416202895  0.76065396219782200
  0.76617618076332616  0.77164934064427415  0.77696476206359411  0.78240650246991328
  0.78804337290460325  0.79382336165964207  0.79981032471264246  0.80587635636687371
  0.81201876198051071  0.81829669834248908  0.82471596059291452  0.83088221337617385
  0.83724716815011258  0.84382821518918116  0.85078487619103460  0.85846181767823726
  0.86654908780434403  0.87502253173700950  0.88420413461845015  0.89428381328576145
  0.90642744590032764  0.92200007520050464  0.94603930504484657  1.00000000000000000
   4.9429665169123786E-007  -1.0000000000000000     
 F T T F F T T F
  <DiscreteSampler_grid>
  grouped_processes
  1 # 1 for a reference and 2 for a running grid.
  10 # Attribute 'min_bin_probing_points' of the grid.
  1 # Attribute 'grid_mode' of the grid. 1=='default',2=='initialization'
  0.0000000000000000 # Attribute 'small_contrib_threshold' of the grid.
  0.5000000000000000 # Attribute 'damping_power' of the grid.
 # binID   n_entries weight   weight_sqr   abs_weight
    31   10   2.513551884840509E+004   1.007452896660121E+009   2.513551884840509E+004
    32   10   2.513551884840509E+004   1.007452896660121E+009   2.513551884840509E+004
    34   10   2.513551884840509E+000   1.007452896660122E+001   2.513551884840509E+000
    35   10   2.513551884840509E+000   1.007452896660122E+001   2.513551884840509E+000
    37   10   2.513551884840509E+000   1.007452896660122E+001   2.513551884840509E+000
    38   10   2.513551884840509E+000   1.007452896660122E+001   2.513551884840509E+000
    40   10   2.513551884840509E+004   1.007452896660121E+009   2.513551884840509E+004
    41   10   2.513551884840509E+004   1.007452896660121E+009   2.513551884840509E+004
    43   10   2.513551884840509E+004   1.007452896660121E+009   2.513551884840509E+004
    44   10   2.513551884840509E+004   1.007452896660121E+009   2.513551884840509E+004
    46   10   2.513551884840509E+000   1.007452896660122E+001   2.513551884840509E+000
    47   10   2.513551884840509E+000   1.007452896660122E+001   2.513551884840509E+000
    49   10   2.513551884840509E+000   1.007452896660122E+001   2.513551884840509E+000
    50   10   2.513551884840509E+000   1.007452896660122E+001   2.513551884840509E+000
    52   10   2.513551884840509E+004   1.007452896660121E+009   2.513551884840509E+004
    53   10   2.513551884840509E+004   1.007452896660121E+009   2.513551884840509E+004
  </DiscreteSampler_grid>
