  0.00920701871119955  0.01529912185236281  0.02410474190501754  0.03447673745783032
  0.04454195430984584  0.05475337146820738  0.06505254348515803  0.07520016816380998
  0.08530311012891841  0.09547421294553818  0.10564484970833488  0.11590979472163768
  0.12607499916756879  0.13617062471937252  0.14621219922245157  0.15666599950288637
  0.16724441130874421  0.17765399289034300  0.18792863580132246  0.19831796574654137
  0.20888462954459092  0.21935801525835960  0.22973782087665218  0.24003160999141265
  0.25037319264470687  0.26076533904420213  0.27134109408807888  0.28183033712892813
  0.29223767965314312  0.30253901223339413  0.31287060164653413  0.32327558848099436
  0.33363444420469140  0.34391711688159166  0.35415628135862454  0.36446983703082458
  0.37490902395142228  0.38529917109705164  0.39559735169652088  0.40569047738942660
  0.41578242596620035  0.42607026180355251  0.43644102295149295  0.44675834637943579
  0.45707083201025467  0.46744746046161212  0.47778569254125930  0.48810189536855969
  0.49843062266628840  0.50894045005656452  0.51947515368671116  0.52997640091089404
  0.54052310087842370  0.55110250445228826  0.56169020445311124  0.57218125032689859
  0.58256839521937609  0.59294157736558084  0.60331949358236225  0.61366613524032432
  0.62398740269302944  0.63431294132996952  0.64464479204304947  0.65502090290788595
  0.66537593708593012  0.67564440072780085  0.68589898863264065  0.69620443610034033
  0.70661013008472795  0.71709225244583241  0.72759186795551978  0.73824137085013453
  0.74901758409293984  0.75988930673135291  0.77070841426785197  0.78134972448813544
  0.79190976806843982  0.80221712386256749  0.81282938243033465  0.82348728524998072
  0.83424256204397496  0.84469971438426006  0.85515005881222084  0.86567900366401362
  0.87634453590157446  0.88687914174058224  0.89734429449069297  0.90770226447998870
  0.91798476872253532  0.92829921914318125  0.93866952311433582  0.94921882561151338
  0.95972904690866723  0.97024138141437954  0.98061878557068849  1.00000000000000000
  0.00740104448794267  0.01504997262656832  0.02531286346888870  0.03663564710821782
  0.04756629352857872  0.05863062080030580  0.06966443884897992  0.08086429034170725
  0.09193747662491195  0.10307823419562208  0.11407287252624802  0.12502914058936138
  0.13568559468195185  0.14646023856718679  0.15723300300422757  0.16804685653373189
  0.17857265677428591  0.18915144413426477  0.19983922207356078  0.21053937802867492
  0.22142597183961513  0.23219622497662240  0.24274755763339378  0.25339455000589212
  0.26420412845228913  0.27501502643118686  0.28547887349398626  0.29570806235684832
  0.30575883977463775  0.31593945166057391  0.32608419447886999  0.33644383697977870
  0.34650073644771662  0.35669413619486851  0.36700535408954904  0.37739987380923817
  0.38790697174034322  0.39834915566442403  0.40896662844612058  0.41949192653851008
  0.43002968910739747  0.44056325245228284  0.45132193072759819  0.46204368564469117
  0.47272863238023982  0.48338220821824041  0.49433132180424461  0.50490502610990295
  0.51537066808924303  0.52594650729277592  0.53664121763457961  0.54724857639198832
  0.55769079887196793  0.56828367040526429  0.57897369173440116  0.58954153308013924
  0.60013875300562014  0.61047964840759195  0.62073460290787397  0.63101594086336188
  0.64147371819848042  0.65182507077043594  0.66199008769269785  0.67211486946888233
  0.68239564878231707  0.69266036909836071  0.70289709255330934  0.71322112615899014
  0.72378718302877176  0.73427226923427391  0.74461841435824605  0.75497545450981141
  0.76554585397521269  0.77616167700804717  0.78648244684308433  0.79662859881356918
  0.80687625062689061  0.81723428573439250  0.82749839447582196  0.83768622363429845
  0.84765360035278625  0.85764265345803425  0.86771819864199062  0.87787204619475412
  0.88825295428735385  0.89853633512801590  0.90900652441921204  0.91941598044100248
  0.92984067640733781  0.94023121896779105  0.95057240851021740  0.96107205564793752
  0.97133965698167901  0.98148721901590663  0.99187102434696772  1.00000000000000000
 -0.00234930613268601  0.00936771852630851  0.01939928446657003  0.02999512469182821
  0.04050543612275199  0.05129116295325803  0.06195221441534064  0.07252530508326466
  0.08298691324423053  0.09363849523983346  0.10450517558912960  0.11505246155444238
  0.12554739266314521  0.13605060316174766  0.14655891472610966  0.15686353026489608
  0.16713937214371721  0.17746384808588350  0.18772775968299626  0.19804538945663375
  0.20831037939324057  0.21874573823148086  0.22908540523983095  0.23954029492956075
  0.25018213644585052  0.26093743517884777  0.27169631092965441  0.28244161785507244
  0.29322154450154908  0.30400020952481466  0.31485052533365226  0.32572259157130840
  0.33649171766611258  0.34710081348320737  0.35766503637990182  0.36820260035933750
  0.37873097920657739  0.38934454286992870  0.40001049098444030  0.41085416468920355
  0.42159983262160694  0.43251217247982660  0.44313803978387173  0.45375417598160095
  0.46423757969063006  0.47459127811325680  0.48501160562087353  0.49542785678125706
  0.50599797695749338  0.51656191762680170  0.52718467325782092  0.53782485961511806
  0.54847812701189780  0.55915182501245431  0.56981815936556712  0.58053306302909702
  0.59121802947394986  0.60187399974472755  0.61229978246510608  0.62261052034256048
  0.63304252918768444  0.64352131008858349  0.65414822655957239  0.66471412145067832
  0.67521559679656751  0.68572714402376855  0.69633609656631035  0.70676674595554123
  0.71721720883093953  0.72753386978279344  0.73823784704636952  0.74897830895104833
  0.75978496235758708  0.77056168916474654  0.78123935678399492  0.79194153365136888
  0.80251989561849901  0.81322637783845719  0.82368739492437903  0.83393509667035837
  0.84388529894579500  0.85379058667115482  0.86390639431027005  0.87405459502611205
  0.88452474798430136  0.89496434926757273  0.90544571887786685  0.91593745075053890
  0.92635706620428437  0.93675726676255866  0.94712085830977499  0.95752601679408933
  0.96807968197473271  0.97866774438437443  0.98934779182244459  1.00000000000000000
 -0.00240547039042755  0.00902998898132090  0.01890380577083685  0.02930849194229259
  0.03993160605991112  0.05044769379276775  0.06103987668465605  0.07173196366291514
  0.08249218760365133  0.09288671132481484  0.10314651936676593  0.11341951170335809
  0.12383026433182859  0.13444372365272442  0.14500580667295493  0.15583983341000635
  0.16660127962710530  0.17755243441718196  0.18822762679796429  0.19901412099089377
  0.20969472847541845  0.22037985536972107  0.23092627412478214  0.24135442031719578
  0.25183143198569291  0.26226120699897060  0.27261951834340292  0.28291281776499161
  0.29320887842148474  0.30351265295180979  0.31394107215791950  0.32436629594336308
  0.33502166688291701  0.34570191619764590  0.35638049275868483  0.36711418560271880
  0.37774394273653228  0.38857831192838427  0.39935878759627913  0.41021495222153831
  0.42078748673392069  0.43129636512108277  0.44187773164118099  0.45243508275769506
  0.46301646143810704  0.47352839666822605  0.48415322279312406  0.49463207775732532
  0.50516307601375310  0.51570415882193710  0.52604349742747170  0.53643733157127738
  0.54688725315205622  0.55754987037725590  0.56804878482762977  0.57858125954447437
  0.58914062888195318  0.59976411207827518  0.61031052679708619  0.62080356257408376
  0.63134490333777926  0.64175923486223319  0.65226186905914363  0.66273013348451915
  0.67326482817531674  0.68377209281761298  0.69438656597126136  0.70520430782285726
  0.71579153210485003  0.72622046214079672  0.73655535398236227  0.74716369287700790
  0.75789629349898413  0.76868569348596860  0.77950801621039500  0.79014583258997906
  0.80063133803847208  0.81103791846307760  0.82154017899168363  0.83194840065478004
  0.84264525129580037  0.85332461935971571  0.86394394829044607  0.87437888356901861
  0.88468149978149480  0.89512238509159459  0.90538945724353503  0.91567589826849094
  0.92589738602122484  0.93618256561844737  0.94673550463753886  0.95739968236641115
  0.96804798111342416  0.97861646336960217  0.98925564983137082  1.00000000000000000
 -0.00247142565464323  0.00962445623222525  0.01979262267844104  0.03025610947902379
  0.04062522565727487  0.05116762116079776  0.06191633047771385  0.07262800321628061
  0.08330941177948506  0.09390706114189960  0.10458152346134394  0.11510260317844254
  0.12566303135696033  0.13617129222661997  0.14656666331965301  0.15709849027304948
  0.16769664717732641  0.17872814193261335  0.18951021081680802  0.20023216576842567
  0.21062430655173706  0.22090220639730848  0.23105937157067680  0.24133004948695258
  0.25173574447542046  0.26215101159334658  0.27245622607544501  0.28301164532007145
  0.29346873033725268  0.30409639871904082  0.31455328016809758  0.32540834045657840
  0.33615304018623865  0.34689978267235982  0.35746198371824250  0.36799449106858328
  0.37864935313690795  0.38938317642898485  0.40021958282277137  0.41107154456478634
  0.42217078273303266  0.43321770621097849  0.44405635249760328  0.45483097221018232
  0.46560412845994986  0.47628447639034716  0.48681997327965554  0.49734750322741711
  0.50786955395014577  0.51833236862578769  0.52861266297877196  0.53874846241529539
  0.54892751422723474  0.55915694152039774  0.56950427618456478  0.57980574682561714
  0.59024972069094406  0.60061930427265697  0.61114529551399421  0.62183754705558536
  0.63258838228683356  0.64329450131048871  0.65389440869104898  0.66445942312231121
  0.67503714156316041  0.68535676208463692  0.69567644469619605  0.70602496407199389
  0.71648314909983057  0.72713270339531499  0.73767461238554011  0.74831179234914924
  0.75893664217057799  0.76955411969677889  0.78012868105186728  0.79076585064261984
  0.80153434974940863  0.81229645262854899  0.82284158874378233  0.83339325166759215
  0.84374108005046344  0.85393370569626370  0.86404692774622160  0.87418352316927284
  0.88440941855401378  0.89459079704076738  0.90489094072289877  0.91546320254463864
  0.92612565838504168  0.93664894359390782  0.94709020787764853  0.95748346491509306
  0.96820548360143499  0.97876753159369634  0.98938676173917495  1.00000000000000000
 -0.00239370387176006  0.00942284177456731  0.01946577449619817  0.02989477653917690
  0.04039003691841959  0.05077056605818620  0.06132627044236914  0.07193484273549708
  0.08246438409535031  0.09304005254700135  0.10345391114698509  0.11418333218704724
  0.12499851460507214  0.13564518368854717  0.14634487343399891  0.15681451745426223
  0.16734035876358705  0.17764335299736836  0.18799223523169908  0.19832656940511195
  0.20865072077392038  0.21912860173529619  0.22962645074681637  0.24009534893622936
  0.25057526129870678  0.26117827839429469  0.27177960848395294  0.28237254254300992
  0.29288142372207693  0.30357158393875500  0.31426234976554712  0.32513642966027173
  0.33585369110980540  0.34626519028410507  0.35669891191164543  0.36710499730304919
  0.37755746837058657  0.38789116234108456  0.39842150084626005  0.40902366009599694
  0.41959363960894169  0.43012513697286819  0.44066216751083798  0.45148093463539296
  0.46223105423268707  0.47282318869665951  0.48299919454620527  0.49327333323551931
  0.50370997679398744  0.51449756657165580  0.52521686745861684  0.53597218207827102
  0.54665296899388915  0.55720054786071926  0.56770949702346007  0.57823274479159603
  0.58901635583019296  0.59992228104091627  0.61060080874595568  0.62122175140599112
  0.63178179464278794  0.64257988725225790  0.65331046793537562  0.66388257965405184
  0.67439839092283360  0.68484594303032542  0.69558394386019395  0.70630413506395906
  0.71697406009841136  0.72766924200689764  0.73816538276543553  0.74854698003527653
  0.75885248619692214  0.76910093976909877  0.77948055412304229  0.78985824222895262
  0.80041302021442962  0.81103341220075464  0.82148139806405052  0.83186329754258737
  0.84233658369281228  0.85273607798065432  0.86323291148146408  0.87364573722590977
  0.88406109067560146  0.89466140564445296  0.90536612797087490  0.91608453687339153
  0.92649673371060504  0.93680198027405071  0.94711226346566746  0.95758906896436058
  0.96815823431392012  0.97884545381038945  0.98946610916398769  1.00000000000000000
 -0.00256781303738625  0.01018921091509252  0.02051364116168561  0.03102908734025432
  0.04164455063609877  0.05233328634189432  0.06309120057221308  0.07353725589572856
  0.08392069126223985  0.09413214003774281  0.10452029452597950  0.11513940852241134
  0.12577307331744014  0.13614587099201025  0.14637387002466781  0.15695845565447961
  0.16738240650609615  0.17784944760379526  0.18833031311314063  0.19899407225440865
  0.20967808895925294  0.22006106559368210  0.23036053595237674  0.24060727476408175
  0.25083958667090656  0.26142190503220469  0.27204851138777031  0.28264088975163332
  0.29306786283726766  0.30351478790254871  0.31396821069399994  0.32441796668907102
  0.33481925106152999  0.34539863981690161  0.35606997811338176  0.36676396048163995
  0.37750855319809434  0.38813811221799893  0.39889530295711134  0.40957402240338309
  0.42021016852747345  0.43077304527951649  0.44134119748118611  0.45187109599225389
  0.46231218969526811  0.47268031387306697  0.48301076201743248  0.49351892401127367
  0.50392127699941935  0.51456969183397860  0.52509946006070352  0.53571694709495077
  0.54629173602371495  0.55683063672604238  0.56748249563592490  0.57818417653805387
  0.58886622864500193  0.59940203117864832  0.60996402030898633  0.62058584045131560
  0.63106586180587665  0.64148337668639788  0.65181642276246754  0.66245182187419516
  0.67309185902925173  0.68386102142808691  0.69441332339354678  0.70496702738733885
  0.71558306584522613  0.72640302268844981  0.73706989795605982  0.74772426613512488
  0.75819496221841698  0.76865053680716555  0.77913053952175748  0.78976356331760222
  0.80067990710782311  0.81145715599068613  0.82208017843820724  0.83255577955884319
  0.84308850587808171  0.85347212695793440  0.86371131979157423  0.87383689394751873
  0.88412705644866640  0.89445028372994040  0.90516404720658750  0.91593816639087411
  0.92688447992780865  0.93771487409819532  0.94809809590409588  0.95858091922480493
  0.96896948565457741  0.97932001349998477  0.98962892255524748  1.00000000000000000
 -0.00259411104899861  0.00968890478555238  0.02016998069766434  0.03100971625203671
  0.04186745186860292  0.05230481121808001  0.06287202390388151  0.07345715553260872
  0.08405334218981179  0.09441286975712580  0.10491602600598965  0.11548112038870688
  0.12596094625476265  0.13627320169555190  0.14656889206486998  0.15679283014563064
  0.16717823701193366  0.17750879727080884  0.18783680673306410  0.19800855036202702
  0.20812658775263990  0.21859209647598676  0.22898635166919076  0.23950660712745747
  0.24998366068417943  0.26064827105025173  0.27121811600152607  0.28172622991341523
  0.29221817443493897  0.30295872844283528  0.31365657794102025  0.32401736970977157
  0.33439755933046528  0.34497910757036909  0.35559814777918175  0.36591510351769485
  0.37630427087076229  0.38692674635742164  0.39751958945507043  0.40804824150967145
  0.41856228380949190  0.42946273525485934  0.44029385991602116  0.45104624903032664
  0.46160655572931431  0.47204477276219320  0.48241918387041743  0.49273270556671384
  0.50314007940842820  0.51364435142458131  0.52420350950359795  0.53476691620857386
  0.54534670594707935  0.55590514923320600  0.56640553002494365  0.57691046782099065
  0.58742138334731209  0.59778170727009816  0.60801245252234759  0.61832348848442320
  0.62871264017978634  0.63897745381291060  0.64932780020179692  0.65975588063710555
  0.67026676650922834  0.68072073430556601  0.69113084917424450  0.70156364411525329
  0.71197781627601830  0.72230325342669643  0.73268549857371523  0.74299149296985190
  0.75333227854079821  0.76388159829404589  0.77440226422719338  0.78528579923730302
  0.79613662997589718  0.80727978151068291  0.81834698583439847  0.82951400092515792
  0.84046188250105935  0.85105856241844735  0.86171224164684579  0.87244933182279127
  0.88337468921527496  0.89425353638190197  0.90496826733539526  0.91576172450882221
  0.92636573607647088  0.93694091085488374  0.94723584481514178  0.95760353028178191
  0.96822928779960538  0.97890043133505422  0.98940489247782881  1.00000000000000000
  0.00920638203295225  0.01587936474998651  0.02557674992993603  0.03686671888025748
  0.04770119217068417  0.05850037868849587  0.06942660713875867  0.08046945185982696
  0.09107716906513716  0.10142797256255093  0.11187244325351639  0.12243286936902725
  0.13281699164750935  0.14308742823280104  0.15370577872880958  0.16431291729777067
  0.17464690408423025  0.18476006524916377  0.19493011198923715  0.20532457464004844
  0.21574607583169941  0.22613355440531413  0.23658551592506324  0.24708177172521090
  0.25779577973272788  0.26856523878022820  0.27923201487050514  0.28957068446335987
  0.29975448079527817  0.30996707851309374  0.32030092794577469  0.33075095844513241
  0.34127703772175405  0.35190516259758775  0.36249362265658974  0.37318038316612101
  0.38383952215475914  0.39446941296326521  0.40512813971449191  0.41586854628765502
  0.42632751253981166  0.43685876407014823  0.44716593335278815  0.45749414735449961
  0.46762837065494889  0.47789175107195347  0.48844562937044717  0.49905035321610441
  0.50971664535983296  0.52029963583306582  0.53079503967357944  0.54127203752762609
  0.55190913185302770  0.56244791830579854  0.57298704575523607  0.58342907313225700
  0.59398676357729641  0.60460249303902014  0.61531968802412262  0.62597272981794405
  0.63650786204969656  0.64700532151205559  0.65746609352243135  0.66811720784600126
  0.67857525068116320  0.68909153008190549  0.69916128722002369  0.70938512921695085
  0.71969641292710840  0.73006344490434705  0.74042475426338161  0.75087353795742784
  0.76114226517295536  0.77149881675663601  0.78176147216271863  0.79218114148821439
  0.80270822706520351  0.81316022884589612  0.82366762348954903  0.83413340303614969
  0.84465282838988009  0.85506962490523686  0.86536951917036065  0.87572217252718509
  0.88606831614070380  0.89644080357701705  0.90660183230336588  0.91672186504952158
  0.92683972810269066  0.93705133874157287  0.94743520636367262  0.95786539996738718
  0.96841244958708550  0.97888154041270026  0.98946740541428690  1.00000000000000000
 -0.01736564712245626  0.12138283387898754  0.18363707284239647  0.22854702128598137
  0.25864802187102254  0.28153435787652370  0.30067759499944297  0.31730358810868675
  0.33234144214877892  0.34561925721808773  0.35813143679467613  0.36963651654157748
  0.38055542396687220  0.39081332481461434  0.40062675842634049  0.40998110384021980
  0.41896984922899860  0.42760077449662964  0.43595043128963917  0.44400516961802000
  0.45178351358811875  0.45938345669752467  0.46673418043229892  0.47393202750929747
  0.48097338106461907  0.48776174915859849  0.49447311815020828  0.50103218125665872
  0.50742743196268225  0.51370572910591250  0.51990626581639676  0.52597686002247257
  0.53194949591985896  0.53788481801022225  0.54368539760619583  0.54938269705369003
  0.55502120656828280  0.56059053853373164  0.56608043642052375  0.57149904275210994
  0.57686519313578943  0.58218313743922567  0.58743417804842279  0.59264320286708627
  0.59782161183373927  0.60294607446656334  0.60800873714312886  0.61302711498328866
  0.61802633002253715  0.62300291518257322  0.62794138267214539  0.63284151970465574
  0.63772054011925217  0.64259373449792412  0.64745895824229449  0.65229557809105843
  0.65712500849834210  0.66194628514033771  0.66676449488206613  0.67158726489571130
  0.67640718450325432  0.68123385604395537  0.68607996078105327  0.69095003081896600
  0.69584647014132983  0.70076098584664503  0.70569179926522996  0.71063101968636366
  0.71560629417303612  0.72059095977759546  0.72560590782438972  0.73068488409592658
  0.73584721472981807  0.74107974467600701  0.74637435588395351  0.75177617819181686
  0.75732395284253018  0.76292385585898503  0.76858143226581532  0.77438322020859340
  0.78039014653600858  0.78649138202828617  0.79279991164540853  0.79948036048079574
  0.80631340644312599  0.81348988541669387  0.82108393559005244  0.82909821800869754
  0.83781738600514977  0.84722909639453969  0.85773143551248510  0.86945788296939042
  0.88355790188983996  0.90150789625244876  0.93038035854396806  1.00000000000000000
   2.5016640625198857E-039  -1.0000000000000000     
 F F F F F F F F F F F F F F F F T T T T T T T T T T T T T T T T T T T T T T T T T T T T T T T T F F F F F F F F F F F F F F F F F F F F F F F F F F F F F F F F T T T T T T T T T T T T T T T T T T T T T T T T T T T T T T T T F F F F F F F F F F F F F F F F
  <DiscreteSampler_grid>
  grouped_processes
  1 # 1 for a reference and 2 for a running grid.
  10 # Attribute 'min_bin_probing_points' of the grid.
  1 # Attribute 'grid_mode' of the grid. 1=='default',2=='initialization'
  0.0000000000000000 # Attribute 'small_contrib_threshold' of the grid.
  0.5000000000000000 # Attribute 'damping_power' of the grid.
 # binID   n_entries weight   weight_sqr   abs_weight
    31   10   1.458549160776035E-025   4.276652608670762E-050   1.458549160776035E-025
    32   10   1.458549160776035E-025   4.276652608670759E-050   1.458549160776035E-025
    34   10   1.458549160776035E-029   4.276652608670757E-058   1.458549160776035E-029
    35   10   1.458549160776034E-029   4.276652608670754E-058   1.458549160776034E-029
    37   10   1.458549160776035E-029   4.276652608670757E-058   1.458549160776035E-029
    38   10   1.458549160776034E-029   4.276652608670754E-058   1.458549160776034E-029
    40   10   1.458549160776035E-025   4.276652608670762E-050   1.458549160776035E-025
    41   10   1.458549160776035E-025   4.276652608670759E-050   1.458549160776035E-025
    43   10   1.458549160776035E-025   4.276652608670762E-050   1.458549160776035E-025
    44   10   1.458549160776035E-025   4.276652608670760E-050   1.458549160776035E-025
    46   10   1.458549160776035E-029   4.276652608670757E-058   1.458549160776035E-029
    47   10   1.458549160776034E-029   4.276652608670754E-058   1.458549160776034E-029
    49   10   1.458549160776035E-029   4.276652608670757E-058   1.458549160776035E-029
    50   10   1.458549160776034E-029   4.276652608670754E-058   1.458549160776034E-029
    52   10   1.458549160776035E-025   4.276652608670762E-050   1.458549160776035E-025
    53   10   1.458549160776035E-025   4.276652608670760E-050   1.458549160776035E-025
  </DiscreteSampler_grid>
