 -0.00005749632760385  0.00060026494917863  0.00154880056056132  0.00299341343542828
  0.00491289724935874  0.00736143044710655  0.01027283105770183  0.01367882129581102
  0.01737804406154466  0.02160156137686547  0.02623108415877352  0.03105388805526996
  0.03620731145029533  0.04169585170377958  0.04757003545664264  0.05377955093261914
  0.06012959575550273  0.06666741634423688  0.07343625099295659  0.08042100366183361
  0.08775596093117617  0.09533624524615300  0.10314445452615914  0.11117522717128166
  0.11944809655766916  0.12808492676111721  0.13696717431324609  0.14596687739700834
  0.15510604502457756  0.16442907995028311  0.17396494963655151  0.18371540663575803
  0.19358827876990747  0.20340070416537712  0.21329218385525828  0.22332637005873368
  0.23340136182668586  0.24353343258417220  0.25386962190624990  0.26437839510896249
  0.27503088241084966  0.28600424506954580  0.29698363702777958  0.30799123817326435
  0.31900244142710027  0.33004376927615453  0.34124024484751542  0.35242679188472026
  0.36372382284837718  0.37532359443237656  0.38705281705906686  0.39905083477213349
  0.41145372742138753  0.42392902999722371  0.43621395957035042  0.44926430005699491
  0.46222088310298681  0.47516819804773458  0.48807540336747229  0.50091881523381365
  0.51373323587969266  0.52648560632110408  0.53925884752129360  0.55197743240406183
  0.56471498531815045  0.57746629828444129  0.59028568340880916  0.60325863438824856
  0.61607633897520475  0.62918039933674785  0.64255222081521868  0.65594885748108422
  0.66928584967495108  0.68264216859269677  0.69602904768945162  0.70999568353095033
  0.72394263622637467  0.73784869435815170  0.75190015075240269  0.76626791485048773
  0.78076410038162058  0.79529843895660546  0.80986751484464736  0.82441051675092014
  0.83887826052482717  0.85327304069703291  0.86781574829364094  0.88223881987586028
  0.89653656651759417  0.91085282428275360  0.92560681929687239  0.94061013283169959
  0.95559153411250086  0.97048682920877860  0.98528122826367459  1.00000000000000000
 -0.00258114237090472  0.00953870532850222  0.02013396701300435  0.03089878380147738
  0.04179849814025116  0.05236179752678627  0.06294097091343910  0.07359962692783577
  0.08414951693836931  0.09482221897214249  0.10539156143195032  0.11630897694522534
  0.12710482145954535  0.13770868614186688  0.14795050767040910  0.15833912070867301
  0.16923600091644728  0.18093929032426620  0.19230883252921585  0.20365868739561677
  0.21473910232212096  0.22614434079248336  0.23711298454194382  0.24803430624189174
  0.25858690407448470  0.26881823788426829  0.27880864255730553  0.28902070182275286
  0.29990670943695702  0.31074625518927629  0.32197436843832122  0.33311749450523187
  0.34394271369511892  0.35460911556640012  0.36530821613354347  0.37584956927389590
  0.38575949682891225  0.39561017629559103  0.40572194733537287  0.41581789923472956
  0.42566508300331890  0.43548891784153920  0.44601228059281250  0.45683065580247117
  0.46796368910412983  0.47946997046005657  0.49066867550220361  0.50228559759579305
  0.51344948349330621  0.52486486628807061  0.53622258916066767  0.54717232228655976
  0.55802246179615689  0.56897273516548330  0.58011944390798653  0.59103339210963779
  0.60176475955392450  0.61261040986996318  0.62356065802180394  0.63440493241665130
  0.64505752117655846  0.65557318353084404  0.66581258481247174  0.67562378551113367
  0.68537131835650289  0.69535765020339968  0.70571212753273516  0.71619431916717657
  0.72638367421753247  0.73678728596100951  0.74757043567279757  0.75854943356316062
  0.76968168485970334  0.78077959578653733  0.79161685198364096  0.80194052780579761
  0.81187540454939355  0.82166288106955865  0.83143168011845059  0.84142222866802641
  0.85163340755209338  0.86198851857889591  0.87217290153724758  0.88214054352305993
  0.89206183831409447  0.90194334133890741  0.91138357293342742  0.92082149513220879
  0.93035113184156992  0.94022445709832492  0.95058159759359573  0.96081876050384252
  0.97100961042296441  0.98094675155393840  0.99053875262761126  1.00000000000000000
 -0.00221838712099908  0.01124458513558620  0.02184235932459625  0.03098319469234234
  0.03975837779014070  0.04777321059232711  0.05547559238054073  0.06289821473164234
  0.06998663592519332  0.07692350630463911  0.08384241990358142  0.09048298158545778
  0.09706191509289860  0.10342500339442039  0.10940662121910530  0.11521456545948254
  0.12097963139736331  0.12672027474832209  0.13246994361292549  0.13825899737768685
  0.14411418829366682  0.14997449880339669  0.15588320590603824  0.16174503892409539
  0.16761562666844035  0.17419722354500095  0.18065812913690252  0.18705767197427936
  0.19339660948181239  0.19964738113462335  0.20598953400913508  0.21255518879240401
  0.21928115855191063  0.22601519774476372  0.23266317417231905  0.23929266488213102
  0.24611853299560049  0.25281190524738967  0.25955504083964004  0.26617855043990862
  0.27260793172859282  0.27894187722318420  0.28531177645267292  0.29196980628921743
  0.29897049322271468  0.30608217375797758  0.31313295752596954  0.32007704298427359
  0.32697992380260060  0.33390140507375105  0.34089956237111096  0.34807472700592629
  0.35530908841747844  0.36253205007737815  0.36962208853164996  0.37700124354430625
  0.38467280527213060  0.39241073866826182  0.40006458954506446  0.40764301177488088
  0.41531001693968478  0.42303222705185822  0.43077001444267526  0.43873196776387308
  0.44695322562708661  0.45529291257218613  0.46375935619232422  0.47237510167268221
  0.48117665936490750  0.49010854478589894  0.49922051992911487  0.50875372446697953
  0.51851704608018634  0.52846218623759977  0.53835641270465195  0.54847880534292548
  0.55903231525100039  0.56981186568622166  0.58068346411502159  0.59218243848173813
  0.60378722198826174  0.61565786464355710  0.62832978669080541  0.64250702792427172
  0.65732362337926764  0.67324350123881960  0.69016876172361630  0.70742405246068929
  0.72533274194271025  0.74428052997775584  0.76588590258639666  0.79090995700834510
  0.81992690947244951  0.85542928996204548  0.90358177543934026  1.00000000000000000
 -0.01933749793839577  0.12299074966180645  0.16954047929274546  0.19939824315274141
  0.22413818754694981  0.24418560508741083  0.26191929366692218  0.27866149819176506
  0.29463720207228417  0.30987328741840192  0.32394156181332751  0.33707629895507302
  0.34933376522725818  0.36107284020324287  0.37261582336092580  0.38402853648482188
  0.39535755894803404  0.40697660129051033  0.41815899497474085  0.42860271200491590
  0.43823453181612571  0.44740057284401585  0.45629327965069350  0.46507492942697820
  0.47360495144576936  0.48179914523517769  0.48969126935432328  0.49741067077279888
  0.50493564703793359  0.51232998817336350  0.51957281963893087  0.52661593280536068
  0.53357167903223923  0.54046506369488889  0.54722867602283942  0.55381914884520622
  0.56032739096363815  0.56685476394030887  0.57346281073996486  0.58013784476240449
  0.58670932130351972  0.59328338622245169  0.59974665718928499  0.60594216540451173
  0.61188929759343580  0.61764466502168058  0.62330441689375904  0.62896893929993769
  0.63462241692879384  0.64039996116644970  0.64626356397958751  0.65218277236997046
  0.65803743783754254  0.66385598265265422  0.66964428325817527  0.67541720106985781
  0.68123176660664597  0.68693441898100593  0.69218159260038858  0.69747807329995370
  0.70274811797016867  0.70809240586824351  0.71335480001454954  0.71846517999062376
  0.72347603631853841  0.72836349698421587  0.73318430490777098  0.73805034955427418
  0.74293825822008031  0.74788942292687788  0.75299297318399938  0.75823325672489461
  0.76352749210792414  0.76885919637804545  0.77428979502648632  0.77996801178442388
  0.78565222832972137  0.79153547467248209  0.79758475729049805  0.80373472017159053
  0.80997488893179448  0.81652789882999488  0.82331985952967224  0.83009636593199987
  0.83683295042927652  0.84363356907674170  0.85063759453857446  0.85808767201616842
  0.86597022292193337  0.87421757092133190  0.88293993864928155  0.89291145523262250
  0.90527579690142690  0.92126941036999987  0.94506592424330860  1.00000000000000000
   9.8179129700129522E-008  -1.0000000000000000     
 F T T F F T T F
  <DiscreteSampler_grid>
  grouped_processes
  1 # 1 for a reference and 2 for a running grid.
  10 # Attribute 'min_bin_probing_points' of the grid.
  1 # Attribute 'grid_mode' of the grid. 1=='default',2=='initialization'
  0.0000000000000000 # Attribute 'small_contrib_threshold' of the grid.
  0.5000000000000000 # Attribute 'damping_power' of the grid.
 # binID   n_entries weight   weight_sqr   abs_weight
    31   10   1.997255683598735E+004   5.853085429684505E+008   1.997255683598735E+004
    32   10   1.997255683598735E+004   5.853085429684505E+008   1.997255683598735E+004
    34   10   1.997255683598735E+000   5.853085429684509E+000   1.997255683598735E+000
    35   10   1.997255683598735E+000   5.853085429684509E+000   1.997255683598735E+000
    37   10   1.997255683598735E+000   5.853085429684509E+000   1.997255683598735E+000
    38   10   1.997255683598735E+000   5.853085429684509E+000   1.997255683598735E+000
    40   10   1.997255683598735E+004   5.853085429684505E+008   1.997255683598735E+004
    41   10   1.997255683598735E+004   5.853085429684505E+008   1.997255683598735E+004
    43   10   1.997255683598735E+004   5.853085429684505E+008   1.997255683598735E+004
    44   10   1.997255683598735E+004   5.853085429684505E+008   1.997255683598735E+004
    46   10   1.997255683598735E+000   5.853085429684509E+000   1.997255683598735E+000
    47   10   1.997255683598735E+000   5.853085429684509E+000   1.997255683598735E+000
    49   10   1.997255683598735E+000   5.853085429684509E+000   1.997255683598735E+000
    50   10   1.997255683598735E+000   5.853085429684509E+000   1.997255683598735E+000
    52   10   1.997255683598735E+004   5.853085429684505E+008   1.997255683598735E+004
    53   10   1.997255683598735E+004   5.853085429684505E+008   1.997255683598735E+004
  </DiscreteSampler_grid>
