 -0.00239819219091070  0.00974638953339026  0.01980272933869513  0.03035720868965610
  0.04078191842303552  0.05128967499364334  0.06191860854918232  0.07259367163164791
  0.08315510461552265  0.09377581792227330  0.10422256912022645  0.11475100411198486
  0.12511399279610258  0.13564469861172476  0.14611301698887383  0.15653523340322475
  0.16691091753129847  0.17737559105075690  0.18792327098008460  0.19853362196949370
  0.20914066803052800  0.21966989570831000  0.23014433234306325  0.24060922819753813
  0.25110031155125323  0.26152427722766136  0.27191955117613836  0.28239998789606724
  0.29286023830782931  0.30317975078023018  0.31355438537276847  0.32413018121273091
  0.33463241958326789  0.34497578998483741  0.35526679534801292  0.36576279913425230
  0.37631861868365629  0.38687464091439350  0.39739268491944924  0.40778907315249219
  0.41819590507373494  0.42865504508314284  0.43908264612364761  0.44953887301720996
  0.45988577687618371  0.47065150079434187  0.48134545271825302  0.49222563587324769
  0.50295677585943499  0.51371472540228069  0.52443764712495244  0.53507236665558189
  0.54574704520885375  0.55646450290078608  0.56710937039942277  0.57777221865471007
  0.58838623387999744  0.59893883919457480  0.60939463972656494  0.61978536399404094
  0.63030399383183910  0.64083095667968415  0.65152231707346686  0.66222788301108881
  0.67301625344528926  0.68377110240091798  0.69455122906005629  0.70531924961877024
  0.71597172736582637  0.72665742068616812  0.73719085911772098  0.74766105452871079
  0.75805076869569898  0.76858068257897982  0.77926723230174944  0.78995710678227538
  0.80059292943365934  0.81110619703397058  0.82170548464639892  0.83231981992728288
  0.84287934772394280  0.85346715640721049  0.86400555256716527  0.87452150250480776
  0.88490317725442902  0.89514719167115675  0.90529252432923479  0.91553255072918938
  0.92590626212709048  0.93649259087159864  0.94702415373881599  0.95759767376814486
  0.96826762234009767  0.97890203627218131  0.98947741560403435  1.00000000000000000
 -0.00216157778463486  0.00932941392393949  0.01931777498418728  0.02980108060585704
  0.04030257637450451  0.05076020801916618  0.06121473082297861  0.07182496405168022
  0.08244572509060843  0.09309806000503669  0.10368888064795280  0.11409074892002399
  0.12449126443447210  0.13497580894394348  0.14541479968492860  0.15594134081657765
  0.16644349074965745  0.17715475889902271  0.18792508048872222  0.19861255061397462
  0.20932555042389650  0.21992186519031162  0.23052571671669894  0.24103990929792571
  0.25152725254710057  0.26205136803080309  0.27250738341791458  0.28297853479577395
  0.29340795545306081  0.30399155683362972  0.31457555256731823  0.32511156039419092
  0.33565013057191012  0.34626308248107757  0.35685512350678456  0.36736791892981319
  0.37781337157474043  0.38825960146937394  0.39863080706735859  0.40892546091656856
  0.41916133193643945  0.42944610345079115  0.43968852745961673  0.44999480876590003
  0.46042338895384782  0.47081233092223312  0.48108253174089682  0.49132730930488289
  0.50157728657284606  0.51194388730871576  0.52233891421361123  0.53298596889879057
  0.54358938443344251  0.55411288702597417  0.56459655571354939  0.57517951891905539
  0.58576880923772856  0.59639614512032313  0.60701520046345092  0.61762037196072539
  0.62824216317154213  0.63882081557969428  0.64947570380864572  0.66015038904908907
  0.67085247308388496  0.68149133354470703  0.69220095347919153  0.70298152034937733
  0.71362111979949605  0.72414487771647185  0.73454376535513477  0.74510120977440719
  0.75546306116879813  0.76586987690516417  0.77610530860218041  0.78647902022347149
  0.79693799138140908  0.80765152600270818  0.81843277200592746  0.82924449107958487
  0.83986999638708104  0.85052166357942938  0.86115749529192576  0.87174815566190744
  0.88230952159622045  0.89279998318193532  0.90342771477650241  0.91394747651333563
  0.92468952081527156  0.93559658839872561  0.94649092603719620  0.95740532885573226
  0.96810765066955751  0.97880147460822786  0.98937426849819343  1.00000000000000000
  0.00194710924535194  0.01135175785312132  0.02236796990140374  0.03296500283922958
  0.04361324308886804  0.05427271548844903  0.06479832767443502  0.07545638281456249
  0.08614251095918275  0.09704228107934262  0.10792225361195819  0.11875166795922205
  0.12927700473262968  0.13956344534595472  0.14997693433960532  0.16030379193586319
  0.17057048125577920  0.18062426374165416  0.19091079670011010  0.20137858622503121
  0.21179946675727934  0.22217267255326070  0.23248192633145323  0.24288070290065805
  0.25328459783851393  0.26373316649703515  0.27400256091484315  0.28436762688478101
  0.29460136239114659  0.30516350124221581  0.31569538525179652  0.32629880812913498
  0.33689793152519737  0.34755427959540480  0.35817209261669719  0.36856350471235699
  0.37890978130721498  0.38928208364123668  0.39976187500729832  0.41030684610594853
  0.42086020553371178  0.43163659191130560  0.44246882311246211  0.45324245576238098
  0.46377675623135572  0.47428340044065209  0.48486242837069132  0.49548805062936579
  0.50589975701769230  0.51632222017670837  0.52680983436210782  0.53736864257712869
  0.54778655340209859  0.55825194936765310  0.56883065909683983  0.57938123834993405
  0.58979054433816669  0.60002868313327518  0.61053285158532589  0.62107847404073990
  0.63166643630108588  0.64223157077479076  0.65284237752463359  0.66346720918596003
  0.67402498348114759  0.68462115578038130  0.69529278636149894  0.70602387335288053
  0.71675206893457166  0.72742793608193990  0.73800967745094193  0.74853868764739662
  0.75903823386995617  0.76963242073568738  0.78019908290863871  0.79084603149516419
  0.80127854035054913  0.81172157777292997  0.82224415158968867  0.83259392960304024
  0.84293036337086202  0.85314100751349708  0.86358077909464226  0.87392507084399362
  0.88418606925183030  0.89437419370165372  0.90473635285504472  0.91522488459453322
  0.92560102558477375  0.93608768014658705  0.94641829350817330  0.95679385051543819
  0.96721406546248345  0.97780659635646838  0.98885277054640541  1.00000000000000000
 -0.01978504904100265  0.12335895848345674  0.16827611300303388  0.19739192901644062
  0.22126854322385764  0.24163865911586466  0.25977020424708525  0.27632217686580668
  0.29171533246960890  0.30613915939196190  0.31967903628837713  0.33252216491136444
  0.34474522633846549  0.35648426776426395  0.36772777202004175  0.37863085962858500
  0.38917402743871155  0.39943764475237792  0.40933810144237759  0.41899687355617926
  0.42838267852813317  0.43758426806789552  0.44656127585738731  0.45535700983381688
  0.46398133016660492  0.47242503701874322  0.48075253892648084  0.48883421809425198
  0.49683293738514533  0.50467146370096660  0.51236893204485390  0.51999815136718253
  0.52742929667278993  0.53479064881956884  0.54204039547380434  0.54917442856633270
  0.55623294117248689  0.56318788144549903  0.57001507029108234  0.57676018339723878
  0.58342896793825860  0.58999627018471101  0.59648517904164700  0.60290597678697722
  0.60923199583229593  0.61549567758207069  0.62171797349102920  0.62787338523768643
  0.63394369756456859  0.63996137751210413  0.64594306115620104  0.65180429841656540
  0.65764059229573835  0.66344615718717326  0.66919504562356624  0.67489355274406981
  0.68055619218702768  0.68618592941173984  0.69177326566073349  0.69731402698275391
  0.70283418186772528  0.70832322566334394  0.71377527258461571  0.71920437949978788
  0.72462841779661191  0.73003875813326113  0.73542538310825956  0.74080002401196832
  0.74617266369055046  0.75154969606553534  0.75693666755270461  0.76233359211635632
  0.76774273438157592  0.77317211213564441  0.77866887949431651  0.78416896804106417
  0.78972050037066555  0.79535476478019140  0.80107823238061626  0.80687088903806692
  0.81275842877833371  0.81878889737977967  0.82494810036179322  0.83123814672938257
  0.83778605617508117  0.84455931438098242  0.85155450800213128  0.85894468074656294
  0.86684340504612045  0.87519500727319732  0.88450061709813643  0.89481277528547054
  0.90697263318516574  0.92235737255606720  0.94587997465533258  1.00000000000000000
   6.2511029621627554E-003  -1.0000000000000000     
 F T T F F T T F
  <DiscreteSampler_grid>
  grouped_processes
  1 # 1 for a reference and 2 for a running grid.
  10 # Attribute 'min_bin_probing_points' of the grid.
  1 # Attribute 'grid_mode' of the grid. 1=='default',2=='initialization'
  0.0000000000000000 # Attribute 'small_contrib_threshold' of the grid.
  0.5000000000000000 # Attribute 'damping_power' of the grid.
 # binID   n_entries weight   weight_sqr   abs_weight
    31   10   6.076659801343285E+010   5.147224342699991E+021   6.076659801343285E+010
    32   10   6.076659801343285E+010   5.147224342699991E+021   6.076659801343285E+010
    34   10   6.076659801343283E+006   5.147224342699990E+013   6.076659801343283E+006
    35   10   6.076659801343283E+006   5.147224342699990E+013   6.076659801343283E+006
    37   10   6.076659801343283E+006   5.147224342699990E+013   6.076659801343283E+006
    38   10   6.076659801343283E+006   5.147224342699990E+013   6.076659801343283E+006
    40   10   6.076659801343285E+010   5.147224342699991E+021   6.076659801343285E+010
    41   10   6.076659801343285E+010   5.147224342699991E+021   6.076659801343285E+010
    43   10   6.076659801343285E+010   5.147224342699991E+021   6.076659801343285E+010
    44   10   6.076659801343285E+010   5.147224342699991E+021   6.076659801343285E+010
    46   10   6.076659801343283E+006   5.147224342699990E+013   6.076659801343283E+006
    47   10   6.076659801343283E+006   5.147224342699990E+013   6.076659801343283E+006
    49   10   6.076659801343283E+006   5.147224342699990E+013   6.076659801343283E+006
    50   10   6.076659801343283E+006   5.147224342699990E+013   6.076659801343283E+006
    52   10   6.076659801343285E+010   5.147224342699991E+021   6.076659801343285E+010
    53   10   6.076659801343285E+010   5.147224342699991E+021   6.076659801343285E+010
  </DiscreteSampler_grid>
