  0.00755636093020473  0.01411326064285554  0.02356078744660732  0.03416027898050848
  0.04460920300373378  0.05510464767599429  0.06555026492395456  0.07599106702422058
  0.08656099531288927  0.09716317645023530  0.10772102012890898  0.11811971363098703
  0.12846966655903258  0.13878703954291297  0.14909843371989864  0.15930957190659753
  0.16956958972081576  0.17990937006783489  0.19023756119241822  0.20052198402530350
  0.21085710240402458  0.22125842296839801  0.23161675218794886  0.24195768213751989
  0.25233492934763840  0.26293634576721603  0.27364989636738729  0.28436759973885445
  0.29497032721750749  0.30551398197548096  0.31605477029216733  0.32642464840645641
  0.33686329193592307  0.34732281136301835  0.35791178644084748  0.36841982761963421
  0.37897985297676429  0.38952740155846866  0.40004431392605533  0.41031420141661751
  0.42054464475556186  0.43071813617716087  0.44095960538200557  0.45121436689209066
  0.46152538215065264  0.47207228066520746  0.48264788811045545  0.49336214662576006
  0.50404004201987618  0.51487211955980494  0.52559277441900298  0.53627552739588491
  0.54685629343068376  0.55742844154679361  0.56796924347561062  0.57846738872239678
  0.58887721242430502  0.59916301924502569  0.60940075096486468  0.61974597901541684
  0.63019632257685954  0.64062350233067311  0.65094151666464117  0.66105207542794719
  0.67117008158205171  0.68124509647929299  0.69150355345271231  0.70180447100072096
  0.71210369431520926  0.72243736470847453  0.73280132456962088  0.74321358299667151
  0.75356839048628721  0.76412352595172772  0.77487651399267288  0.78567581645642404
  0.79628170757168437  0.80678348446454806  0.81726947025660412  0.82781879931226576
  0.83840821379505315  0.84900156940693539  0.85950979531184257  0.87003208708981572
  0.88048332384758599  0.89098912784735551  0.90142661093137133  0.91204012623450870
  0.92278080969759968  0.93351805460357129  0.94420138174915480  0.95491175394798655
  0.96572704813681609  0.97681951808442025  0.98829711397661324  1.00000000000000000
  0.00737014810161021  0.01518946928328306  0.02549254275304826  0.03632236277422703
  0.04683413446217542  0.05732177510661305  0.06781126346585517  0.07823362998236358
  0.08870067121815869  0.09929257392398622  0.10992966244096168  0.12052440119471373
  0.13106788494080401  0.14147620412565515  0.15171762627403976  0.16185176485292083
  0.17209658133743846  0.18236554787046846  0.19271529223103886  0.20322559307852528
  0.21391325397728947  0.22466199482811058  0.23532361767040838  0.24597206944410641
  0.25666357694515762  0.26740755576665848  0.27804014258453685  0.28862066262240149
  0.29918942789609770  0.30980804739271040  0.32032413263476389  0.33085214918957950
  0.34148568720065658  0.35227957321398196  0.36289280611633662  0.37331595794136008
  0.38356723303861689  0.39383437665819826  0.40398799568490973  0.41418750919601949
  0.42436005872429283  0.43464627363153852  0.44482752783449619  0.45511423594940481
  0.46544078655866800  0.47583167858937186  0.48616154156286590  0.49660319742346026
  0.50695283142308911  0.51720075290321577  0.52730685372911545  0.53740323679558888
  0.54765428983388975  0.55794335298483599  0.56828610802601554  0.57859587056203177
  0.58900992505578409  0.59943301370761026  0.60986504043617462  0.62021912813934543
  0.63064882745089923  0.64099500272439536  0.65132794429789875  0.66163344837881455
  0.67212618783224576  0.68275101145737915  0.69341511328632699  0.70394607043488677
  0.71439661481795991  0.72478106915861629  0.73502140942057015  0.74521669079212838
  0.75551933413502348  0.76595407580077390  0.77626619805200769  0.78650705195377635
  0.79667275771475998  0.80694585760044968  0.81733602242836378  0.82784006072948269
  0.83833402813230617  0.84872038616510581  0.85925185710523200  0.86977986534899621
  0.88039743744427990  0.89094245952186135  0.90170817212081433  0.91246153673766195
  0.92308793339996198  0.93369991120219531  0.94428859115108188  0.95487649282707332
  0.96557934477374519  0.97627936491474410  0.98794914312297855  1.00000000000000000
 -0.00258418529818872  0.00969918549777432  0.02005167074224702  0.03056423448131669
  0.04101298719441576  0.05166069229149408  0.06222733419093854  0.07274158369188470
  0.08316839437513597  0.09372978419184017  0.10422216039493676  0.11474342099014490
  0.12516758733904293  0.13566699391811624  0.14615600462479195  0.15695487303195174
  0.16764050995496693  0.17824696069113893  0.18881097232083519  0.19941844032389885
  0.20987787800303370  0.22025501079664259  0.23070335071197090  0.24123990120215527
  0.25166993368217888  0.26211525783876688  0.27259714251342820  0.28315042902585813
  0.29372905483534295  0.30427006297852194  0.31485047538583205  0.32543017679842240
  0.33611639881802746  0.34683393919321837  0.35746801684807922  0.36800392366419643
  0.37848969705145064  0.38911791257232980  0.39978912081826506  0.41061570643713347
  0.42131745273910332  0.43205295556315509  0.44253950969948264  0.45292833512888847
  0.46321727870816226  0.47351432610605831  0.48387784071701306  0.49432466176741224
  0.50487394619992965  0.51547017724315869  0.52607014675037489  0.53673259766279424
  0.54745580457241916  0.55828234893062767  0.56894607355291771  0.57959681807454921
  0.58996770760749717  0.60027114293521977  0.61056123776287774  0.62091961884878366
  0.63142857601132907  0.64193834358316926  0.65259167011287700  0.66323611074022093
  0.67382933786041299  0.68430342834934577  0.69466682122508927  0.70513090123410960
  0.71563759476283895  0.72609126330528206  0.73663241381638489  0.74720407310736592
  0.75785989741168591  0.76850070587433428  0.77908228821062153  0.78970636898673185
  0.80024851324188362  0.81076879117603451  0.82128997050548158  0.83180767126707689
  0.84233627433215608  0.85287650555960182  0.86336947690959354  0.87414245983152006
  0.88455343263641684  0.89519243891682510  0.90557721109502998  0.91604859487953805
  0.92645259817019165  0.93692892071125222  0.94756367615331272  0.95803859950749226
  0.96847043702368507  0.97899170544196101  0.98949461294032104  1.00000000000000000
 -0.00255377169058618  0.00978377370392880  0.02000666745935326  0.03047431708308888
  0.04107069454832402  0.05130704989357075  0.06166668439524575  0.07198738565725467
  0.08237989803804342  0.09278078964115931  0.10305446864626633  0.11363898931362493
  0.12415783670448481  0.13476451408047124  0.14538627844949770  0.15610793099632883
  0.16681171047416848  0.17762217595094415  0.18834741648234299  0.19891518112137208
  0.20945189802283060  0.21985007843189974  0.23019690852925687  0.24039672013787786
  0.25070147024472789  0.26108105807474474  0.27156045763690595  0.28222510907115239
  0.29289241117927478  0.30353782940898716  0.31420897385666691  0.32474631630740175
  0.33524243850413421  0.34564636426324113  0.35591410038784294  0.36618088840682789
  0.37645511101391177  0.38705298591039461  0.39757910397542190  0.40811775441954884
  0.41854120811776407  0.42920563203562651  0.43997153970757352  0.45077991334097034
  0.46145698121326578  0.47190231947709727  0.48233182363801852  0.49271612684949162
  0.50316433238543767  0.51377764809466731  0.52427522070023769  0.53472909991916628
  0.54509500777593400  0.55561112884560260  0.56601831813903003  0.57644096927864386
  0.58686408760446918  0.59742867045214287  0.60785283828891090  0.61799046730690566
  0.62846361637924641  0.63905776700622774  0.64988152055819726  0.66047538096617353
  0.67106099179186762  0.68168327839932219  0.69244958193336625  0.70320111875825475
  0.71399930213473350  0.72461151459865869  0.73523217244584960  0.74586537507704231
  0.75653566231017666  0.76723358717817813  0.77783200005588882  0.78842208392849278
  0.79877424612062908  0.80915245721459128  0.81956616697061868  0.83004763896312073
  0.84060568565702276  0.85116886682162662  0.86176110850824739  0.87234044376693964
  0.88293530809910492  0.89380325747572908  0.90468955253761330  0.91571366870954773
  0.92630379989281120  0.93695381150063550  0.94744686554182955  0.95800424171765564
  0.96848377177334266  0.97900161862519419  0.98954435174666977  1.00000000000000000
 -0.00213170204568663  0.00946165603704481  0.01938918483418413  0.02998968219850686
  0.04049641731692922  0.05106015353128943  0.06151124279907972  0.07206235456647130
  0.08258466873891707  0.09306128594132736  0.10351134435029308  0.11413752387232928
  0.12465620844906759  0.13520507744596083  0.14574354958219962  0.15650273480667906
  0.16713401069385381  0.17771981543729959  0.18838977694150286  0.19927279380002763
  0.20997741118923305  0.22060418846081509  0.23113690900965481  0.24171290756954986
  0.25235651614207649  0.26312646131424700  0.27391946980929144  0.28473440883760559
  0.29537769747394260  0.30607885306193117  0.31662224562814101  0.32725953462434282
  0.33790985395024109  0.34850062318690705  0.35905619370594477  0.36944924845308580
  0.37991079298311303  0.39036781064506659  0.40073722939914874  0.41111415926676248
  0.42152930741817629  0.43216608253540245  0.44264092279094946  0.45292837954961734
  0.46334587745578032  0.47373408784815130  0.48411734767189119  0.49444264774107310
  0.50487779159471868  0.51544915784144207  0.52603352967662520  0.53655443730816033
  0.54715405685650687  0.55788179825982342  0.56872088920528097  0.57953393506577500
  0.59034747036784352  0.60124632443470694  0.61194124468071853  0.62260491639220839
  0.63322732309470586  0.64392538807783595  0.65450517003581665  0.66509080809927912
  0.67574051155795778  0.68629586964480915  0.69689218603484449  0.70735476558334376
  0.71784056696474852  0.72825325472088898  0.73886258346804445  0.74939995689302807
  0.75986882801924505  0.77019517564336648  0.78061888448127814  0.79111288956425430
  0.80166784319003159  0.81224978842574624  0.82278360423997154  0.83335894855094872
  0.84391019286761637  0.85433309296256443  0.86469774958675361  0.87499317101239094
  0.88541894571593194  0.89597083666030874  0.90652906442060677  0.91710322821269297
  0.92744117456548381  0.93777793880805094  0.94796175894336610  0.95818669597095230
  0.96853616756607541  0.97899053801253477  0.98945893868790380  1.00000000000000000
 -0.00242197213898128  0.00949218893645591  0.01965899185132392  0.03020872495964950
  0.04091143611119877  0.05147743752211219  0.06210110533672519  0.07275576077456582
  0.08343982738914882  0.09405939168026417  0.10453052624077122  0.11504287402594013
  0.12554516120940704  0.13614319765254088  0.14672119135551726  0.15739638815119311
  0.16802497440507119  0.17863367999206753  0.18919877859987691  0.19989295942175866
  0.21048552274622531  0.22091402939097687  0.23123557373892048  0.24160473741157734
  0.25203065454931639  0.26237872372002208  0.27277421526447126  0.28312975116732103
  0.29352032812039791  0.30403606031789127  0.31455625572760110  0.32507958872593978
  0.33560895318505540  0.34617894870711635  0.35687107130726997  0.36778744598937896
  0.37874924944670091  0.38964499410786807  0.40055401288297926  0.41145502316099997
  0.42212124766332781  0.43256944974380107  0.44303655527406821  0.45364791161967116
  0.46426598125959201  0.47478163120652306  0.48536129610765227  0.49591148441130012
  0.50661196817549548  0.51717302163365320  0.52759436129886994  0.53813358804027756
  0.54881399339384518  0.55939155120092721  0.56970028890091540  0.57985335118158754
  0.59025750512737540  0.60073876952723748  0.61131040212831644  0.62180656381524135
  0.63230855233864547  0.64260517171500608  0.65300376907938196  0.66354157385420043
  0.67431543648653169  0.68496740475309636  0.69563835023158738  0.70634123917159142
  0.71702834684048589  0.72779753058520280  0.73844127915745283  0.74908912719219289
  0.75951417286422296  0.77003320246023133  0.78036084409986606  0.79064836991335818
  0.80094800032960745  0.81143371245823170  0.82178720526314919  0.83219100665198409
  0.84256577239588626  0.85284446088564470  0.86319807138231652  0.87358364971305369
  0.88419102779991732  0.89475279184410472  0.90519226354106108  0.91569316727207806
  0.92597712996998149  0.93642403402340713  0.94680817463847478  0.95730875923141556
  0.96790345213902407  0.97854461797030923  0.98924226326344322  1.00000000000000000
 -0.00245685002833095  0.00957793620270389  0.01999445487413460  0.03056556021747346
  0.04122372127438028  0.05194903601306857  0.06276520074402643  0.07344665629422625
  0.08401846737070387  0.09454871247219740  0.10528289028117746  0.11584765552408986
  0.12645901135558060  0.13685954005922898  0.14743696236440706  0.15801936935785246
  0.16872407947937668  0.17937871392899180  0.19010142602750391  0.20082354823896750
  0.21161176921104194  0.22224973815752139  0.23295061886026108  0.24362759136844594
  0.25432027366386506  0.26482841743364316  0.27509618365161231  0.28532123042545865
  0.29567844384731273  0.30610143418080954  0.31652065756236047  0.32685265414178333
  0.33731798273083125  0.34787066433024622  0.35857944449290419  0.36910959872421706
  0.37963948617205456  0.38991039802592325  0.40024233839531720  0.41068262813201245
  0.42131567332781822  0.43219851445241519  0.44307864822248932  0.45376839129478347
  0.46444866517006544  0.47489190937939912  0.48555323312118071  0.49610172596008273
  0.50665924725876210  0.51713727690802380  0.52767942171767057  0.53824147852783122
  0.54865636658647798  0.55892709739636404  0.56927647336139120  0.57966861531357283
  0.59015730904895036  0.60058799074384950  0.61109080495700840  0.62147630359899653
  0.63195470575318324  0.64251121730809535  0.65310956060874192  0.66387761024864633
  0.67459724264413035  0.68525068355764873  0.69571850997993157  0.70618196389006227
  0.71673267551140973  0.72731180854399347  0.73795444157843837  0.74858107445453026
  0.75916714876620017  0.76970496997821902  0.78022450901759066  0.79083651107464314
  0.80133179531250676  0.81185715417646842  0.82232252220607782  0.83279951191635671
  0.84331169878667633  0.85387317696459197  0.86451080745313191  0.87501513965826694
  0.88536092344208284  0.89563292589979748  0.90595028394837351  0.91633213859484119
  0.92664497258901435  0.93701052320485290  0.94726214094481520  0.95760821357311487
  0.96808713307896321  0.97861548243512042  0.98933193308945133  1.00000000000000000
 -0.00227036946645098  0.00912853979632482  0.01895910946529472  0.02927094255388940
  0.03962255670558785  0.05007701313419364  0.06050075836451507  0.07124107745242890
  0.08183112781680946  0.09266311157622337  0.10332737631313910  0.11398085227700643
  0.12457923674223972  0.13507559270260372  0.14539647816595264  0.15578983371243729
  0.16609914670865686  0.17647401285359887  0.18687878599958668  0.19753315948242992
  0.20802779288224865  0.21856403567879057  0.22913772370385532  0.24011185112565786
  0.25107099012963302  0.26173948697512217  0.27231493226488895  0.28276168078781211
  0.29319094244065003  0.30363738712721855  0.31409720697266497  0.32459269491886117
  0.33496071689547463  0.34547664809996814  0.35611497889905064  0.36675911802523770
  0.37743015606007807  0.38808167985905884  0.39875450084295627  0.40936397309625783
  0.41980163564766382  0.43014450223052297  0.44053957085264356  0.45109878281669935
  0.46159927479685314  0.47206095206125570  0.48244942737777002  0.49279264138762918
  0.50320955427653657  0.51365988134235474  0.52418816577163874  0.53463977860939582
  0.54509926715363477  0.55559173800957029  0.56626517102887741  0.57679194571302517
  0.58730187855012317  0.59747433087887802  0.60783273944129501  0.61827863529856497
  0.62900469887915544  0.63972891351099459  0.65036537149568707  0.66100383998676615
  0.67156639194685808  0.68212860697720801  0.69266899799943049  0.70318659594242905
  0.71375424275279875  0.72420493967886324  0.73487883997453263  0.74543992743368159
  0.75607293100984696  0.76672718411959706  0.77750258763877944  0.78840871431324977
  0.79892542565060432  0.80959771620643395  0.81997299825957726  0.83047429373550441
  0.84096086163109574  0.85151820214643403  0.86220916822295135  0.87281906679437904
  0.88337070455752609  0.89392657786369090  0.90456186019308360  0.91521810742335652
  0.92587397630264823  0.93647941508929533  0.94714827334024498  0.95786214476785680
  0.96846765801897428  0.97916332181919497  0.98959964920152410  1.00000000000000000
  0.01024913190864266  0.02652797638959846  0.04142861422452920  0.05346146601131315
  0.06462376114005221  0.07547984524567396  0.08619726850153467  0.09691210222551590
  0.10766867499041476  0.11842707480416013  0.12905673476409427  0.13952483923936762
  0.14988230721741583  0.16023347458144427  0.17068869577241289  0.18118772415571530
  0.19160862783326812  0.20196163833789019  0.21223009667359918  0.22242208923851647
  0.23262585591111207  0.24291023652510588  0.25327020985421261  0.26366561263027888
  0.27406560851271378  0.28437160198575029  0.29453081417542709  0.30467553949697335
  0.31495615656521636  0.32531634128018627  0.33562097226750776  0.34593955714518421
  0.35629009035160886  0.36667621926895355  0.37705632322415034  0.38733487674852318
  0.39758572997578073  0.40783026039737547  0.41804001817304209  0.42819602414637498
  0.43828442865468897  0.44837022141710114  0.45850123296167344  0.46864637779304869
  0.47881035882314771  0.48901511832243144  0.49926588168419356  0.50952785518656096
  0.51972966974049573  0.52991392568493978  0.54015182670671069  0.55035828195908221
  0.56058750214162245  0.57084167873355440  0.58103053034514307  0.59112740579258438
  0.60127725934548670  0.61157391336468248  0.62186114228158673  0.63191336012974031
  0.64187340180430397  0.65197917697924224  0.66216168585373270  0.67227613664059926
  0.68232546274256267  0.69244006251221724  0.70276589499801589  0.71311300708640457
  0.72329825093737421  0.73350609572149950  0.74355864005838246  0.75365806328378671
  0.76361375074493243  0.77366598778150208  0.78377490010004380  0.79389720242047490
  0.80406391314099290  0.81428726806093987  0.82445883279121523  0.83458760988446257
  0.84459725563238253  0.85461620789028236  0.86469931288475510  0.87485199097049182
  0.88502563848417748  0.89510157025013104  0.90516254142413288  0.91522843296498646
  0.92549638006781132  0.93569889587242816  0.94597462337416005  0.95609399863158651
  0.96641048544612906  0.97673601194136694  0.98800367704664782  1.00000000000000000
 -0.01952856461705864  0.12273048225095533  0.16776705215156812  0.19696789811222390
  0.22090987048946795  0.24137508661606585  0.25952784005609425  0.27604363395104536
  0.29142770433476695  0.30582278174568739  0.31936491288855534  0.33225384534107738
  0.34451213001777142  0.35625158999400075  0.36750563875374193  0.37847086993454843
  0.38905781852120569  0.39932528301888992  0.40916652640943230  0.41881290962208834
  0.42817809436109294  0.43741761216991765  0.44644060286115889  0.45530826862692103
  0.46397246858755281  0.47243298081045748  0.48075043735404976  0.48882153192282446
  0.49682809908745040  0.50469137023418331  0.51240576331156940  0.52006474677281822
  0.52751843312468483  0.53487069794669995  0.54209486463928502  0.54919081388816293
  0.55622160419317035  0.56317997256914154  0.57005245621106349  0.57685863747634580
  0.58359335907033671  0.59020305517272020  0.59669810282997726  0.60310489754753149
  0.60942127388999878  0.61568734414161819  0.62190829153711136  0.62805751503544804
  0.63412447779096670  0.64016588082441739  0.64615453045982230  0.65203585455593005
  0.65787195132514487  0.66367436556438475  0.66943083173602069  0.67514844374278049
  0.68084855103518338  0.68653061950684213  0.69216794668674675  0.69774975546865026
  0.70330271423151280  0.70880559082815620  0.71425261751765690  0.71968029300107683
  0.72509497445568782  0.73050005554386732  0.73587759000334818  0.74123926818982289
  0.74659738533625852  0.75195766214271298  0.75732655073308863  0.76270133927958450
  0.76809804199173681  0.77349307246919130  0.77895652590429421  0.78446762487963007
  0.79003325319614826  0.79567070836134668  0.80137980505918849  0.80713919932076450
  0.81300378531968742  0.81902808443218589  0.82516620903072313  0.83142361148468236
  0.83793212690839103  0.84467507856657498  0.85164863976558702  0.85901159338456723
  0.86687679486394043  0.87522084268951050  0.88452280559183316  0.89482762255389403
  0.90694441253716962  0.92227937166107665  0.94583273878296004  1.00000000000000000
   4.5611963837418273E-004  -1.0000000000000000     
 F F F F F F F F F F F F F F F F T T T T T T T T T T T T T T T T T T T T T T T T T T T T T T T T F F F F F F F F F F F F F F F F F F F F F F F F F F F F F F F F T T T T T T T T T T T T T T T T T T T T T T T T T T T T T T T T F F F F F F F F F F F F F F F F
  <DiscreteSampler_grid>
  grouped_processes
  1 # 1 for a reference and 2 for a running grid.
  10 # Attribute 'min_bin_probing_points' of the grid.
  1 # Attribute 'grid_mode' of the grid. 1=='default',2=='initialization'
  0.0000000000000000 # Attribute 'small_contrib_threshold' of the grid.
  0.5000000000000000 # Attribute 'damping_power' of the grid.
 # binID   n_entries weight   weight_sqr   abs_weight
    31   10   5.123319290435991E+007   8.754615979120811E+015   5.123319290435991E+007
    32   10   5.123319290435944E+007   8.754615979120542E+015   5.123319290435944E+007
    34   10   5.123319290435988E+003   8.754615979120803E+007   5.123319290435988E+003
    35   10   5.123319290435940E+003   8.754615979120535E+007   5.123319290435940E+003
    37   10   5.123319290435988E+003   8.754615979120803E+007   5.123319290435988E+003
    38   10   5.123319290435940E+003   8.754615979120535E+007   5.123319290435940E+003
    40   10   5.123319290435991E+007   8.754615979120811E+015   5.123319290435991E+007
    41   10   5.123319290435944E+007   8.754615979120542E+015   5.123319290435944E+007
    43   10   5.123319290435991E+007   8.754615979120808E+015   5.123319290435991E+007
    44   10   5.123319290435944E+007   8.754615979120542E+015   5.123319290435944E+007
    46   10   5.123319290435988E+003   8.754615979120806E+007   5.123319290435988E+003
    47   10   5.123319290435940E+003   8.754615979120535E+007   5.123319290435940E+003
    49   10   5.123319290435988E+003   8.754615979120806E+007   5.123319290435988E+003
    50   10   5.123319290435940E+003   8.754615979120535E+007   5.123319290435940E+003
    52   10   5.123319290435991E+007   8.754615979120808E+015   5.123319290435991E+007
    53   10   5.123319290435944E+007   8.754615979120542E+015   5.123319290435944E+007
  </DiscreteSampler_grid>
