  0.00933973057969527  0.01475076162921706  0.02351457802334345  0.03395275021849836
  0.04402851309238525  0.05417388890366589  0.06431299657373206  0.07450592403675589
  0.08467284077771431  0.09496077302445806  0.10531941277051182  0.11596112321801610
  0.12650320808647406  0.13718933731023678  0.14762554344037207  0.15777106306350905
  0.16814921751935194  0.17851198313805597  0.18893330980815798  0.19909719677856816
  0.20932054333437403  0.21958418680862443  0.22966089932497225  0.23966640053838081
  0.24971231164048702  0.25989616177153679  0.27000782452557626  0.28035274868293797
  0.29083019642793562  0.30144442287469786  0.31193165409302193  0.32231712436302595
  0.33265398435747462  0.34305197015306277  0.35353640024467387  0.36400653798879323
  0.37452373290699520  0.38488394885173999  0.39523338402303593  0.40536421939879574
  0.41555684678080124  0.42594505236917490  0.43643066833906824  0.44679367549197863
  0.45711240674001991  0.46751505236520285  0.47802571998954951  0.48851011913878317
  0.49899772823580890  0.50954105598682609  0.52006273351946974  0.53042371486528250
  0.54071678863670103  0.55095114060428330  0.56115682448566639  0.57143769007826695
  0.58180052133559368  0.59222029310234992  0.60263188964299308  0.61301477337378762
  0.62340504720951428  0.63369176845568997  0.64394950146816432  0.65436395164729633
  0.66487761906907128  0.67539626336797898  0.68586153814143325  0.69645250565248773
  0.70710927033203863  0.71774656923515545  0.72833324365524721  0.73895654367337571
  0.74961289605254555  0.76025161304651356  0.77091361392020874  0.78144713573148405
  0.79182401461072272  0.80201184193346564  0.81218747060075425  0.82240420801928671
  0.83273815312026467  0.84312381226092747  0.85344947641014324  0.86374396380174445
  0.87399627955535708  0.88426767105949655  0.89460193390082621  0.90508796249982404
  0.91582202194907858  0.92658973104599218  0.93727589697951308  0.94786011230067346
  0.95851936053557640  0.96902084834884483  0.97989710888236548  1.00000000000000000
  0.00733797567509498  0.01539180172401031  0.02628041603400283  0.03783437010966947
  0.04884067064096663  0.05965252319120118  0.07053040013439292  0.08139394399828619
  0.09200850030102493  0.10258763610531817  0.11319914541952765  0.12389940287214758
  0.13452914575817243  0.14513710297688104  0.15571079124944845  0.16624869025709565
  0.17691454816075328  0.18752017441278729  0.19794253037766188  0.20841045018661600
  0.21890923435859613  0.22925902425802308  0.23950117762757589  0.24977088503126132
  0.26027446226995032  0.27080527087451395  0.28145962527748125  0.29213157956067443
  0.30282576376919856  0.31333263953120544  0.32401842118422974  0.33479830837468855
  0.34552741196087777  0.35627308886414583  0.36656992420591511  0.37686834841722627
  0.38691916481028299  0.39710270847329815  0.40730726366517828  0.41739054845789153
  0.42756339934857368  0.43776715891960039  0.44835537645424839  0.45895238735913974
  0.46976800788335166  0.48056745733295497  0.49136331745818457  0.50210587509255555
  0.51286546382819931  0.52365828514602852  0.53434633229872197  0.54507195372387407
  0.55596782089547780  0.56671654064131938  0.57733338592515693  0.58807224323344076
  0.59885581061416981  0.60950446706384642  0.62004244813315224  0.63052123126704440
  0.64092085324899728  0.65124556143921719  0.66168551291438293  0.67203845234317594
  0.68254239810750461  0.69286963069072871  0.70341035422449039  0.71387880399706283
  0.72449236402455630  0.73497049276032578  0.74543535973212705  0.75595560729784606
  0.76649914462568203  0.77705374520037573  0.78757101605255830  0.79792130746866574
  0.80821123438357445  0.81850134820873299  0.82892310963115878  0.83926154070375458
  0.84959346545696279  0.85993867593924034  0.87043623107997214  0.88097840257460436
  0.89148267826131422  0.90187893342432190  0.91222732091187630  0.92266972913990908
  0.93314472564377815  0.94348414929305036  0.95350427179544528  0.96340833551908622
  0.97310798187283332  0.98261804898409422  0.99190246468310894  1.00000000000000000
 -0.00250229693852720  0.00932307413300182  0.01957529106504629  0.03020037586158503
  0.04096495393968368  0.05160419006196493  0.06239823859311858  0.07323511720022140
  0.08391668157799885  0.09429251359862838  0.10469696746650659  0.11526196397991090
  0.12584633943899290  0.13662526425850505  0.14729591895980096  0.15794278791497704
  0.16851058087648255  0.17914886496668969  0.18958808224136983  0.19986430549651582
  0.21004343202004014  0.22033339015435119  0.23082202158690948  0.24148622877530501
  0.25209424524673352  0.26266991628242881  0.27344815830931368  0.28436840102983119
  0.29504243994425233  0.30551918044716936  0.31616162142252252  0.32697165104186898
  0.33775942447490964  0.34848168595010004  0.35907902104492539  0.36959080604190203
  0.38009972042609186  0.39043735320000145  0.40094898057230893  0.41155623159317162
  0.42217037003163482  0.43278821999519462  0.44343400464026111  0.45408020409483102
  0.46466508158691883  0.47508763486472538  0.48569588099871047  0.49625794164308373
  0.50703055357580762  0.51777939959804087  0.52831181896292245  0.53877810164958162
  0.54928305311669223  0.55984404459534864  0.57044163765224976  0.58107395481370738
  0.59175519791977571  0.60241014357430434  0.61306990768387415  0.62372189678973322
  0.63435212458284618  0.64498557885453689  0.65548322183843133  0.66585159563464524
  0.67614981980157451  0.68653136712538065  0.69690746610903587  0.70726721120763480
  0.71767804866290952  0.72818692205993640  0.73868123078068337  0.74925059002934147
  0.75984661620377558  0.77047366505527171  0.78102311303360461  0.79157867495133061
  0.80219974089338686  0.81279653155193365  0.82330707321725860  0.83363254794422659
  0.84401902963192954  0.85444576773754644  0.86499548489041855  0.87537802622128236
  0.88570198539842104  0.89604960164709080  0.90656235820601094  0.91706332105324817
  0.92751698177441166  0.93804088146573195  0.94872453759119812  0.95954172229629098
  0.97005229420850181  0.98024182538534932  0.99014826123393163  1.00000000000000000
 -0.00248110008503589  0.00929100393868273  0.01913024990510552  0.02966525816847636
  0.04009741336525825  0.05048929026253079  0.06083165426461566  0.07161134159211470
  0.08242457477642839  0.09324536867841861  0.10408611270353425  0.11467399179328190
  0.12510570591101131  0.13562173169720912  0.14619483592194410  0.15696971549807026
  0.16749936570392440  0.17818742270000834  0.18881772617905271  0.19936543336896984
  0.20993441344039648  0.22049447706235045  0.23105443051664681  0.24156703366709897
  0.25204812490295736  0.26271712438111655  0.27329745080277101  0.28388741390208466
  0.29431466517891280  0.30484752793512138  0.31543081429775555  0.32597188721846077
  0.33646773559462595  0.34674208134667761  0.35719436014165695  0.36755163714972233
  0.37818521389374848  0.38886620478360789  0.39954308272471267  0.41026232010695401
  0.42085940158344765  0.43146000129090867  0.44199210438853476  0.45267948100111338
  0.46335387234284353  0.47391216201486369  0.48439293214649615  0.49516650455871153
  0.50586442492058337  0.51651811263976899  0.52698077245641017  0.53766760210361331
  0.54818958277635865  0.55872859100744354  0.56905007731874546  0.57939524478128868
  0.58971260104545209  0.60007189365076041  0.61071776689272406  0.62151125025513088
  0.63222885919993577  0.64281071628911446  0.65325854437566422  0.66396066869019688
  0.67449226398659323  0.68502505087213572  0.69534164570897816  0.70546706964079486
  0.71560706742804803  0.72570163275843358  0.73620002095439363  0.74671715186665899
  0.75741128475041131  0.76804034957696310  0.77886927686901863  0.78975441629411625
  0.80042967245236651  0.81115050098878871  0.82176254745512600  0.83245761559261711
  0.84307202969786332  0.85362633048395342  0.86441627639493857  0.87514612402959668
  0.88596660134650540  0.89667536240166412  0.90719625569550844  0.91772174027449815
  0.92810611713796476  0.93845693919917672  0.94862238734799420  0.95887553384549828
  0.96916183452152904  0.97955444775304168  0.98976121072445000  1.00000000000000000
 -0.00253324656854116  0.00936757519941802  0.01954475884076361  0.03003547775212290
  0.04071088886537623  0.05092541784170300  0.06104396383030601  0.07152664565954274
  0.08218607453810484  0.09268159532453578  0.10321772283073033  0.11384251217100919
  0.12446302793892447  0.13486481754171289  0.14510283404122606  0.15560656515311283
  0.16609814456823890  0.17669612888829372  0.18745316153140662  0.19793153674467356
  0.20832965657245467  0.21867199587421920  0.22897380558944636  0.23960791707231377
  0.25053300067571677  0.26174707651833629  0.27267835376895927  0.28321572731138711
  0.29384952286836891  0.30446274688354824  0.31518651516209650  0.32589497363434283
  0.33685254055100816  0.34780892105838335  0.35852897559037061  0.36904465996130464
  0.37943465756487321  0.38982362396241793  0.40025044698012935  0.41062619440835435
  0.42103677043326104  0.43131810244080093  0.44175169200329617  0.45227571993850907
  0.46280830757296354  0.47340637863519797  0.48414825272989831  0.49521388609381661
  0.50632405834164274  0.51737488588073988  0.52825152398045516  0.53894962250361034
  0.54961797882858732  0.56031035041543775  0.57075647698128340  0.58108294248230830
  0.59171141991654519  0.60235992095159396  0.61314646164799691  0.62378695932183337
  0.63444039573582867  0.64498131868547504  0.65543953080083162  0.66600709487496512
  0.67653362218284663  0.68698030006830768  0.69747361824176413  0.70797195965835724
  0.71850052097468997  0.72877375212898465  0.73902342307270297  0.74935735833436989
  0.75992816922460849  0.77047432134045635  0.78094187996298337  0.79134224585998469
  0.80176805458984080  0.81221734922730471  0.82285102803618226  0.83359922801325437
  0.84422198587225694  0.85476917309183897  0.86527073594859627  0.87573876670930395
  0.88615194409712605  0.89673026389916655  0.90737166432242233  0.91802039675806379
  0.92833404605006520  0.93875428995512067  0.94885860219705331  0.95898802769211999
  0.96912642731590293  0.97940094814184930  0.98975277107688131  1.00000000000000000
 -0.00242384710848707  0.00925164316655744  0.01929230053888547  0.02966348772026267
  0.04003927881007191  0.05065132734011137  0.06126406211335038  0.07203428833676698
  0.08239340762712326  0.09281674423522944  0.10311868030057081  0.11363002732861333
  0.12405469487319692  0.13451055234398418  0.14494466546470511  0.15556081566671104
  0.16611304553361492  0.17671563118114625  0.18721701367535296  0.19791390778385787
  0.20852472201092356  0.21951130718582956  0.23067711769490837  0.24144252052853910
  0.25203682316307607  0.26249172381715691  0.27305463180850209  0.28351999913761389
  0.29389231490701551  0.30424095355717845  0.31466775313286827  0.32539653061935697
  0.33617118266734619  0.34694876641267597  0.35780972955618767  0.36886394772174480
  0.37977093651395749  0.39079477350430813  0.40189278650692023  0.41288001721999934
  0.42335328326699384  0.43393008195149713  0.44435094518795920  0.45487692372525101
  0.46537597598951480  0.47592966816305465  0.48647045583951459  0.49683794977048601
  0.50733658044263330  0.51798388263448003  0.52850875302872025  0.53902837901918477
  0.54939199559549223  0.55975788886869171  0.57032514776397680  0.58079317741376846
  0.59136799299655374  0.60181406736347065  0.61255699295445898  0.62310440127385724
  0.63367636992528442  0.64435902614534701  0.65516529166759496  0.66594575285024460
  0.67655712512054544  0.68707828087707556  0.69731539332327475  0.70761760579985877
  0.71797329703727031  0.72847131765672957  0.73877874459657611  0.74907009392125345
  0.75960410975133807  0.77012877596641183  0.78056587994944382  0.79092776784059970
  0.80147451732031527  0.81190572349084089  0.82234559089113135  0.83275961615875382
  0.84328596380416398  0.85400448358601666  0.86471858009111247  0.87532962284559523
  0.88563566865110632  0.89579005977265136  0.90605435046066318  0.91636257773022756
  0.92689401895275036  0.93753866994368529  0.94799495254313026  0.95837018222393788
  0.96869174926095580  0.97912394749562170  0.98949988943570755  1.00000000000000000
 -0.00239570742575360  0.00929421482159294  0.01942943995179772  0.03000838799422319
  0.04065709647579226  0.05121737219831572  0.06160976798271092  0.07191709687776790
  0.08246469070543042  0.09321762124528872  0.10397153310574266  0.11452382845953003
  0.12509808606764020  0.13572415637289462  0.14625752812464621  0.15661917334089379
  0.16673191887994365  0.17712522620616558  0.18746889855341325  0.19777089292598013
  0.20803926809298845  0.21820537743532628  0.22840391111605812  0.23881069625758267
  0.24926110611956698  0.25982219745547158  0.27038097492253033  0.28113951716608926
  0.29201503111396393  0.30251249414810510  0.31294053827515045  0.32320264725362030
  0.33358990266708466  0.34403428724102264  0.35446839160147037  0.36497324949754018
  0.37553141129516221  0.38605120644917995  0.39655988684845267  0.40700335618865963
  0.41754210930521352  0.42808563014906253  0.43874176043554014  0.44939204303497143
  0.46006856966282350  0.47077972109313898  0.48162995129525454  0.49236101607904020
  0.50303930455820922  0.51355184755618433  0.52418187439446895  0.53485961872694465
  0.54548915944179455  0.55607548603471602  0.56671312687802278  0.57757141952238444
  0.58817612581779488  0.59885469468698305  0.60972248537117713  0.62065456289518495
  0.63134643793563627  0.64182148176943121  0.65229475765501155  0.66266579012528970
  0.67311857500428141  0.68362527334026568  0.69413217207077449  0.70471850075933762
  0.71529897822345845  0.72582220043468471  0.73647489036119018  0.74706704455826589
  0.75791448140998918  0.76878691399762922  0.77998809806070180  0.79111274879850457
  0.80202961068234413  0.81295889736583304  0.82372228143180337  0.83450189184632806
  0.84510468409381767  0.85565240039792700  0.86602444059306916  0.87633391539436745
  0.88662361454496263  0.89691023115247059  0.90715518573081122  0.91734334154704134
  0.92762983995774273  0.93793708203806736  0.94831286071743504  0.95866352222540796
  0.96907400954674916  0.97946140655617064  0.98972923576520333  1.00000000000000000
 -0.00258033539406808  0.00984427204372357  0.02014889181172855  0.03081206209739093
  0.04125021470289222  0.05171548225936028  0.06215758051817910  0.07280295904055133
  0.08351874195579101  0.09422116081761182  0.10475725918469926  0.11519197085488972
  0.12565217321110669  0.13624170339158426  0.14680357008580269  0.15745828945141754
  0.16811539855707658  0.17920032605378960  0.19013523952934228  0.20087877445669347
  0.21151529793261109  0.22214632352041300  0.23258468572637891  0.24307360660855756
  0.25368061823366683  0.26469239147554852  0.27569088987119639  0.28665097237555764
  0.29735997240623468  0.30804332447283317  0.31855739804247385  0.32927294735741347
  0.33992374361348299  0.35057727818335171  0.36105092663293920  0.37145856648987419
  0.38191255826261250  0.39242998844454252  0.40296549444543162  0.41341454894440499
  0.42377800747592442  0.43392904718907344  0.44401168020873283  0.45400941610407447
  0.46427611362073851  0.47460766416654637  0.48488797502430059  0.49527076476522552
  0.50573662887726545  0.51635547104734825  0.52685487442788514  0.53733590369695317
  0.54793972508294819  0.55860491823208680  0.56907312313185876  0.57945361145998908
  0.58979101189173766  0.60012448855981260  0.61052098272322486  0.62089585765864130
  0.63128726724931816  0.64172772063657368  0.65230632218725026  0.66315642576647527
  0.67379264291294105  0.68456174121539237  0.69509075325285286  0.70566800106470517
  0.71591736511673065  0.72630066751786060  0.73660779324016790  0.74703649449460063
  0.75741315482716365  0.76779945890098589  0.77810471578573259  0.78851420867814259
  0.79919351091605328  0.80987381499473698  0.82047682877248318  0.83110073884558289
  0.84194709383573973  0.85289738517314406  0.86353513596946851  0.87432211911000446
  0.88466907371750436  0.89517804274045476  0.90556329459249885  0.91592660553907179
  0.92625346019748123  0.93656414434669844  0.94712806879020517  0.95766794715899950
  0.96823471420553875  0.97876008228846090  0.98938085751523641  1.00000000000000000
  0.00926397380626377  0.01561494767324673  0.02505178116783864  0.03568460676559367
  0.04589789146024449  0.05616406520415487  0.06644279409986242  0.07670755190135273
  0.08702377085815444  0.09741985113646985  0.10776636668614567  0.11807544623605926
  0.12849574843207431  0.13924199829342965  0.14975742637275907  0.16024814190492526
  0.17056739170233634  0.18092056792626968  0.19141183334903486  0.20184165537981572
  0.21227626809565461  0.22249583163500489  0.23287539655129966  0.24327851879540791
  0.25373769445715388  0.26403403558076116  0.27441624745608145  0.28473371667739944
  0.29511021141937610  0.30543885143741745  0.31581612595994607  0.32616304738271629
  0.33631240088461212  0.34647024140229521  0.35672595255134776  0.36725601098148414
  0.37771387702055886  0.38796216242457066  0.39809600461137007  0.40830565259618545
  0.41843938352191995  0.42858496143706237  0.43876128580291884  0.44917940607348372
  0.45966221075339325  0.47011773812847973  0.48056794366518846  0.49088069879703627
  0.50111524293034559  0.51131252872477395  0.52158138687896816  0.53190525706468983
  0.54222618474323658  0.55265866657868845  0.56307157498360327  0.57352647282242797
  0.58406110073140316  0.59464228757204840  0.60513423005375289  0.61555543654559897
  0.62598015035010979  0.63643826299777373  0.64684343595172766  0.65728258768521908
  0.66779041879459466  0.67827918955488509  0.68868336680320441  0.69898501268385560
  0.70922567763837552  0.71952540040258905  0.72993428856937648  0.74046574443916013
  0.75093219939267641  0.76131931292003885  0.77168636273233082  0.78211315540771231
  0.79261132849710569  0.80313862263663738  0.81371517590044173  0.82421730297170415
  0.83459622769895236  0.84488591796891155  0.85517619462832639  0.86553470234457730
  0.87600411188367489  0.88660623200203659  0.89725132797104501  0.90770666709154146
  0.91818677701848739  0.92871830122648369  0.93931603146479603  0.94979375846519332
  0.96033528294585624  0.97073114288915552  0.98172029053186194  1.00000000000000000
 -0.01757244394988531  0.12010925454311638  0.18269324031483680  0.22770352421951004
  0.25818302455540543  0.28126707062441419  0.30041683681323639  0.31701879590959203
  0.33202216480025704  0.34532138893577052  0.35786731903435715  0.36939054158830908
  0.38035534864004156  0.39064671938502654  0.40047053324496706  0.40980161761177952
  0.41875857482260881  0.42737038593596555  0.43573053824371433  0.44383595854786934
  0.45167613020772990  0.45931123013738739  0.46667499235244120  0.47387011066235124
  0.48090081514481092  0.48770762035718074  0.49439973524266806  0.50095554112079543
  0.50734151832320662  0.51361701089241152  0.51980904853048615  0.52586927315896304
  0.53181668648910252  0.53773419400384592  0.54352909926935900  0.54922552374967559
  0.55484868693733347  0.56040686908572035  0.56588206139930053  0.57128346694805321
  0.57664268656418172  0.58195906176449341  0.58720357131259215  0.59239515874237192
  0.59755135518304503  0.60264492683824433  0.60768976259841656  0.61269582366368869
  0.61768615476921573  0.62265610943533001  0.62759839886151580  0.63250451160288823
  0.63738047496608174  0.64224845399728947  0.64710474934438689  0.65194742126448701
  0.65678799593688475  0.66163242274249057  0.66648833232805882  0.67134897777849922
  0.67620297122325190  0.68103982093047022  0.68587289594316747  0.69072058309235362
  0.69557644868721169  0.70045136505570149  0.70534481055601350  0.71029695607652255
  0.71529646654906620  0.72031548866168416  0.72535959073961043  0.73045824346164312
  0.73562774992263735  0.74085990497840803  0.74615312234223174  0.75154750091211897
  0.75708015923225958  0.76266945329111757  0.76833237864611614  0.77415427961649363
  0.78022546261815839  0.78639273137505050  0.79274750419418372  0.79940824737242666
  0.80621865859480513  0.81339491564528477  0.82098872847006410  0.82900382259028693
  0.83768197573497871  0.84706927979559488  0.85754640759381962  0.86930754118792530
  0.88339758981915106  0.90116640829111283  0.92999319332643438  1.00000000000000000
   2.4770118847500006E-039  -1.0000000000000000     
 F F F F F F F F F F F F F F F F T T T T T T T T T T T T T T T T T T T T T T T T T T T T T T T T F F F F F F F F F F F F F F F F F F F F F F F F F F F F F F F F T T T T T T T T T T T T T T T T T T T T T T T T T T T T T T T T F F F F F F F F F F F F F F F F
  <DiscreteSampler_grid>
  grouped_processes
  1 # 1 for a reference and 2 for a running grid.
  10 # Attribute 'min_bin_probing_points' of the grid.
  1 # Attribute 'grid_mode' of the grid. 1=='default',2=='initialization'
  0.0000000000000000 # Attribute 'small_contrib_threshold' of the grid.
  0.5000000000000000 # Attribute 'damping_power' of the grid.
 # binID   n_entries weight   weight_sqr   abs_weight
    31   10   9.940919614728437E-026   2.315614057419197E-050   9.940919614728437E-026
    32   10   9.940919614728430E-026   2.315614057419194E-050   9.940919614728430E-026
    34   10   9.940919614728437E-030   2.315614057419198E-058   9.940919614728437E-030
    35   10   9.940919614728429E-030   2.315614057419194E-058   9.940919614728429E-030
    37   10   9.940919614728437E-030   2.315614057419198E-058   9.940919614728437E-030
    38   10   9.940919614728429E-030   2.315614057419194E-058   9.940919614728429E-030
    40   10   9.940919614728437E-026   2.315614057419197E-050   9.940919614728437E-026
    41   10   9.940919614728430E-026   2.315614057419194E-050   9.940919614728430E-026
    43   10   9.940919614728440E-026   2.315614057419198E-050   9.940919614728440E-026
    44   10   9.940919614728430E-026   2.315614057419193E-050   9.940919614728430E-026
    46   10   9.940919614728437E-030   2.315614057419199E-058   9.940919614728437E-030
    47   10   9.940919614728429E-030   2.315614057419194E-058   9.940919614728429E-030
    49   10   9.940919614728437E-030   2.315614057419199E-058   9.940919614728437E-030
    50   10   9.940919614728429E-030   2.315614057419194E-058   9.940919614728429E-030
    52   10   9.940919614728440E-026   2.315614057419198E-050   9.940919614728440E-026
    53   10   9.940919614728430E-026   2.315614057419193E-050   9.940919614728430E-026
  </DiscreteSampler_grid>
