  0.00748081053187449  0.01443904877302519  0.02403541247403317  0.03478463642032866
  0.04523359353911732  0.05557067848609997  0.06590427438703905  0.07615232380143395
  0.08646816085899751  0.09669459413153175  0.10700479273681666  0.11737713138320387
  0.12765452102726227  0.13816220710782248  0.14871743402678234  0.15962896822954023
  0.17025730055319685  0.18072438864884241  0.19116330398543210  0.20166528921866123
  0.21214655896424101  0.22267975591516484  0.23327539688131063  0.24387688492476217
  0.25443062426610114  0.26491537089781103  0.27560053715160843  0.28614114568555138
  0.29658563275481681  0.30677417848153565  0.31713615232123255  0.32739173483798234
  0.33760569412014574  0.34770344565694217  0.35798488401761253  0.36854689495585913
  0.37911387589589057  0.38961878300581870  0.40007948997543635  0.41071466826975106
  0.42134075321406650  0.43187094736526643  0.44223398400059744  0.45273805305552622
  0.46320763911549101  0.47366057064765471  0.48404646075337526  0.49449876748743565
  0.50507486437893256  0.51563130152817904  0.52630351857561164  0.53699260351734313
  0.54776604880705093  0.55846324456020946  0.56885798728915671  0.57911937127265734
  0.58931082734000650  0.59964110955914784  0.61000498851841201  0.62042992012146492
  0.63090685392744472  0.64139961775516108  0.65169417512730721  0.66197994511592240
  0.67223554696844856  0.68251602162130431  0.69274633843386291  0.70299686610013545
  0.71337491455698721  0.72380018229537491  0.73424345189039775  0.74473223517316867
  0.75514548582145236  0.76563001642500006  0.77602760666415893  0.78656409206306643
  0.79700693518888233  0.80740149957949769  0.81778212996652722  0.82829936528736015
  0.83898866228841529  0.84959900059343418  0.86005546231739560  0.87065529433935873
  0.88140054928697142  0.89221599418689923  0.90277626117222320  0.91318990405044242
  0.92370332624524343  0.93437919501279398  0.94494570877836426  0.95550212503292464
  0.96605063364016919  0.97690513054761097  0.98825205705931163  1.00000000000000000
  0.00730930331673195  0.01559914234739957  0.02614552681468031  0.03713748577457958
  0.04764510420314537  0.05805091780403854  0.06853381693987148  0.07904880617844148
  0.08946597334033590  0.09979806861991031  0.11004632123155560  0.12034128792155636
  0.13060159082514300  0.14099613111723500  0.15137374965985784  0.16183326748496193
  0.17223591771540933  0.18271767959785665  0.19320826833620400  0.20365869183317667
  0.21403676622964968  0.22437306161597542  0.23472186034873616  0.24492060060511195
  0.25504804421816590  0.26519706596569426  0.27531839052388535  0.28543680753221878
  0.29562938109898435  0.30615023039619255  0.31673325374976752  0.32710808077609843
  0.33736956727150408  0.34764541303037311  0.35804834666905816  0.36836836906390386
  0.37874716655658613  0.38915504412290625  0.39967288445245175  0.41025607602466035
  0.42082198681803734  0.43137537518805369  0.44189164621412713  0.45241139756836701
  0.46287861922794843  0.47335973231636630  0.48386513277146659  0.49429093259029017
  0.50460322236852773  0.51481867125791503  0.52518056318268647  0.53566437324647509
  0.54616516036142482  0.55669242687867115  0.56724239781473962  0.57787553630433985
  0.58839098827086600  0.59869074238237785  0.60893845334806884  0.61926036626164815
  0.62978965867033365  0.64045411280041709  0.65107929005074128  0.66152127785171322
  0.67185407393206242  0.68212237149284971  0.69245507458606281  0.70275749212904615
  0.71302904386405264  0.72325174639634948  0.73342067737431038  0.74360902500399895
  0.75393212744675675  0.76434384075498973  0.77468535795699489  0.78491720683006316
  0.79516741424764925  0.80540275945988038  0.81565940484668986  0.82581155503908810
  0.83601159743977904  0.84623529516186580  0.85651284779834513  0.86681398215447636
  0.87721994603596343  0.88760309710180763  0.89804187832322935  0.90828552557116438
  0.91855635419600246  0.92882070521042037  0.93916475103323205  0.94958928359808459
  0.96005843684064407  0.97052722902366084  0.98136821680955444  1.00000000000000000
 -0.00255505100202985  0.00937857460743368  0.01970015832991513  0.03032714112608127
  0.04099273833785737  0.05144648903548146  0.06191112756700747  0.07244948104869092
  0.08294724902865294  0.09367850161326642  0.10436390974937558  0.11515150181143534
  0.12602722732486843  0.13695007221404032  0.14773372077048155  0.15843227957797806
  0.16902230934541826  0.17965480552916074  0.19028107573165384  0.20105128465371033
  0.21172441595774011  0.22234065578279183  0.23290379574841530  0.24352895005998221
  0.25405244683750627  0.26447379125531328  0.27483058458835868  0.28519836978079116
  0.29567965089188586  0.30618693994545454  0.31658323216520906  0.32685726563763789
  0.33713543522623057  0.34753242186374317  0.35801840480961650  0.36850693729338596
  0.37906104996480156  0.38968032909054162  0.40033115713300865  0.41084736314543596
  0.42134202296650114  0.43172115776996745  0.44208038163734398  0.45246834167738176
  0.46307874326806614  0.47365803949722429  0.48405459094360609  0.49432170972319234
  0.50457511545835854  0.51484919102893401  0.52500731749632013  0.53528134887109968
  0.54562379713016307  0.55613345608068432  0.56650848391763275  0.57693250292724896
  0.58728654365209965  0.59779870457669770  0.60836264131014794  0.61889360679622385
  0.62949638820104803  0.64010181598015958  0.65074649827378150  0.66142016195682796
  0.67192262660059665  0.68247492198553150  0.69301592737074103  0.70360096740821376
  0.71424403442395490  0.72485219525108802  0.73545263341275202  0.74605768565343977
  0.75657427721149584  0.76703435766461980  0.77743692907799899  0.78785338539643635
  0.79840912503734418  0.80890523504791634  0.81940990105434675  0.82980076519501678
  0.84035949988229675  0.85095508605492265  0.86150011489843015  0.87199415385263923
  0.88256155821748539  0.89326150710004681  0.90398775579126789  0.91447079010871080
  0.92515231054798186  0.93586172451587246  0.94668917463568647  0.95737513737788826
  0.96806018498955382  0.97880122971928685  0.98942952037817766  1.00000000000000000
 -0.00241274130857872  0.00924957019764248  0.01923622321958958  0.02982305925378421
  0.04051767797686800  0.05149412581531457  0.06226301461835149  0.07284831614133246
  0.08335348073735496  0.09390996266501093  0.10448683417775281  0.11499660855972239
  0.12545663326943793  0.13604582441295252  0.14670635804897231  0.15721836217345461
  0.16764147148729155  0.17800760893440135  0.18834996780024310  0.19873738416353004
  0.20910977425647395  0.21953558966011663  0.23012442294141605  0.24080226825937781
  0.25157352001052019  0.26229229935438236  0.27294266966355468  0.28371612777358074
  0.29434120964477528  0.30497312753075484  0.31550632119217331  0.32606917173033406
  0.33675239193689055  0.34756789565688623  0.35831275284195296  0.36896499350546502
  0.37945899624683543  0.38986883009807899  0.40014283719458843  0.41038819806399679
  0.42061485137438470  0.43102269604277582  0.44153161202274183  0.45220500623229276
  0.46291035476655384  0.47370784453719428  0.48440618556008497  0.49487846354366616
  0.50537470335557333  0.51601134270808102  0.52682484837036980  0.53748217363321205
  0.54810588661658466  0.55874677313471810  0.56928476776532400  0.57967395113049025
  0.59007381774524559  0.60050668661470141  0.61096343852336832  0.62130034305818194
  0.63169003553086256  0.64212516200886061  0.65253486318389475  0.66286300434905177
  0.67321169889188370  0.68343247265005369  0.69389571611859291  0.70440334254570192
  0.71513833243574931  0.72577720312092098  0.73624990531732648  0.74657756108824946
  0.75689371696285812  0.76714875207546729  0.77743738749829172  0.78776931305636899
  0.79842767720984875  0.80920707638901701  0.82008636686701875  0.83080609118514370
  0.84151106909917262  0.85216609751627304  0.86283499926197527  0.87363205200487204
  0.88430888806942431  0.89514642450916049  0.90566040520497049  0.91617090945849222
  0.92647376958576599  0.93686661093969514  0.94733158785692562  0.95787257044395713
  0.96846438767272791  0.97890471243429467  0.98946685420431213  1.00000000000000000
 -0.00241418969399078  0.00955741477618707  0.01976654707253443  0.03036247186843156
  0.04102381794788226  0.05170225784069939  0.06233120551691285  0.07296624596326737
  0.08342107123446918  0.09408284624863092  0.10474216493652645  0.11545486727416923
  0.12599549354580553  0.13646713450501838  0.14702343029114190  0.15751490906680310
  0.16794288119641271  0.17831277373325197  0.18867474262403830  0.19917433151033181
  0.20970019656284172  0.22027985751127269  0.23083840296033140  0.24141645678054505
  0.25195885590360573  0.26244006582623408  0.27286316388097231  0.28337699071822853
  0.29387242531235408  0.30444244689056632  0.31505634729000159  0.32585850666298266
  0.33655073725043821  0.34709648588638914  0.35750383337491781  0.36792419270759930
  0.37831686925617358  0.38878094967551896  0.39924318917078638  0.40969213613673727
  0.42013160029235758  0.43060766010174450  0.44116910268579956  0.45155453984140076
  0.46192922467943526  0.47243323197180759  0.48317688786836105  0.49393876763548183
  0.50459777947845952  0.51504568561391828  0.52560614436523423  0.53612427144527586
  0.54682750082924048  0.55737056320486367  0.56794163393714581  0.57832241156613251
  0.58859600468270301  0.59878538474733278  0.60914955484298705  0.61976958976805685
  0.63036376647539771  0.64093636515714913  0.65145010220333199  0.66210075448699057
  0.67273337371131114  0.68346246529861943  0.69437651524240340  0.70538107004736017
  0.71609007059968688  0.72674359948705081  0.73728821805334999  0.74800462117452116
  0.75835823531337476  0.76870301317125145  0.77912839722327598  0.78969364116713114
  0.80025655505949789  0.81082482047836624  0.82122991992906225  0.83169159929263947
  0.84211913377517800  0.85253036307260233  0.86295841469992829  0.87349827569107485
  0.88421979363439707  0.89483998380917795  0.90519803604907711  0.91567126275818889
  0.92620049570697294  0.93676500680980179  0.94716865907349457  0.95763012065029929
  0.96822153423509438  0.97883807831185710  0.98939399045743515  1.00000000000000000
 -0.00241931097108209  0.00920856553704213  0.01939208032399363  0.02987772796512218
  0.04050719217992755  0.05101593200573324  0.06158628850219225  0.07211789369315819
  0.08260213375364128  0.09317221539219646  0.10364139800913384  0.11397490028284159
  0.12433435833723830  0.13487808910595900  0.14537572202050258  0.15591557222265717
  0.16640320349420237  0.17701880239225062  0.18749637882122425  0.19804817281795570
  0.20856770537458094  0.21923838453002190  0.22986984015443462  0.24045706781557716
  0.25097756531700721  0.26149495713448673  0.27197857981573925  0.28259410318350914
  0.29323697119191300  0.30398613131129842  0.31459988886300627  0.32507134272323013
  0.33565842191752304  0.34620607348485583  0.35685749084264373  0.36746901154381933
  0.37819084701320960  0.38883143298250561  0.39934719629253590  0.40971041915430545
  0.42019125354689246  0.43082331627961029  0.44147717913641421  0.45207562042903371
  0.46254357066112312  0.47305418913306224  0.48352849500520334  0.49401446392985632
  0.50459315540729033  0.51509758566502239  0.52551673954601785  0.53590404327700225
  0.54635388074930991  0.55693566773291425  0.56747962758319970  0.57799084468917594
  0.58839131875151418  0.59886369286505270  0.60943805221471026  0.62022274626053020
  0.63100372849588793  0.64157034733313001  0.65207115545745931  0.66242933701452200
  0.67298923265446575  0.68340430738164759  0.69397801721573071  0.70471497364368729
  0.71542875928113325  0.72619846446420633  0.73680124748941611  0.74749148910864038
  0.75797728330364167  0.76851363599297073  0.77896407200734352  0.78944644433617517
  0.79992377774432177  0.81053551071428542  0.82090264342009922  0.83125568492179602
  0.84142567849230387  0.85164897721898403  0.86194742563340909  0.87235002143065354
  0.88277888923032066  0.89325456639707335  0.90393784193993199  0.91464174475578175
  0.92505731545336423  0.93535972723136496  0.94598526145299866  0.95675699515822010
  0.96758029509818644  0.97829972393244902  0.98917379699963071  1.00000000000000000
 -0.00243203057907263  0.00925915488407062  0.01923814417657869  0.02968011524919737
  0.04033491772177498  0.05081422309934917  0.06114160940061308  0.07131569222057629
  0.08151946363173279  0.09192888305079133  0.10240410787403122  0.11288316429527059
  0.12342872236911476  0.13414519792137813  0.14484869563328126  0.15540851935195354
  0.16593903842324173  0.17691563639864336  0.18785769924465145  0.19876751991811797
  0.20956798451886299  0.22030127381087408  0.23100054701797720  0.24154413449847426
  0.25214300103094067  0.26268910970274556  0.27337560506625774  0.28411142597198918
  0.29477538688845423  0.30532354969412923  0.31587570866595943  0.32635848487294600
  0.33697178647869069  0.34763178557713753  0.35824730538095279  0.36866768645476328
  0.37900257494310946  0.38932946228059123  0.39976126047694083  0.41017498221393978
  0.42068584580315899  0.43119075958090269  0.44170662309308240  0.45212880648319481
  0.46263172326534180  0.47312380149430222  0.48354487421941950  0.49399992295727957
  0.50458390112356089  0.51531463783825737  0.52601075748231230  0.53663785436482980
  0.54725152009750200  0.55787698275151520  0.56839949607557727  0.57881234380236479
  0.58928937345042609  0.59971723681546774  0.61023967876551710  0.62080391740679164
  0.63147231282472549  0.64215138897219992  0.65255046689955309  0.66295370945486432
  0.67338588091654772  0.68382696246086361  0.69449626350264093  0.70516138912888338
  0.71597776457010531  0.72654769652525220  0.73715579388650632  0.74776452175141428
  0.75832375421649656  0.76882966618461768  0.77938755557062089  0.78990609181615279
  0.80040481169018385  0.81085401932335099  0.82127300318707697  0.83175869746539843
  0.84222350295728932  0.85261888379649453  0.86302786974377954  0.87335395188568421
  0.88390606619682033  0.89445077845151710  0.90518256472020031  0.91586915779490630
  0.92646474297086412  0.93704667141431508  0.94749535771822802  0.95787412028656582
  0.96832608357686645  0.97868731714362267  0.98928576029054671  1.00000000000000000
 -0.00267650924689459  0.00999713192824340  0.02065768659551494  0.03140609476039009
  0.04230151540658860  0.05313822389621563  0.06396194840180836  0.07446907949489616
  0.08491418171445650  0.09540689363318913  0.10601096713131392  0.11657580834933749
  0.12710510655211033  0.13771235871967735  0.14840014659016101  0.15928021822037788
  0.16999660188960236  0.18054203170748073  0.19087657896596652  0.20113278268347978
  0.21151085324252006  0.22187908305604934  0.23234638414645561  0.24287186764427518
  0.25347048644873782  0.26413718980346151  0.27483651766480560  0.28556846727912033
  0.29602128309079290  0.30632712855936500  0.31657992773252935  0.32679610848476953
  0.33699817296791590  0.34719085778325343  0.35762442399797889  0.36827431727220195
  0.37899675763600188  0.38976966002313029  0.40031626303218382  0.41080735524651546
  0.42130654048482791  0.43195662029242254  0.44257679359031415  0.45315930241271973
  0.46369424216921573  0.47424183161122629  0.48475340247279408  0.49531383714654065
  0.50578384484549710  0.51625132973590993  0.52673110286121483  0.53721912238881442
  0.54754101368317276  0.55787426636933002  0.56835144749095168  0.57885987428364294
  0.58936762419044120  0.59986748236866805  0.61026468964869818  0.62065081970724267
  0.63102728380820172  0.64134970855355256  0.65168464197786991  0.66201331176958700
  0.67260914408583172  0.68343351252611206  0.69416695872928225  0.70498586554665654
  0.71549843340456154  0.72605120539037027  0.73664634102642446  0.74729283555830561
  0.75784295330511020  0.76829823173613565  0.77869923581115930  0.78917185083162766
  0.79958431978583355  0.80996985599877847  0.82039510550776495  0.83081633792858556
  0.84137715659517875  0.85186858261479270  0.86237631519334845  0.87291895157829258
  0.88357294578111201  0.89427619380632006  0.90476719169779474  0.91528804306524292
  0.92599353298652998  0.93675981251449114  0.94741947837005447  0.95788782873332146
  0.96843542681246320  0.97900228660336353  0.98947938367008914  1.00000000000000000
  0.00855898897365724  0.02671851903167695  0.04220685375457767  0.05452532105640345
  0.06579324629191624  0.07673862447053358  0.08752042179957262  0.09813207300929332
  0.10858956170647116  0.11890039464615100  0.12920748570082391  0.13954405681521548
  0.14992701438295522  0.16031175713792933  0.17066405405529592  0.18094962334004777
  0.19114499526643094  0.20130465568892555  0.21146830905085492  0.22166069709015188
  0.23188347730164349  0.24213713972353124  0.25239248450098334  0.26264968864431054
  0.27289403423738928  0.28311757390162046  0.29337103496405437  0.30377121778458638
  0.31427916837018760  0.32482709389371267  0.33534660807470612  0.34586621612087676
  0.35633748939570603  0.36676742601153556  0.37718427218657008  0.38763854335500852
  0.39812113613704875  0.40848322487131722  0.41876444124347667  0.42901113523356682
  0.43932358756753309  0.44964057146112224  0.45991208267743788  0.47014723857899349
  0.48045173908818312  0.49084506693122393  0.50126132676539659  0.51161205819106070
  0.52183459211760452  0.53196880282705261  0.54198883299860179  0.55202804220351620
  0.56218753898554719  0.57243920714332863  0.58262458557785679  0.59279439922647692
  0.60293807522142406  0.61298351326378298  0.62295070725084389  0.63298882500830722
  0.64318012758496190  0.65344836218207281  0.66374610373544496  0.67403182787174198
  0.68441807890746209  0.69485595976906611  0.70531579040047587  0.71554775544911142
  0.72562677822327015  0.73572197784801463  0.74586980666791103  0.75597100662066075
  0.76590201682376557  0.77582024507671332  0.78572351431856025  0.79552340345765793
  0.80531863778326029  0.81506765578486451  0.82515718779276814  0.83520814949389299
  0.84539865591365959  0.85546562583763286  0.86562180686888401  0.87575110857585103
  0.88587370448579317  0.89597002562598826  0.90591937119697596  0.91605326728348224
  0.92603653814650089  0.93603060917393299  0.94595624331293027  0.95583955310337732
  0.96608992727356280  0.97635281851843680  0.98780239072330145  1.00000000000000000
 -0.01971745073890479  0.12254168283218765  0.16778167619067999  0.19694207473874442
  0.22103354530236138  0.24161269161018964  0.25983244322956534  0.27635777120402627
  0.29171255544704044  0.30609250487903827  0.31960323020092174  0.33241243098283219
  0.34462673846605046  0.35637041803295760  0.36764906077214393  0.37855699279099064
  0.38907813029497734  0.39928829778893699  0.40916532097506042  0.41883375392742744
  0.42822055084802574  0.43739919776030706  0.44635829793024656  0.45515189203529421
  0.46378069612247408  0.47218097873082521  0.48044865902945327  0.48853779753196441
  0.49652925758134475  0.50437594371987760  0.51204385508704731  0.51962572303161014
  0.52705947132127384  0.53445763464038065  0.54176137022052928  0.54891813629121311
  0.55595898092583951  0.56289275613760592  0.56971442826753549  0.57646098557917036
  0.58313467103176020  0.58971671863621133  0.59622096956664661  0.60265224908984316
  0.60897879287929768  0.61520676185061607  0.62138450766000197  0.62748442794693737
  0.63352778444376490  0.63952537900439721  0.64550611541360103  0.65135736341813966
  0.65718715864114841  0.66298266529031313  0.66870376985169655  0.67436148804002938
  0.67997867236068210  0.68557908619773678  0.69116586431733762  0.69670214760452909
  0.70220729850814922  0.70766731857484111  0.71309942893936584  0.71849763683255430
  0.72390823117480452  0.72931123711323631  0.73472710735519897  0.74013976559811212
  0.74553245856679806  0.75091154625310785  0.75628632066055645  0.76165952448838625
  0.76706088061784683  0.77249907741783674  0.77799955528737597  0.78351268415536746
  0.78906417640457716  0.79469786257401853  0.80043988729311077  0.80625210077837994
  0.81214864272498422  0.81817725670663799  0.82433094907737570  0.83061532024406948
  0.83713335699743574  0.84390193377759914  0.85091973464819259  0.85834469386052314
  0.86633826896142874  0.87472111558180798  0.88406047070905380  0.89441774359805293
  0.90663268657037488  0.92210366219140616  0.94571563204625253  1.00000000000000000
   4.5541314970077906E-004  -1.0000000000000000     
 F F F F F F F F F F F F F F F F T T T T T T T T T T T T T T T T T T T T T T T T T T T T T T T T F F F F F F F F F F F F F F F F F F F F F F F F F F F F F F F F T T T T T T T T T T T T T T T T T T T T T T T T T T T T T T T T F F F F F F F F F F F F F F F F
  <DiscreteSampler_grid>
  grouped_processes
  1 # 1 for a reference and 2 for a running grid.
  10 # Attribute 'min_bin_probing_points' of the grid.
  1 # Attribute 'grid_mode' of the grid. 1=='default',2=='initialization'
  0.0000000000000000 # Attribute 'small_contrib_threshold' of the grid.
  0.5000000000000000 # Attribute 'damping_power' of the grid.
 # binID   n_entries weight   weight_sqr   abs_weight
    31   10   1.341563852637837E+008   3.899050239136898E+016   1.341563852637837E+008
    32   10   1.341563852637836E+008   3.899050239136894E+016   1.341563852637836E+008
    34   10   1.341563852637836E+004   3.899050239136895E+008   1.341563852637836E+004
    35   10   1.341563852637836E+004   3.899050239136894E+008   1.341563852637836E+004
    37   10   1.341563852637836E+004   3.899050239136895E+008   1.341563852637836E+004
    38   10   1.341563852637836E+004   3.899050239136894E+008   1.341563852637836E+004
    40   10   1.341563852637837E+008   3.899050239136898E+016   1.341563852637837E+008
    41   10   1.341563852637836E+008   3.899050239136894E+016   1.341563852637836E+008
    43   10   1.341563852637836E+008   3.899050239136898E+016   1.341563852637836E+008
    44   10   1.341563852637836E+008   3.899050239136894E+016   1.341563852637836E+008
    46   10   1.341563852637836E+004   3.899050239136897E+008   1.341563852637836E+004
    47   10   1.341563852637836E+004   3.899050239136894E+008   1.341563852637836E+004
    49   10   1.341563852637836E+004   3.899050239136897E+008   1.341563852637836E+004
    50   10   1.341563852637836E+004   3.899050239136894E+008   1.341563852637836E+004
    52   10   1.341563852637836E+008   3.899050239136898E+016   1.341563852637836E+008
    53   10   1.341563852637836E+008   3.899050239136894E+016   1.341563852637836E+008
  </DiscreteSampler_grid>
