  0.00945281814080998  0.01579119810113932  0.02446839624372130  0.03473301828559956
  0.04484489586002076  0.05508529219462655  0.06522846426891689  0.07526809832193486
  0.08539099525201196  0.09558176329390215  0.10572480505372385  0.11585321847995304
  0.12602834858056469  0.13649464029279040  0.14693039734277641  0.15735951824307581
  0.16772525487347181  0.17816690732352136  0.18863396478242103  0.19885416611310414
  0.20913851236038905  0.21937750528509406  0.22972532488074063  0.23993373394527079
  0.25014430147590588  0.26019524467916300  0.27028419773487539  0.28040681139564488
  0.29073356857532789  0.30123752664789077  0.31182859218293923  0.32231805402718505
  0.33288509436691271  0.34343962272273931  0.35398762594259670  0.36422536890812535
  0.37435109791636267  0.38439553224412004  0.39448502870740121  0.40460260377077212
  0.41485662005718488  0.42524488209574934  0.43571151496655663  0.44616774374073692
  0.45661542084771650  0.46701429214344520  0.47745069932971701  0.48799289766589504
  0.49859693045862113  0.50900906133853774  0.51932216926779651  0.52951656626248111
  0.53970361719349547  0.54986470045121338  0.56007337988635797  0.57050355507914219
  0.58094638137790611  0.59150654984396145  0.60210335533148585  0.61275210515724132
  0.62338577275262541  0.63384547896940502  0.64418394633625820  0.65443977787066265
  0.66470055200652989  0.67498582151824593  0.68530668273149309  0.69573150302556774
  0.70617925875450349  0.71650485162801580  0.72670650487609190  0.73694007998371702
  0.74725292983271885  0.75747647269826712  0.76757902683071788  0.77777708156038861
  0.78819655536712030  0.79874487266016825  0.80933151352961019  0.81993656961890526
  0.83054207454483808  0.84116201162510451  0.85173921970475164  0.86241334697809791
  0.87307491446175489  0.88378622103459792  0.89466656782905873  0.90566672856107555
  0.91680752033198465  0.92770330289994107  0.93864268940603823  0.94919395853236233
  0.95986638281525638  0.97016585145588130  0.98074878832155066  1.00000000000000000
  0.00740348947746167  0.01513770058448903  0.02536145950701054  0.03626726442029595
  0.04680531536762519  0.05743580232247271  0.06800204551462372  0.07830754948554605
  0.08877482767474415  0.09928717697605519  0.10999085243176739  0.12058730722744854
  0.13119937219410707  0.14178867170514803  0.15239154269287991  0.16281724202460784
  0.17326517761404983  0.18354951255387494  0.19391335628084277  0.20409823553414655
  0.21438769913986536  0.22469478287575098  0.23505219313579692  0.24523941703762797
  0.25543098301702749  0.26567154496808532  0.27602625705250750  0.28649327150877840
  0.29694497950828147  0.30732139261471508  0.31765053968410972  0.32799605960876255
  0.33840077575619248  0.34901871390324357  0.35958590514617805  0.37011591790482490
  0.38047289655116295  0.39098378255989819  0.40160619567191763  0.41215063836855770
  0.42263525112796807  0.43293917619410677  0.44320488021930188  0.45349002782145759
  0.46380184634233840  0.47414002465127009  0.48438814414870468  0.49469873982225754
  0.50505332390233426  0.51543844840522990  0.52577296941357654  0.53610067157443420
  0.54650984191296692  0.55695781996056548  0.56731984679375536  0.57762254120431245
  0.58792842964164527  0.59828959548692418  0.60858184918880731  0.61879210597810108
  0.62902125190033809  0.63938748966745951  0.64984055932462903  0.66034750013945043
  0.67097340609867384  0.68165552442857824  0.69227427844508049  0.70277796230385137
  0.71327441490131016  0.72379585079203224  0.73424319316202213  0.74465650513136161
  0.75513885472883413  0.76570967682591606  0.77622975432914332  0.78668841858895977
  0.79718196327800139  0.80775566250881425  0.81834613258789268  0.82880784407138819
  0.83925550362391155  0.84963587605548097  0.86001786527307356  0.87025682638272839
  0.88046551586721811  0.89076521851409762  0.90107262049719083  0.91139358790615399
  0.92165557513529617  0.93178522144433873  0.94178483346850794  0.95157004607997242
  0.96141888235679529  0.97131096356820812  0.98117270599578366  1.00000000000000000
 -0.00258028338281945  0.00970945976579681  0.02010716658004390  0.03062766656237327
  0.04122713407382727  0.05165615670012211  0.06207645155949824  0.07270002700324323
  0.08338509435510937  0.09410127311845820  0.10489355594833413  0.11575655940700925
  0.12659235133298505  0.13718763885482294  0.14781208621396161  0.15836756465038476
  0.16903595653282608  0.17970229182293906  0.19031615886428124  0.20083985885236674
  0.21134236903460243  0.22191710060303738  0.23241492561781765  0.24282697084085508
  0.25324595448417409  0.26370777840674042  0.27423532614273199  0.28477115718941104
  0.29515694815191129  0.30553680759493373  0.31608668825991548  0.32682881065050451
  0.33742704936635065  0.34774613931645010  0.35816532448908006  0.36864496010618142
  0.37919696593469332  0.38966001660805116  0.40016982315694272  0.41063332828012949
  0.42113943238509488  0.43156888426167378  0.44188937492339198  0.45208980551684663
  0.46237363579483381  0.47274978212609942  0.48317409498655534  0.49342794334595885
  0.50367874660419953  0.51424902776936410  0.52480117755571654  0.53552377269969198
  0.54616010764298994  0.55694544248368216  0.56760449238372157  0.57831944167656979
  0.58903960718395609  0.59969400395324057  0.61014035442523229  0.62063178660890272
  0.63107183494406482  0.64141177355311541  0.65176729389206833  0.66221169965845139
  0.67258067211492856  0.68288881494777820  0.69322073730507072  0.70354012872225125
  0.71378771908864080  0.72378616413407182  0.73404122160714447  0.74450842104973836
  0.75524606193267563  0.76589624487849439  0.77646844085692424  0.78693290137972027
  0.79732814139488095  0.80759531387552586  0.81800038565167055  0.82847293328636840
  0.83931300896658745  0.85024414789831304  0.86130979646121175  0.87246960024726883
  0.88345298623595403  0.89450264301432980  0.90490883589645532  0.91544652207777255
  0.92590290063416836  0.93653429558467383  0.94709837172729328  0.95755332421592776
  0.96801210615242639  0.97869825955001166  0.98933208423500196  1.00000000000000000
 -0.00251019546428025  0.00971577066724269  0.01996314423066085  0.03058937078688259
  0.04115617005417262  0.05174256537268242  0.06226806469896824  0.07275718951542894
  0.08328000042646236  0.09373163658963303  0.10421855652318636  0.11466075159985065
  0.12511061126051401  0.13545184326169332  0.14582645397387234  0.15625358394412761
  0.16662581943221585  0.17697887575567220  0.18729095934277737  0.19791476219678480
  0.20840330818717978  0.21888281413468064  0.22922944517159483  0.23992156191237593
  0.25070640918944626  0.26154308571133988  0.27232816277783106  0.28296643625595425
  0.29359609951978255  0.30413988729864683  0.31473508845006898  0.32516948064593831
  0.33579429927111654  0.34633951429038390  0.35695264589247994  0.36740219482394193
  0.37796620152827753  0.38860026381574392  0.39914268343284248  0.40959323851397861
  0.42005160740614789  0.43054323426727453  0.44078190000358008  0.45089493404380188
  0.46112941040672850  0.47170346436888849  0.48222992844738816  0.49280358151997028
  0.50343304799635669  0.51422368696908727  0.52489180955993453  0.53543430030281336
  0.54594516988657560  0.55636224894345365  0.56677918404035021  0.57722456317186011
  0.58780008165161790  0.59846103873333067  0.60907182511780156  0.61961426211887682
  0.63018859301711472  0.64087281785707806  0.65153497522170256  0.66225354676821557
  0.67297928746742497  0.68373709109730718  0.69424522041564130  0.70471240765057019
  0.71524032046720565  0.72574529513872199  0.73628971159685053  0.74693856277807891
  0.75773537872441232  0.76857283117462749  0.77925783432736817  0.78987272499290451
  0.80030526759096132  0.81074746077693594  0.82107151595346795  0.83152736188329857
  0.84181284458990735  0.85216132932511113  0.86236986209145960  0.87260836757746163
  0.88284656542078210  0.89322713074142523  0.90386301295365623  0.91457924944980340
  0.92513633512143290  0.93568391359503356  0.94638535035214866  0.95726054793149773
  0.96792064119366150  0.97862682414806113  0.98932553528163347  1.00000000000000000
 -0.00242850724828610  0.00976519741120708  0.02005029358702040  0.03070496680242466
  0.04130747707463311  0.05194740442301474  0.06263504643217596  0.07326371123780176
  0.08380619711099410  0.09432699085047774  0.10479427409402550  0.11534418397892558
  0.12596903794282466  0.13660259791158758  0.14705803311165233  0.15743284555657189
  0.16770564549725095  0.17816010932834583  0.18863340845814935  0.19918183055722080
  0.20968665056302677  0.22016810998516567  0.23076552705198225  0.24116918840615775
  0.25167151175277075  0.26217373230301239  0.27269469957672099  0.28305699457138855
  0.29337387006874766  0.30387559900050126  0.31436454700009236  0.32486901435277532
  0.33539679834593206  0.34604065866077338  0.35651448060375296  0.36691394824813955
  0.37733863873838902  0.38759970588552389  0.39795303901768059  0.40850535194932280
  0.41895695804493349  0.42925146250436402  0.43955628232569904  0.45031843864848004
  0.46100901355107760  0.47149977911595725  0.48198589600997738  0.49251014805755933
  0.50294796501832606  0.51310705091451303  0.52336204720363266  0.53361446547022184
  0.54399899477489633  0.55440258837400391  0.56487511411414026  0.57535516215731530
  0.58583131734029759  0.59625063534832534  0.60669210618357261  0.61743732581939292
  0.62822330029092011  0.63897606137760954  0.64950088721381283  0.65995242597778614
  0.67048913567452428  0.68103646300496590  0.69168625753631596  0.70240286188637713
  0.71319484191588800  0.72408679960185129  0.73481378149252996  0.74548873562752893
  0.75618600042299533  0.76684700080166657  0.77750139580875621  0.78801894689365026
  0.79873134970335979  0.80948810841349594  0.82000702146566762  0.83044198286925708
  0.84084863522744846  0.85140953486784188  0.86188860233018028  0.87231639118948578
  0.88292690734208179  0.89352156734578569  0.90430843095509972  0.91494354492324526
  0.92565265857111589  0.93615025125492290  0.94664562457797330  0.95717929671527058
  0.96790917770363238  0.97876169021777060  0.98941857625140051  1.00000000000000000
 -0.00247382973512812  0.00986164117398292  0.02007860014213469  0.03048265456183828
  0.04071146118596904  0.05109860565458325  0.06174160983572861  0.07188576440970654
  0.08200519755683185  0.09226324826411145  0.10270220089790560  0.11317436923054365
  0.12346801641883691  0.13386528370230566  0.14426928191762792  0.15479727610434765
  0.16525858992011147  0.17587526089278790  0.18631240567432386  0.19679971487359707
  0.20720186368522764  0.21790532989229305  0.22868993289300016  0.23927983469773270
  0.24983607132954541  0.26028979142474318  0.27081631720701788  0.28118850860020128
  0.29142906599979890  0.30174363462011461  0.31205325713020687  0.32250955347234550
  0.33293190810795353  0.34339182723948469  0.35384915798972116  0.36416772591221641
  0.37455214260187680  0.38500839329162190  0.39551411499444911  0.40603127633184566
  0.41634205261942547  0.42695069061220775  0.43779167168304312  0.44872515311534500
  0.45949130791313736  0.47016772816993541  0.48087047091590096  0.49152005642919255
  0.50205748005014317  0.51261076272927830  0.52322993616102687  0.53386321709000617
  0.54444873621651346  0.55492658104465808  0.56534699249877596  0.57571379720208726
  0.58630194850914097  0.59709246434715835  0.60780814437008623  0.61856695058898603
  0.62922083122613182  0.63998721348959864  0.65070917600980738  0.66146508529120251
  0.67223215798242042  0.68284285823005186  0.69325965938792966  0.70359968809027995
  0.71403936812772006  0.72436713028347766  0.73462135517085769  0.74486546330151748
  0.75523812788556921  0.76567704415781723  0.77604338119929517  0.78638405473422912
  0.79673883224302977  0.80715795744551933  0.81762004160985791  0.82816181836728542
  0.83877358453201756  0.84953032397569883  0.86021640659067811  0.87083090354481529
  0.88132761248529323  0.89188497046927862  0.90260813415341223  0.91354295281492670
  0.92455013607974068  0.93557575027048878  0.94645134734942937  0.95725623555939943
  0.96783141596079780  0.97858266774678371  0.98923148787490300  1.00000000000000000
 -0.00245659361653202  0.00966429541016285  0.01980256721974201  0.03035171006470575
  0.04073347525411233  0.05133738180449578  0.06207689561400030  0.07286448358132022
  0.08379071215641812  0.09445538516261640  0.10517237405101507  0.11574781189362150
  0.12632236558721591  0.13679758824961644  0.14731215569165193  0.15792410538601373
  0.16842561081542556  0.17900442474555620  0.18950001793483809  0.19999049568200530
  0.21037454022003352  0.22100235881032132  0.23171910386832903  0.24233899573299011
  0.25286908901619959  0.26350014037533864  0.27418413301335226  0.28500063700605061
  0.29576962100023568  0.30659976749911544  0.31735269663408566  0.32791521888858205
  0.33820598356613180  0.34839799880265493  0.35876360223836384  0.36929613255049215
  0.37982802539185345  0.39031155414195462  0.40080355255128824  0.41130725879841751
  0.42184449484398995  0.43235024685693746  0.44292457463018509  0.45350032912098581
  0.46404750182055443  0.47442052925082701  0.48490258520117557  0.49545684238970605
  0.50613278746793977  0.51670736752505797  0.52729113451878251  0.53780018912622174
  0.54802946622584869  0.55818285264442180  0.56844593644858588  0.57887041132879724
  0.58928618309474690  0.59974572820697569  0.61041669124682685  0.62103898472327745
  0.63154347445148706  0.64179667891393188  0.65229659094602577  0.66278719632711580
  0.67357004957204358  0.68451326910114252  0.69558365825069768  0.70671036354597794
  0.71747125922336263  0.72806765387619998  0.73834152012107701  0.74855928277502481
  0.75888992898136021  0.76934525499395212  0.77999989021834182  0.79066325885805466
  0.80120577492920841  0.81170766127122451  0.82214283001094657  0.83257392163576449
  0.84292284371501791  0.85327389153449007  0.86371755491001456  0.87419270038558705
  0.88475201050528618  0.89527706025866172  0.90572061959690731  0.91615499950072177
  0.92664594087960805  0.93718116916383531  0.94769067347566216  0.95812054913907241
  0.96867403405451513  0.97914827902270019  0.98961316677681310  1.00000000000000000
 -0.00232140689319117  0.00961871812012615  0.01975502135738290  0.03034338347709758
  0.04087035881409520  0.05134588902813560  0.06181953675164385  0.07238666676279670
  0.08284276775698748  0.09319229433308403  0.10352794949885367  0.11414693148124788
  0.12481262344325555  0.13531973328382679  0.14580414246775392  0.15626370190009464
  0.16670005842002819  0.17707439448003581  0.18743533883280231  0.19790949773156025
  0.20833371866250683  0.21871173277650788  0.22918062600395836  0.23968866699704602
  0.25031333111733739  0.26065699772438961  0.27109694388462618  0.28142514788277662
  0.29188870659621580  0.30212851081592812  0.31234678785841280  0.32282502154816517
  0.33319960012966687  0.34406652496969553  0.35482813293096949  0.36589468520986029
  0.37691822306009470  0.38772082942675662  0.39845016995663796  0.40902839606958530
  0.41976781067966734  0.43044076154411365  0.44093564798034490  0.45138291515812512
  0.46185545777367604  0.47245288596702961  0.48310534444698400  0.49366362235620259
  0.50415686615410427  0.51455443870678741  0.52496523083672075  0.53539455512009781
  0.54575846149868468  0.55612916142593516  0.56647934572827086  0.57678604427473323
  0.58716796135034710  0.59775203413307920  0.60834823807148186  0.61883254048796943
  0.62937907979513941  0.63985676311440920  0.65024961078856769  0.66064952194270243
  0.67116403407520819  0.68179355366442784  0.69222122253843443  0.70281241676811790
  0.71338529926739658  0.72399295262770624  0.73459129624011554  0.74533823098655805
  0.75613034267394763  0.76697021334090687  0.77765584933957987  0.78826132200267374
  0.79880334271018194  0.80928131923397228  0.81983225542561000  0.83040223933850787
  0.84117242969325923  0.85186221229044545  0.86247536835046468  0.87312328809772322
  0.88380303055722875  0.89471940709872333  0.90558097254855541  0.91647482040030914
  0.92716150308061718  0.93785289037913599  0.94822092838183814  0.95857339163589983
  0.96889540810444663  0.97937131953999745  0.98971560303471628  1.00000000000000000
  0.00912869557489325  0.01635958237296508  0.02619521308595157  0.03748862737253976
  0.04824511244396562  0.05882620481951488  0.06935958841570931  0.07979684035999060
  0.09035062396301452  0.10092746489716213  0.11162009325869263  0.12220095066629397
  0.13267355929893090  0.14309603675979460  0.15345292950849765  0.16381273834602436
  0.17402883346225506  0.18427077380198587  0.19463179191662783  0.20515785736354267
  0.21575477135655013  0.22623777348855245  0.23666079063385279  0.24703646727645909
  0.25763693802841420  0.26822424575530540  0.27874594496855032  0.28904989234367673
  0.29934010373845205  0.30955731921114799  0.31971876577905395  0.32988435140598066
  0.34019100121277646  0.35052074808014361  0.36086184211030770  0.37125660814172040
  0.38188220827309877  0.39257852762356654  0.40312748619679201  0.41352033455354942
  0.42388116505066104  0.43438165363145131  0.44486706077952293  0.45520783379822477
  0.46552125596045824  0.47577612547020665  0.48612011057526011  0.49652658444232278
  0.50704910321566721  0.51757086330118074  0.52790883763044449  0.53819698806642668
  0.54854829190919430  0.55890357558373882  0.56924780294685762  0.57962897411493741
  0.59010327412045827  0.60058667249712439  0.61099707636729028  0.62140155624438920
  0.63182450993803385  0.64222789388386847  0.65254893379473222  0.66286673954039566
  0.67335653470127721  0.68391127347027170  0.69430266211045222  0.70449697810905865
  0.71472891124200288  0.72496529989820402  0.73520229834722461  0.74537214028503962
  0.75560570170213204  0.76582850518700929  0.77604380747738200  0.78623238188220446
  0.79648577986825120  0.80685301772943763  0.81718392184600253  0.82770198983998688
  0.83829941133232222  0.84904646960728714  0.85966298436853650  0.87009967927384990
  0.88051699250679272  0.89095121975224079  0.90131879686200078  0.91145711808532870
  0.92146421309483684  0.93145803891796175  0.94140642758010595  0.95143294489072161
  0.96141834701228290  0.97153126393429767  0.98152185205257103  1.00000000000000000
 -0.01750495791661080  0.12019115541629302  0.18270207480711262  0.22791708970394378
  0.25836357306043273  0.28146341757643228  0.30073033496393381  0.31741946308347696
  0.33243582866594829  0.34567994853821632  0.35814457462628108  0.36962392947386224
  0.38052325264679615  0.39075124886602725  0.40052884396156757  0.40986376119146223
  0.41888062105518659  0.42755117749320914  0.43594970130047411  0.44404670251372086
  0.45186714765577313  0.45947577059487632  0.46680393869520237  0.47397132771081740
  0.48098670617925221  0.48777291180584575  0.49447589932420100  0.50104076317802504
  0.50746139833767889  0.51377791085057900  0.51998505006142748  0.52605771004329449
  0.53200837690905300  0.53793186501293888  0.54372699397770152  0.54942053386472423
  0.55505021453022230  0.56061320160977934  0.56608975023053287  0.57149355173754546
  0.57685136758683919  0.58215220483524488  0.58737041474138918  0.59254710055708004
  0.59769861561530779  0.60282326028541355  0.60790719386934522  0.61294013835795635
  0.61793155150181178  0.62289096717032377  0.62781411217131988  0.63270512951078484
  0.63758109995547096  0.64244801010510655  0.64729221184066721  0.65211419805621718
  0.65694793511460425  0.66177597144656808  0.66661251242214081  0.67144379394018139
  0.67628387833329107  0.68111762561277123  0.68594721953093074  0.69079670165533080
  0.69566336939280937  0.70056348705088556  0.70548449563619320  0.71044223966136422
  0.71544127422977100  0.72047176124891366  0.72553598742250391  0.73065102451582054
  0.73583279421347236  0.74106721258694308  0.74634839485653637  0.75173255365109204
  0.75726627000840929  0.76286450775578640  0.76854747190383899  0.77437837637008822
  0.78040876270760651  0.78653071173535150  0.79287637586084347  0.79953538044426686
  0.80639235703453704  0.81361800136403251  0.82125172293914872  0.82926081397229001
  0.83788300387267389  0.84720820452502510  0.85768748198663902  0.86947881464846655
  0.88357668973147496  0.90142199696549785  0.93044792009517563  1.00000000000000000
   2.4870096132701734E-039  -1.0000000000000000     
 F F F F F F F F F F F F F F F F T T T T T T T T T T T T T T T T T T T T T T T T T T T T T T T T F F F F F F F F F F F F F F F F F F F F F F F F F F F F F F F F T T T T T T T T T T T T T T T T T T T T T T T T T T T T T T T T F F F F F F F F F F F F F F F F
  <DiscreteSampler_grid>
  grouped_processes
  1 # 1 for a reference and 2 for a running grid.
  10 # Attribute 'min_bin_probing_points' of the grid.
  1 # Attribute 'grid_mode' of the grid. 1=='default',2=='initialization'
  0.0000000000000000 # Attribute 'small_contrib_threshold' of the grid.
  0.5000000000000000 # Attribute 'damping_power' of the grid.
 # binID   n_entries weight   weight_sqr   abs_weight
    31   10   7.763887202982749E-026   2.125439854506030E-050   7.763887202982749E-026
    32   10   7.763887202982744E-026   2.125439854506028E-050   7.763887202982744E-026
    34   10   7.763887202982750E-030   2.125439854506031E-058   7.763887202982750E-030
    35   10   7.763887202982746E-030   2.125439854506028E-058   7.763887202982746E-030
    37   10   7.763887202982750E-030   2.125439854506031E-058   7.763887202982750E-030
    38   10   7.763887202982746E-030   2.125439854506028E-058   7.763887202982746E-030
    40   10   7.763887202982749E-026   2.125439854506030E-050   7.763887202982749E-026
    41   10   7.763887202982744E-026   2.125439854506028E-050   7.763887202982744E-026
    43   10   7.763887202982749E-026   2.125439854506030E-050   7.763887202982749E-026
    44   10   7.763887202982744E-026   2.125439854506028E-050   7.763887202982744E-026
    46   10   7.763887202982750E-030   2.125439854506031E-058   7.763887202982750E-030
    47   10   7.763887202982744E-030   2.125439854506026E-058   7.763887202982744E-030
    49   10   7.763887202982750E-030   2.125439854506031E-058   7.763887202982750E-030
    50   10   7.763887202982744E-030   2.125439854506026E-058   7.763887202982744E-030
    52   10   7.763887202982749E-026   2.125439854506030E-050   7.763887202982749E-026
    53   10   7.763887202982744E-026   2.125439854506028E-050   7.763887202982744E-026
  </DiscreteSampler_grid>
