  0.00173948923930150  0.01262430713978190  0.02375192027849437  0.03472854211766538
  0.04541297169064727  0.05580363844982839  0.06616654771384407  0.07648828581933877
  0.08681397272659953  0.09698136249411005  0.10713657374144125  0.11711888254649744
  0.12717794702562163  0.13734174149212725  0.14761070791809333  0.15799972139746413
  0.16828011191331016  0.17849434878238066  0.18859273178314934  0.19876212414341590
  0.20896504440810817  0.21924958534730685  0.22953963083280313  0.23973817302749831
  0.24990726896644472  0.25998966615071228  0.27009819419761655  0.28041074571488050
  0.29068603091316714  0.30079685285880248  0.31081656227067261  0.32111977144445525
  0.33142012904628876  0.34154371645110360  0.35158867438498292  0.36187712959874735
  0.37224138246356664  0.38248548654060294  0.39257463402025256  0.40266923251396791
  0.41284552157700505  0.42305553144104363  0.43329150794258092  0.44337668399086466
  0.45345209729702834  0.46349147117293193  0.47359849349735417  0.48377453779688462
  0.49400834538602673  0.50416207693825532  0.51422565817000265  0.52427032718920441
  0.53431053026401087  0.54435832476960389  0.55436302470019783  0.56432289661411139
  0.57434735615115318  0.58446863088190892  0.59467075848041984  0.60482674871763165
  0.61494173368555849  0.62521035700550665  0.63560742916417501  0.64595061903454010
  0.65616844381396500  0.66636667358479107  0.67658396852679281  0.68679799362404748
  0.69696439632799567  0.70719075178701774  0.71738906197791974  0.72749238420769602
  0.73754103013514860  0.74761980587069587  0.75773703819579963  0.76778787969210038
  0.77786128649616559  0.78800058164950793  0.79835829470888076  0.80888799320143467
  0.81946768062449027  0.82996116322725366  0.84033717567823452  0.85059391318265920
  0.86080049015465010  0.87100937559361646  0.88131708846658441  0.89173615479667168
  0.90228074323184615  0.91300926169390406  0.92394094126687631  0.93502162892445706
  0.94636807589978889  0.95867875498422628  0.97501950815444949  1.00000000000000000
  0.00164300116613930  0.01378173720993655  0.02651190544065980  0.03788078275170613
  0.04884039540061144  0.05946501043371952  0.07000849425384008  0.08058309166788474
  0.09113963742710449  0.10189549763126332  0.11243219908853949  0.12289791175283384
  0.13308015272356316  0.14323665015909801  0.15345482471451757  0.16378978320208157
  0.17403020483422482  0.18420291917701465  0.19423286585930216  0.20421037782175547
  0.21412772403034722  0.22408847568085619  0.23416908840616249  0.24428744116878665
  0.25446818026965345  0.26467389071868763  0.27482016893451255  0.28480046450229179
  0.29478161668615815  0.30485359403659651  0.31497616684478968  0.32509983425834543
  0.33516467896504515  0.34537360990592508  0.35563853896497699  0.36590365090702159
  0.37602068624079554  0.38597069738553713  0.39592137028304580  0.40596746921086774
  0.41609570349107061  0.42618186225302790  0.43624058542193567  0.44633100642650914
  0.45639368256303559  0.46635420074738432  0.47624002653726266  0.48618415765730993
  0.49623844426733577  0.50635141984337018  0.51644966736010345  0.52650701771724395
  0.53652763248106849  0.54657764686967780  0.55666174480646735  0.56674822923966439
  0.57690294993211910  0.58714244736272425  0.59743584625758284  0.60769542621636996
  0.61786933113767617  0.62803536914685509  0.63831537918919723  0.64864264444471464
  0.65898092298984068  0.66925165084174787  0.67937575574882680  0.68949203364299338
  0.69956195406914590  0.70959965016724713  0.71965487516303228  0.72967951878665371
  0.73980886709080551  0.75008369422647037  0.76048671823728431  0.77094156790273116
  0.78124463676757305  0.79144980464359960  0.80166954002306334  0.81193946200579170
  0.82235552568767611  0.83284290262089744  0.84327705146130683  0.85362538924633391
  0.86391286260302091  0.87416139239489343  0.88441183357363617  0.89473675305572420
  0.90514395773748013  0.91554933684891082  0.92600016234539473  0.93660864080827599
  0.94754845885606187  0.95898277090227746  0.97175954585858726  1.00000000000000000
 -0.00237765287889250  0.00950212459069342  0.01961696078453790  0.03004252358383291
  0.04065928848670066  0.05122663827541016  0.06176075890720392  0.07218405960152303
  0.08263972088729006  0.09305704870164644  0.10349428410958919  0.11388002854707506
  0.12417172980884998  0.13449208338946472  0.14463280488459673  0.15486393033475540
  0.16517971973900242  0.17560516103255661  0.18595680261066541  0.19631111499777901
  0.20670146269558115  0.21729529771331446  0.22778095812134433  0.23846964720055336
  0.24894388147803445  0.25952721558678271  0.26995233508028149  0.28045408636920333
  0.29098721275641776  0.30152454033087095  0.31194783261766917  0.32240630172163076
  0.33282819096945176  0.34336848341710952  0.35384342862910390  0.36440945035342781
  0.37506584492933287  0.38567818187637243  0.39638643245105992  0.40708808759209586
  0.41779220168838888  0.42838045552151577  0.43895850456407881  0.44948080496702958
  0.46006732211149010  0.47063680591937362  0.48119977844297651  0.49159327360679334
  0.50197173999750733  0.51237427588208484  0.52276482743574715  0.53308537890114116
  0.54356118967846456  0.55413574696990131  0.56480431258050234  0.57547672368790936
  0.58609198045808186  0.59668572640038653  0.60728193002848874  0.61791552763942392
  0.62848454593204872  0.63899586883993764  0.64961333746076921  0.66025339756648993
  0.67077780293846145  0.68132058402021489  0.69182710374588019  0.70238285708196546
  0.71304281162192351  0.72384387440881759  0.73471884825731659  0.74552839226927659
  0.75633454223325647  0.76697940403629450  0.77749308100428993  0.78787455823802877
  0.79829349080656853  0.80884884493220022  0.81949158649838272  0.83019854265132143
  0.84088211652002831  0.85169892645135936  0.86242275342583119  0.87316596082851561
  0.88393876214434641  0.89463144337146749  0.90540229067281808  0.91606301626533770
  0.92663645055143895  0.93716362065810077  0.94760658092245253  0.95817295004488545
  0.96853077608439531  0.97887157685884951  0.98942332151049728  1.00000000000000000
 -0.00250079723112337  0.00978984430048524  0.02010923310318516  0.03075620061244404
  0.04149605765374526  0.05213853756683745  0.06285568053323631  0.07347230528670733
  0.08426869722594153  0.09507324534900009  0.10589267838749904  0.11657295244905502
  0.12709275619717730  0.13769016665907921  0.14832411020832198  0.15897539530621912
  0.16957423991576107  0.18020045411702765  0.19078461616735312  0.20132840169881577
  0.21175621343201961  0.22210352547881201  0.23256771716510463  0.24313832053515824
  0.25393100889742981  0.26479141224235037  0.27569195194730650  0.28646204786697788
  0.29690188540103374  0.30712847967294726  0.31742581260083436  0.32782364210137888
  0.33819433838172763  0.34848327414834712  0.35881015701502272  0.36927957321765859
  0.37988745788628053  0.39045323309442898  0.40092485564310620  0.41133632344134813
  0.42193256816035896  0.43260845533291908  0.44337838265193918  0.45409809343727547
  0.46473605376576865  0.47522348521482932  0.48572758456866144  0.49621172317076329
  0.50669692704379754  0.51725652224438112  0.52804045801344424  0.53878259303163945
  0.54918106493399466  0.55935238299657841  0.56967772342622391  0.58023398438921681
  0.59092461448328859  0.60162310657790674  0.61221638905147469  0.62281670770711006
  0.63319172133213719  0.64349560910453218  0.65375408205476726  0.66405041145115840
  0.67439292961856512  0.68480110904758307  0.69531195203067075  0.70586563161658256
  0.71628923292563162  0.72681793836060282  0.73729920441905394  0.74773766139599818
  0.75797869962061504  0.76819959191015019  0.77851871383997584  0.78907373269105152
  0.79967604236440004  0.81024668691846358  0.82059270418403807  0.83086678774989331
  0.84122541361848757  0.85150962235303529  0.86201294412249940  0.87258998957517186
  0.88312475161023551  0.89370005546608278  0.90441332454607581  0.91526601375631855
  0.92590451196366230  0.93645928583829396  0.94711416747042576  0.95790716120619124
  0.96835676186773190  0.97882751941182322  0.98930907873534624  1.00000000000000000
 -0.00253221954617834  0.00953497889325608  0.01966121644610288  0.03024845679531106
  0.04074719450303138  0.05112357449291558  0.06145459268518786  0.07188544640480989
  0.08240031648793784  0.09290835684474544  0.10344269453746811  0.11400760686947813
  0.12443654268618994  0.13489066112566370  0.14538199776754138  0.15594149797960358
  0.16648346337190606  0.17710477517408890  0.18763295039606651  0.19821718854402934
  0.20885723883535098  0.21960520143915538  0.23036448730234271  0.24108844083327025
  0.25182989406428791  0.26240918819062509  0.27280441510805153  0.28304764696600843
  0.29329029762727898  0.30364609992417513  0.31391520991751509  0.32444608265377239
  0.33507523099240483  0.34619331069358011  0.35704871903742352  0.36770270484554418
  0.37816322753869658  0.38853378318017656  0.39890626960483855  0.40935838312894313
  0.41997107770066355  0.43070692244356990  0.44140799210098941  0.45227513197515529
  0.46297992495152052  0.47364378117015749  0.48441550310603121  0.49523066968352752
  0.50593785237196842  0.51652927240959468  0.52706757689579065  0.53763554546174019
  0.54815695438554235  0.55867440297289350  0.56903659708887100  0.57935124507800750
  0.58983103737686493  0.60036948268583801  0.61078287739128023  0.62116905437906600
  0.63165512061921836  0.64228049900909578  0.65277458722582038  0.66318666846528940
  0.67352671045016077  0.68388286526692532  0.69434877758230396  0.70482335477309344
  0.71530461652744648  0.72588302496770907  0.73650922791028806  0.74719724322661951
  0.75766877921018005  0.76817794301826547  0.77871876524594763  0.78946612513379688
  0.80007199838760157  0.81066108585601193  0.82111613044649279  0.83162399316304203
  0.84196108174103179  0.85219441701519905  0.86238102041931786  0.87262113349370263
  0.88306458711040048  0.89360863700407522  0.90425031684330770  0.91473170652719671
  0.92523481822496323  0.93572593092594425  0.94632458066671055  0.95706214683664503
  0.96782546974008710  0.97855937003907467  0.98923094659720878  1.00000000000000000
 -0.00231693167734537  0.00939444498338940  0.01943390780940945  0.03000338187721198
  0.04053481815347487  0.05133119716898394  0.06205418797920399  0.07271924436260828
  0.08331591080601521  0.09387492012158986  0.10452775597734143  0.11518990467147473
  0.12575427693287425  0.13627513275938799  0.14678152653806101  0.15747299744916704
  0.16809811690504312  0.17865557417234099  0.18926111624193689  0.19979144864072623
  0.21033457011777423  0.22071119666147707  0.23123625168201822  0.24161528236007054
  0.25201025747850059  0.26220388493399988  0.27258425540099956  0.28286070069130753
  0.29328210185869097  0.30351152771899464  0.31383066029892220  0.32419045019805859
  0.33459987795642443  0.34496860748735159  0.35529301529944363  0.36573495651280485
  0.37620715142886801  0.38668512282508438  0.39705552375803116  0.40749848035365765
  0.41802651728517426  0.42876118970636856  0.43937795029640181  0.44996268277364904
  0.46065641519390227  0.47147919160889279  0.48228486740734094  0.49302348689039710
  0.50386884595679837  0.51483507951996854  0.52577767358280880  0.53657553165821514
  0.54721726119097580  0.55779189071801627  0.56852429150737027  0.57936030122125359
  0.59017780638022033  0.60109342769736063  0.61173508450137015  0.62231425704818433
  0.63275584861642764  0.64326777991544104  0.65368122496469039  0.66398853951288672
  0.67444990014533157  0.68503222538951103  0.69564922422643971  0.70636897744809368
  0.71698457679688077  0.72767123390454014  0.73819801192201062  0.74883127182538467
  0.75920695387417936  0.76962406061676791  0.78011605690789620  0.79063597919857498
  0.80115346146790478  0.81160650124532296  0.82209392280426463  0.83256054866814011
  0.84276110447417729  0.85300254076463689  0.86319170729668715  0.87353714845680042
  0.88389040861895274  0.89421084649200777  0.90475452854249627  0.91536038096536076
  0.92583712844803645  0.93632679418131604  0.94677381470717514  0.95729203141672636
  0.96777796864762211  0.97835660841589811  0.98915088592900724  1.00000000000000000
 -0.00240948110191485  0.00945848787386417  0.01932872954631513  0.02989884507205845
  0.04050858487114588  0.05114437315755195  0.06162594043871505  0.07213125260100560
  0.08252968982355520  0.09279049999201909  0.10306176445578741  0.11357937292453409
  0.12420639894829322  0.13488784387512515  0.14553349214535094  0.15648236547684863
  0.16736286985077636  0.17822346300682956  0.18904671873589282  0.19992370947380564
  0.21080484958059800  0.22143599140920547  0.23189771861909680  0.24244439770354298
  0.25309810541666888  0.26374240265418752  0.27416410676443570  0.28464232053429583
  0.29514132423573941  0.30566545670905049  0.31611884026606557  0.32667504815976195
  0.33720892003812336  0.34767825408612663  0.35833204734561547  0.36887445989595524
  0.37943817341141950  0.38969677515572698  0.40027839311976415  0.41080144621699838
  0.42131441806968944  0.43163628012874256  0.44207815739267370  0.45257928557744903
  0.46319476104481649  0.47379418069154866  0.48446105217605090  0.49506409358159359
  0.50572093389325035  0.51635950294538413  0.52696006875693890  0.53745042544041632
  0.54787063883838960  0.55826757019528250  0.56869401349638526  0.57911313666025721
  0.58946656457426083  0.59986548017250929  0.61039582974598028  0.62104532196275386
  0.63155534142233116  0.64199398187161816  0.65245230682484978  0.66300195694893205
  0.67359989765409967  0.68383365766405313  0.69413297457947221  0.70444547818386183
  0.71505443540846036  0.72564148490782365  0.73631626373981662  0.74700038556128989
  0.75757307412297270  0.76800102727492625  0.77842758084583763  0.78894374473949236
  0.79963206678658427  0.81025122613500411  0.82066578673020751  0.83110780974188037
  0.84164025628203953  0.85223688523915320  0.86288708555153781  0.87337628382879762
  0.88397157853155772  0.89447332807446123  0.90502611576008085  0.91548363481536232
  0.92593025021148234  0.93634751295287899  0.94690336682581111  0.95745065177680011
  0.96816958645454976  0.97887607470722959  0.98948116906023553  1.00000000000000000
 -0.00244086489305547  0.00950311299245186  0.01958396555596661  0.03034510963331075
  0.04105210810187599  0.05190590969840869  0.06270464520397195  0.07361401273849390
  0.08444777475656540  0.09512411011929114  0.10574720324752118  0.11629139244755880
  0.12687865594997044  0.13758397369234615  0.14823772411954589  0.15895900501559737
  0.16958219490760526  0.18009191464417673  0.19044873788970287  0.20075056554126366
  0.21117900817128352  0.22168658960317053  0.23216513419750637  0.24264935432984508
  0.25311924391284207  0.26370538498915885  0.27417763346737228  0.28461982194531682
  0.29515029815135180  0.30594800411897416  0.31678821640858745  0.32751469586643012
  0.33799713860207842  0.34843580389743406  0.35891442139393420  0.36946928778829308
  0.38002420181109370  0.39048670321482765  0.40094393544483103  0.41131273691659898
  0.42165961488934250  0.43202590635959914  0.44252606108352777  0.45298657983861390
  0.46345422404808079  0.47390625972502887  0.48442476823411235  0.49492891906248365
  0.50543983839659057  0.51615958570740683  0.52686326392693383  0.53744732841461973
  0.54789073359219898  0.55849562665669483  0.56906979853486328  0.57953165575579391
  0.59004428963376621  0.60061032125562386  0.61112726680220242  0.62144624514512947
  0.63178832351085346  0.64221806420663363  0.65272004484666235  0.66326637712187009
  0.67392485738936581  0.68458858987345939  0.69519500514248300  0.70572699023114993
  0.71613319146946219  0.72655424740126240  0.73702401950905250  0.74752716129635144
  0.75804196402303958  0.76856967085748085  0.77923520076430175  0.78977015085760782
  0.80018677026890950  0.81061548778244075  0.82132920851367364  0.83208245369409273
  0.84277927624812432  0.85333235523970630  0.86400126395893972  0.87455771574282504
  0.88500586334727926  0.89551044498522325  0.90603788820192865  0.91662508198602899
  0.92706047335329023  0.93749212310924712  0.94792170729315772  0.95838518975037856
  0.96881717483750251  0.97917758680177946  0.98955709658065161  1.00000000000000000
 -0.00236888724025234  0.01346166598601275  0.02583618407816766  0.03677448323987359
  0.04768672955491358  0.05834430531836761  0.06910621524693965  0.07959568276171008
  0.09011178362176529  0.10058101276870514  0.11105824121867117  0.12156062760317907
  0.13207502896116485  0.14258784261667296  0.15316810856442109  0.16368485712605971
  0.17417505455246179  0.18447134400599133  0.19477161158548353  0.20507845729425955
  0.21554032735729745  0.22611052982685698  0.23680183504472965  0.24754822288538722
  0.25821658346418680  0.26880401618153127  0.27931098495759055  0.28978473583375397
  0.30016502118734900  0.31057946781056056  0.32100738613356466  0.33141576170793718
  0.34175403534031362  0.35208365386341828  0.36249311460223133  0.37283497332390408
  0.38308937425533102  0.39327049765297550  0.40357560503492829  0.41397885601964624
  0.42449219406639999  0.43504547215231959  0.44570843793368875  0.45636324119852900
  0.46681039271667274  0.47703637805467414  0.48715193353430486  0.49726594637126226
  0.50743646686973354  0.51771170850767179  0.52812379704639201  0.53874513583050354
  0.54932367578587527  0.55999723933291923  0.57065023609905785  0.58123774008625106
  0.59173666244328160  0.60220969172096206  0.61277086502907963  0.62340524195513092
  0.63399563071076881  0.64452993775919432  0.65506000989346669  0.66556590175383434
  0.67603178908912009  0.68643716582717396  0.69695733895751122  0.70764614300624606
  0.71837252545510655  0.72895268878676089  0.73944381729378850  0.74991462914963747
  0.76037073500980945  0.77070618920942824  0.78098594836403668  0.79128627199705404
  0.80167316766306218  0.81200546225820258  0.82230257478448510  0.83256225502705805
  0.84292219247314792  0.85330494929946543  0.86368157597108131  0.87415269252099548
  0.88473547200661584  0.89538121274331173  0.90592913520064622  0.91640761862248388
  0.92689809183865324  0.93747100386703419  0.94792803896132416  0.95848350510210656
  0.96873288221587772  0.97905929693052673  0.98944718447334756  1.00000000000000000
 -0.01969439491832237  0.12241867195706438  0.16771253303816291  0.19684031761457826
  0.22080388171188772  0.24123520639829271  0.25940373547904216  0.27591485981116110
  0.29128901137761654  0.30570494436324985  0.31924115305044592  0.33204130194633069
  0.34422295361017952  0.35589573139039604  0.36707284644718674  0.37790401627268283
  0.38842392121129588  0.39872078711534598  0.40872055226218301  0.41843506144524129
  0.42785475827180641  0.43708279237720449  0.44610866671688360  0.45496158371645901
  0.46364157872339795  0.47212242307423308  0.48051302305531957  0.48862537788951504
  0.49669196080610795  0.50451934395829212  0.51223339231620268  0.51984999600165627
  0.52729033040858264  0.53465225195619392  0.54192559195047396  0.54909453414588583
  0.55616991411520489  0.56313670720207376  0.56995581248338723  0.57668649633237534
  0.58335052081111549  0.58991911511034634  0.59641431595520433  0.60284044296396488
  0.60916275272942932  0.61541109359189550  0.62161764887256310  0.62778705116075395
  0.63388607243923467  0.63991128098180849  0.64592171434165946  0.65179801019606898
  0.65767000064405923  0.66347525009670671  0.66919612937519202  0.67484660648362116
  0.68044969369577590  0.68603301445834863  0.69159646741041025  0.69711620780116790
  0.70262260169214896  0.70810202618761675  0.71355494095485050  0.71899749267167157
  0.72442416519960784  0.72984771230663104  0.73526584624770475  0.74068232787922195
  0.74609712442584120  0.75150533731272084  0.75690684946337594  0.76230009096503404
  0.76770726272778678  0.77314532708052930  0.77864735453633471  0.78416351924028815
  0.78973679288728638  0.79539066235190570  0.80112462699379461  0.80693082223869661
  0.81283143818021508  0.81886051984203723  0.82500340555147211  0.83126579476950735
  0.83781162341810256  0.84460212069273066  0.85159548873998536  0.85897234514961263
  0.86682475933311776  0.87509316797726722  0.88441017103196207  0.89469890252094142
  0.90688222667437901  0.92220121986361503  0.94553610461244197  1.00000000000000000
   1.1497235005214673E-005  -1.0000000000000000     
 F F F F F F F F F F F F F F F F T T T T T T T T T T T T T T T T T T T T T T T T T T T T T T T T F F F F F F F F F F F F F F F F F F F F F F F F F F F F F F F F T T T T T T T T T T T T T T T T T T T T T T T T T T T T T T T T F F F F F F F F F F F F F F F F
  <DiscreteSampler_grid>
  grouped_processes
  1 # 1 for a reference and 2 for a running grid.
  10 # Attribute 'min_bin_probing_points' of the grid.
  1 # Attribute 'grid_mode' of the grid. 1=='default',2=='initialization'
  0.0000000000000000 # Attribute 'small_contrib_threshold' of the grid.
  0.5000000000000000 # Attribute 'damping_power' of the grid.
 # binID   n_entries weight   weight_sqr   abs_weight
    31   10   7.653463842436939E+005   1.624675544572502E+012   7.653463842436939E+005
    32   10   7.653463842436939E+005   1.624675544572502E+012   7.653463842436939E+005
    34   10   7.653463842436940E+001   1.624675544572502E+004   7.653463842436940E+001
    35   10   7.653463842436940E+001   1.624675544572503E+004   7.653463842436940E+001
    37   10   7.653463842436940E+001   1.624675544572502E+004   7.653463842436940E+001
    38   10   7.653463842436940E+001   1.624675544572503E+004   7.653463842436940E+001
    40   10   7.653463842436939E+005   1.624675544572502E+012   7.653463842436939E+005
    41   10   7.653463842436939E+005   1.624675544572502E+012   7.653463842436939E+005
    43   10   7.653463842436939E+005   1.624675544572502E+012   7.653463842436939E+005
    44   10   7.653463842436939E+005   1.624675544572502E+012   7.653463842436939E+005
    46   10   7.653463842436940E+001   1.624675544572502E+004   7.653463842436940E+001
    47   10   7.653463842436940E+001   1.624675544572502E+004   7.653463842436940E+001
    49   10   7.653463842436940E+001   1.624675544572502E+004   7.653463842436940E+001
    50   10   7.653463842436940E+001   1.624675544572502E+004   7.653463842436940E+001
    52   10   7.653463842436939E+005   1.624675544572502E+012   7.653463842436939E+005
    53   10   7.653463842436939E+005   1.624675544572502E+012   7.653463842436939E+005
  </DiscreteSampler_grid>
