  0.00753172276644923  0.01441712352907897  0.02395795985497737  0.03474173531004798
  0.04520315485999083  0.05584401475525009  0.06648842642249761  0.07695424815532841
  0.08735061517541563  0.09765248798438975  0.10797877467888044  0.11841954106830861
  0.12867001400922243  0.13883652142651690  0.14909906625701680  0.15972626120728911
  0.17041781971840644  0.18092610699266892  0.19135632674277134  0.20191095702418133
  0.21246225992410891  0.22285587102266902  0.23320065693598346  0.24364126913600606
  0.25409293723571408  0.26453285667874143  0.27512716172891016  0.28576249482138771
  0.29623105971722513  0.30667022053490955  0.31720103076735207  0.32783454776897814
  0.33837797817655124  0.34887329110585508  0.35954748695107869  0.37006190681034967
  0.38065875812461547  0.39111942552531309  0.40168146480489619  0.41203786594075048
  0.42231253834429311  0.43253354914773340  0.44278663344293734  0.45324923634928854
  0.46373685992023211  0.47425398923993589  0.48473749140779648  0.49531605119973704
  0.50608871051253312  0.51676964553252558  0.52742791731823768  0.53796152439416334
  0.54837787120851011  0.55883267668921621  0.56917048991643071  0.57948192860756398
  0.58967963996540584  0.59986194819341088  0.61007351173131708  0.62025028759623546
  0.63062611885390507  0.64098100915290046  0.65129011217766986  0.66144589951895338
  0.67168327727603683  0.68190695477177909  0.69225890161167281  0.70257142564872788
  0.71293439379938361  0.72331405605735777  0.73381674807740804  0.74419700069094419
  0.75456371408071332  0.76495557241146617  0.77538278563287311  0.78585246606706272
  0.79627853980424523  0.80693482548167761  0.81768179125205787  0.82845764149014922
  0.83923085696993671  0.84997924917001444  0.86060648912671212  0.87124629009162247
  0.88173065803343620  0.89225360682032662  0.90285187670613565  0.91362365404986190
  0.92431862206186144  0.93500588105354676  0.94561820571755084  0.95629000306784773
  0.96688067929434940  0.97758329702739255  0.98868043717852405  1.00000000000000000
  0.00723755503500554  0.01586109554652327  0.02681583798341945  0.03810365121614295
  0.04893641335350774  0.05973496150739731  0.07038551639780050  0.08088587590331964
  0.09128671769467464  0.10172285015904216  0.11222316470223817  0.12271666129000475
  0.13314574040057367  0.14360657659751197  0.15409040537005797  0.16448057385125683
  0.17480613245555451  0.18506247954414926  0.19541575904216260  0.20572917527064435
  0.21615390319429328  0.22650904882418244  0.23678628489794459  0.24691817880823455
  0.25709099063546875  0.26743016483619947  0.27785177975969561  0.28834071431962605
  0.29869055984172105  0.30899537856940584  0.31918371441383164  0.32939161428598895
  0.33976617090703992  0.35001508759757927  0.36027439122639143  0.37044530523203090
  0.38081475137803461  0.39134556980695950  0.40188304929554292  0.41239667525388846
  0.42285001251754217  0.43327610869353550  0.44352818359567980  0.45373595167497943
  0.46401638511700971  0.47445923712577870  0.48495320075998433  0.49542816102509607
  0.50593372957433813  0.51634757707039314  0.52684820625190543  0.53733679811541968
  0.54786165923682173  0.55840354646187795  0.56899451391741562  0.57970998873367663
  0.59031090039665390  0.60083722074102108  0.61114031238114552  0.62137539428830002
  0.63155058249617491  0.64174308741044372  0.65206226849162152  0.66254137121354251
  0.67294376754742824  0.68332837947609182  0.69378356632494931  0.70434259297414459
  0.71482869089373180  0.72518790999004989  0.73563412346899593  0.74622567644761351
  0.75676795139029696  0.76730137824795408  0.77775039236474452  0.78824651126957035
  0.79870786144067096  0.80923745921324997  0.81972408679903086  0.83025513123382266
  0.84064082797343842  0.85095520305745387  0.86114321929172721  0.87131918646684092
  0.88153797515640486  0.89187697682430800  0.90228469351857910  0.91276079311472413
  0.92332259581853926  0.93384836568124796  0.94460127144191519  0.95517223947719787
  0.96597408157930997  0.97678931959553972  0.98821337844671719  1.00000000000000000
 -0.00234448693299178  0.00971513383045324  0.01985300805545794  0.03060261785850257
  0.04132522375603610  0.05212858014803009  0.06282143012236863  0.07365395461374470
  0.08448935461635526  0.09495002203998523  0.10555998887779550  0.11611089659712098
  0.12674892714409691  0.13711453928567885  0.14745502345100209  0.15777137436183153
  0.16809348133633803  0.17843297889764143  0.18875974670823309  0.19923947017398821
  0.20973240867316462  0.22009250843880199  0.23053164434519829  0.24090161466317780
  0.25126218395521333  0.26157272186666591  0.27196282897607310  0.28269094581172893
  0.29345563545130859  0.30423939884900636  0.31499821463594124  0.32561303975166256
  0.33621208970753069  0.34667773535433710  0.35714187056677449  0.36749713582554228
  0.37778459523800423  0.38813405578746379  0.39850717853088991  0.40890057454765960
  0.41928303701541503  0.42978157586841048  0.44052287018183228  0.45131847063904557
  0.46197819717594696  0.47263375421870762  0.48333339076859810  0.49413008232246591
  0.50482833162653595  0.51541397915446685  0.52596620831748475  0.53651013440709316
  0.54704532377687032  0.55758312923514819  0.56810892837505644  0.57870726839670217
  0.58933015397819000  0.60017248070220808  0.61087847828591046  0.62154596468421019
  0.63212357912844486  0.64271157376354104  0.65318731947348974  0.66356989735743910
  0.67404367524512832  0.68449275755852912  0.69499170407149757  0.70534718198509694
  0.71578115634989536  0.72623349465913345  0.73678988323975958  0.74725592386291417
  0.75780894973198976  0.76834598540028121  0.77897449166408361  0.78948857874858069
  0.80021646090074894  0.81093840892971181  0.82155039359241144  0.83199641270650670
  0.84254459166235318  0.85317148430858547  0.86360975880265645  0.87401784561538531
  0.88439494704811816  0.89477305279157870  0.90528788699982987  0.91578215766870941
  0.92623684140491158  0.93666703858064548  0.94709463191332199  0.95750986025572149
  0.96805563334954958  0.97858699687841266  0.98934560157176998  1.00000000000000000
 -0.00239632265116307  0.00957174233493920  0.01952867432841740  0.02989700394254494
  0.04020266690587110  0.05062546032673817  0.06107350106587973  0.07170909025165610
  0.08224657962153425  0.09287670997510106  0.10347830981118999  0.11393673566450663
  0.12427593519712167  0.13471919255238843  0.14523059404746938  0.15582300365218738
  0.16644562558781603  0.17711168517660733  0.18779275259184697  0.19849906486375576
  0.20913735454994425  0.21967051539582527  0.23012657369372655  0.24064884984291435
  0.25119454840805711  0.26185840532828475  0.27258909079442728  0.28327042187771329
  0.29400268080492875  0.30482843850722097  0.31573439606373033  0.32665090315223744
  0.33737968641412669  0.34809997748434213  0.35856993488105565  0.36903365089936774
  0.37948426170446548  0.38993095388970089  0.40041699927077129  0.41080659448088974
  0.42132604116995026  0.43187820912813246  0.44245478930176130  0.45306177835475892
  0.46364955249894479  0.47434592085565280  0.48500029896789204  0.49554233592822072
  0.50607611888681470  0.51657075604897307  0.52714989431322701  0.53762224218502497
  0.54811780004943500  0.55855909398281078  0.56901123553965172  0.57949437705351448
  0.59002339077288291  0.60062563378297273  0.61122942294400495  0.62187998979044068
  0.63239799481121095  0.64288540357217383  0.65334105112478114  0.66372468806109797
  0.67398424078937580  0.68414506209392845  0.69441252365472161  0.70479750835272170
  0.71517366542579353  0.72564260789922985  0.73611076030751843  0.74673285003260348
  0.75735366220864397  0.76803227044539313  0.77870493922532846  0.78940211232173196
  0.79986890890003393  0.81022074287092272  0.82060494189823963  0.83102543890032154
  0.84157847782875084  0.85227178657108238  0.86321171641083227  0.87410939565792434
  0.88468559560330950  0.89511464437700439  0.90539718315579210  0.91571523530406518
  0.92600407660353812  0.93626133211698637  0.94659024429988836  0.95693002870477128
  0.96752198697805558  0.97823000503114910  0.98908414960941182  1.00000000000000000
 -0.00242067049001178  0.00923435996350241  0.01912858330272298  0.02960620916610692
  0.04008036210249338  0.05069482160177476  0.06118062429723288  0.07179958090909304
  0.08244843197642282  0.09313790371838726  0.10386989343105728  0.11466083119709003
  0.12542013544496450  0.13611136971835805  0.14676131152960911  0.15727406349628376
  0.16772467245027178  0.17808132702492979  0.18853408638667668  0.19916382102266661
  0.20970642779508961  0.22037223041921267  0.23090974422726687  0.24152409073693568
  0.25204736848440001  0.26250353321670766  0.27294647666433419  0.28325996307186407
  0.29372096135305370  0.30408353374292935  0.31448066952122705  0.32488218054511125
  0.33527092208782844  0.34589362960002717  0.35633873552424195  0.36710196000695189
  0.37774938497043031  0.38859177507611059  0.39939970496339244  0.41029011143823124
  0.42106685533293470  0.43173959112707017  0.44249414733175269  0.45317511305439406
  0.46389604578792365  0.47441973669630044  0.48502942749274719  0.49540486882714740
  0.50570100763180215  0.51599860359625005  0.52652736159584645  0.53719942831551681
  0.54769960408921325  0.55802559980536304  0.56833702554681842  0.57877733907591955
  0.58934097699832044  0.59992251737174862  0.61058001153768882  0.62118939987110566
  0.63194244237662545  0.64262145957541816  0.65322826612519058  0.66355004161015341
  0.67404531845275584  0.68446444776765514  0.69491570293041072  0.70522085231947518
  0.71568414302307959  0.72613551894997885  0.73657053738707379  0.74705090618918868
  0.75752373658042471  0.76796214222716119  0.77830306609801825  0.78871950935944712
  0.79928366812215235  0.80997137431744859  0.82066188607635793  0.83147957352227042
  0.84215315569355809  0.85302149021130524  0.86360784664772661  0.87436938170355460
  0.88495794741480061  0.89570877590676545  0.90621096255933864  0.91681307747674534
  0.92730036561514684  0.93771393374754586  0.94802110215123636  0.95824623631277428
  0.96872852996544467  0.97910442845085777  0.98954119404837027  1.00000000000000000
 -0.00241505843763489  0.00977330439973339  0.01967344807131677  0.03024194102844528
  0.04070256200265340  0.05142762341326601  0.06194192434551624  0.07241829131954465
  0.08286319064847888  0.09314075273060109  0.10358549303596390  0.11417439767312124
  0.12478664257789636  0.13529683749581239  0.14585229638608110  0.15653154903624483
  0.16717700105832581  0.17771139650179979  0.18825736103391785  0.19879782892476816
  0.20941425323496687  0.21999332761617135  0.23041795027875975  0.24062897902589780
  0.25082678398497410  0.26121817439703832  0.27158848359735382  0.28201905257957721
  0.29251619870607043  0.30341163946059302  0.31431065994044843  0.32516234108483733
  0.33596058584967375  0.34684720695530247  0.35757827062424880  0.36818833234304182
  0.37870390060974479  0.38918172042035420  0.39973633086167015  0.41027038414330713
  0.42089404454754342  0.43141909917470717  0.44182343553671549  0.45219656794321744
  0.46257720363844762  0.47307453138941147  0.48356917056341120  0.49403774124029493
  0.50446945163778611  0.51487919413611982  0.52537453767133591  0.53609364790168346
  0.54695111308812183  0.55768002696082397  0.56837965531160173  0.57905501477983257
  0.58980712207846619  0.60034535552545176  0.61097185830175549  0.62156920073130151
  0.63213845635245924  0.64256243815330583  0.65291441346237111  0.66338329662687578
  0.67386912393538623  0.68441389822043575  0.69493799013588431  0.70544528218103209
  0.71588436504214126  0.72621883947882127  0.73660438511558368  0.74709673334822502
  0.75770764419488756  0.76837484120179267  0.77885215919880801  0.78937386912158458
  0.80001321643839285  0.81072867837930584  0.82116916882759183  0.83156130538474449
  0.84205665909864258  0.85259050121294677  0.86289619290716224  0.87316603120921210
  0.88344048153906285  0.89370131546203158  0.90421926705769540  0.91470130319587895
  0.92524319643376418  0.93561713475398056  0.94637545708494397  0.95715493965003007
  0.96783018910333363  0.97842885318484574  0.98921375206222850  1.00000000000000000
 -0.00256117404932232  0.00969266880601014  0.02002227484702741  0.03054750616680576
  0.04108411943882009  0.05176416790617385  0.06238658632047892  0.07291543539359743
  0.08343159280365488  0.09392933477372517  0.10437410142876703  0.11475966178145383
  0.12519471127830681  0.13569803121075569  0.14617701886893814  0.15666658317702117
  0.16710365321854354  0.17758448886348238  0.18807664482170505  0.19853886105405538
  0.20900555465812296  0.21941309189388708  0.22975818687339580  0.24017530715643587
  0.25073918152161950  0.26139984699379748  0.27196205245311939  0.28239125097266526
  0.29273796330797458  0.30310214582845135  0.31359085891625871  0.32422908672443168
  0.33478018714528340  0.34515078822152240  0.35549439214805056  0.36601918241955245
  0.37656170909415049  0.38723379159923266  0.39794356752230381  0.40887330076061817
  0.41957084184991600  0.43023339622380546  0.44091658057495320  0.45184383806004413
  0.46258657168214157  0.47327174270661099  0.48382364568833097  0.49443180342208093
  0.50494854081078600  0.51539146246357270  0.52594747928665542  0.53662245066783809
  0.54729169634839558  0.55785537224346826  0.56840549997083711  0.57896675865064107
  0.58953856768518353  0.60013039549321701  0.61076169541401337  0.62137072142153404
  0.63186871747944096  0.64232891980529816  0.65287389927594108  0.66337932461662841
  0.67402590130282158  0.68451156097865173  0.69496000371262101  0.70532100930002928
  0.71575268930289271  0.72634726704964681  0.73678472350943014  0.74702921714764114
  0.75732592175339997  0.76763501652184951  0.77810942203966249  0.78857379428178498
  0.79914518223874831  0.80979682475574621  0.82047894608267957  0.83099037492133410
  0.84147838814114095  0.85191257376967067  0.86254515697615530  0.87323170487178448
  0.88377668216197602  0.89442283331916717  0.90498882541210834  0.91554893340689758
  0.92592452943027759  0.93636905270417825  0.94679651338564630  0.95731059493559001
  0.96782572487925844  0.97843327432923100  0.98915747977012514  1.00000000000000000
 -0.00244458955860853  0.00922655842870573  0.01925129856190051  0.02994726861580222
  0.04055863206956754  0.05111987184508618  0.06165361034103298  0.07233139760286394
  0.08309080722348759  0.09378557237251647  0.10455024488985194  0.11536575365994355
  0.12614772784950751  0.13704624946451680  0.14782946542914738  0.15844074008060979
  0.16888597389286250  0.17899199273153585  0.18907325901520669  0.19923704704393588
  0.20943358979796828  0.21994266541394736  0.23045615626265964  0.24095568213627255
  0.25142206490279867  0.26190448981970210  0.27255268015759859  0.28299249954582784
  0.29338775748471019  0.30374222982058335  0.31406641612837449  0.32450823395775930
  0.33501869012699037  0.34579812406111227  0.35654428327606419  0.36710867545582176
  0.37761910947969962  0.38805262615542824  0.39857045561423804  0.40904609864514280
  0.41972422731059578  0.43050339596224385  0.44115560032855100  0.45162130561658936
  0.46208922969769006  0.47252828407536657  0.48292804260015898  0.49325811229418903
  0.50374302583447761  0.51426020618650570  0.52477246040288827  0.53524242435512992
  0.54575995252006804  0.55641943246388248  0.56702099244523818  0.57757751017382208
  0.58808973185702151  0.59869132411140347  0.60922131461696760  0.61961833344723272
  0.62998295816087524  0.64047936093985292  0.65090731137322488  0.66141438950118148
  0.67192979467505687  0.68263792274100599  0.69332673103269671  0.70391415699527660
  0.71457394607925107  0.72528370724099633  0.73593154720314236  0.74654977984927207
  0.75720991833966789  0.76797996739476804  0.77856835209444797  0.78908104543531477
  0.79978396675790020  0.81052942108501569  0.82139185478382770  0.83224219843371872
  0.84302103461092770  0.85375100799600534  0.86419130620727325  0.87473904015745008
  0.88519710203541746  0.89579289670624929  0.90618236293654308  0.91657867570765095
  0.92691008010646825  0.93727171466395343  0.94769236894986075  0.95807203758292325
  0.96852190284191109  0.97892480641775559  0.98947987506341994  1.00000000000000000
  0.01013168128612711  0.02642635386893251  0.04159656241079490  0.05368990048038850
  0.06489591034086883  0.07582968600003538  0.08651089990246595  0.09700791750906917
  0.10741853784949253  0.11793802192697850  0.12849718689191975  0.13913488118391876
  0.14987913130347622  0.16067163230989323  0.17134356156136832  0.18185760261151399
  0.19221032953079556  0.20253645520811006  0.21282432187910011  0.22312668539167965
  0.23338808303532182  0.24364945612048733  0.25391719572591326  0.26420438279866709
  0.27453702382660322  0.28491297502503310  0.29528942942040132  0.30559095074323539
  0.31584005100140455  0.32615187197327233  0.33659675723670374  0.34716355413420930
  0.35774738866649392  0.36819034792428340  0.37849024447325408  0.38874380731604552
  0.39896464245012914  0.40920757176349670  0.41944603386476748  0.42968677442329217
  0.43998555870990691  0.45025606839061383  0.46054244958929774  0.47064782950683359
  0.48082539056213458  0.49111467915196733  0.50136602033037181  0.51155473073358682
  0.52167271740964705  0.53187084468292034  0.54202096098269181  0.55212527656849952
  0.56217654498565650  0.57220061056243565  0.58235419171222047  0.59258710505904977
  0.60277767218693457  0.61280659555819383  0.62282557055054999  0.63292343726444023
  0.64312162104674453  0.65327836975639819  0.66343998781710745  0.67360771849264367
  0.68389431683371038  0.69407533521429288  0.70412231345228893  0.71411250851594876
  0.72412766552958319  0.73423337863459548  0.74432831675846700  0.75442240305443009
  0.76455548415446928  0.77483844084598341  0.78506782886189141  0.79529806206822218
  0.80554092782449560  0.81583436551709509  0.82619685133623855  0.83637661356938520
  0.84664798650490136  0.85678302568084819  0.86679842739101942  0.87668002295620839
  0.88658346614932126  0.89650979846114220  0.90658996807081371  0.91660616468886502
  0.92663008598147156  0.93668215509339237  0.94669583899311505  0.95661674752014092
  0.96663713522910610  0.97676456526124544  0.98800357095779945  1.00000000000000000
 -0.01944374575197299  0.12302081913134966  0.16807031714287110  0.19718207138002522
  0.22109354310979565  0.24150004096486746  0.25964753591588841  0.27613086747131821
  0.29145219764885044  0.30581577474163313  0.31933814491723927  0.33220031316726434
  0.34446680655748779  0.35626415018720564  0.36754420671753335  0.37841919387944362
  0.38895188965040217  0.39919412892241307  0.40915276649239979  0.41885396398246649
  0.42829285619993446  0.43753406955472174  0.44652978409658622  0.45533010855759121
  0.46393423528203281  0.47234721820250924  0.48066732818191976  0.48873370616732137
  0.49673884993898060  0.50457040243603923  0.51228732427507273  0.51989269238252278
  0.52731582758511264  0.53465038656810071  0.54187486000955698  0.54897654187107192
  0.55602419560631156  0.56299139545468302  0.56985275710001482  0.57663438964494684
  0.58333156939728403  0.58991873605080936  0.59641560697230489  0.60283898815338355
  0.60916963953518954  0.61543033924266155  0.62163872729990999  0.62778079691107858
  0.63383528254149857  0.63984632987272483  0.64581203766590889  0.65169116648565051
  0.65750711001327833  0.66328198199198674  0.66899909499030807  0.67467872745743973
  0.68034214864983700  0.68598810935165688  0.69159403638389039  0.69713621960836969
  0.70265343807476388  0.70811228239225132  0.71354038968712119  0.71895612599142988
  0.72437635411951040  0.72978489212182629  0.73517646923524393  0.74056583014452460
  0.74597368588896218  0.75139612098817432  0.75680974330419348  0.76221959980239407
  0.76764375655069950  0.77310246082656231  0.77861082157392336  0.78412773678258441
  0.78966674146244231  0.79526787649021613  0.80095113740727386  0.80671444241736301
  0.81258329909232851  0.81860593291288319  0.82476489733580394  0.83103159716315500
  0.83756726136826831  0.84431272354197118  0.85125047530400455  0.85860358765249567
  0.86649648271286894  0.87484678639516644  0.88415882057583151  0.89450640424072703
  0.90676566719102814  0.92226888443934640  0.94595852861639951  1.00000000000000000
   4.5613491358100774E-004  -1.0000000000000000     
 F F F F F F F F F F F F F F F F T T T T T T T T T T T T T T T T T T T T T T T T T T T T T T T T F F F F F F F F F F F F F F F F F F F F F F F F F F F F F F F F T T T T T T T T T T T T T T T T T T T T T T T T T T T T T T T T F F F F F F F F F F F F F F F F
  <DiscreteSampler_grid>
  grouped_processes
  1 # 1 for a reference and 2 for a running grid.
  10 # Attribute 'min_bin_probing_points' of the grid.
  1 # Attribute 'grid_mode' of the grid. 1=='default',2=='initialization'
  0.0000000000000000 # Attribute 'small_contrib_threshold' of the grid.
  0.5000000000000000 # Attribute 'damping_power' of the grid.
 # binID   n_entries weight   weight_sqr   abs_weight
    31   10   6.112698978997979E+007   1.014066202782266E+016   6.112698978997979E+007
    32   10   6.112698978997978E+007   1.014066202782266E+016   6.112698978997978E+007
    34   10   6.112698978997980E+003   1.014066202782266E+008   6.112698978997980E+003
    35   10   6.112698978997980E+003   1.014066202782266E+008   6.112698978997980E+003
    37   10   6.112698978997980E+003   1.014066202782266E+008   6.112698978997980E+003
    38   10   6.112698978997980E+003   1.014066202782266E+008   6.112698978997980E+003
    40   10   6.112698978997979E+007   1.014066202782266E+016   6.112698978997979E+007
    41   10   6.112698978997978E+007   1.014066202782266E+016   6.112698978997978E+007
    43   10   6.112698978997979E+007   1.014066202782266E+016   6.112698978997979E+007
    44   10   6.112698978997978E+007   1.014066202782266E+016   6.112698978997978E+007
    46   10   6.112698978997980E+003   1.014066202782266E+008   6.112698978997980E+003
    47   10   6.112698978997980E+003   1.014066202782266E+008   6.112698978997980E+003
    49   10   6.112698978997980E+003   1.014066202782266E+008   6.112698978997980E+003
    50   10   6.112698978997980E+003   1.014066202782266E+008   6.112698978997980E+003
    52   10   6.112698978997979E+007   1.014066202782266E+016   6.112698978997979E+007
    53   10   6.112698978997978E+007   1.014066202782266E+016   6.112698978997978E+007
  </DiscreteSampler_grid>
