  0.00184483590292530  0.01207261949019271  0.02371412331453526  0.03449306973539286
  0.04511608924266285  0.05521280472138522  0.06546719825118373  0.07538914928680279
  0.08525044336179610  0.09508786794876606  0.10498224638919884  0.11498888520578533
  0.12480234559883846  0.13471896252815990  0.14470676806965957  0.15488611690835152
  0.16503365744384094  0.17508059116547325  0.18500039817001776  0.19497025205073384
  0.20496629127566723  0.21501110580882382  0.22510659277480369  0.23535578914279565
  0.24576583285886128  0.25602642563402617  0.26619850102329540  0.27618602098626671
  0.28624206990988960  0.29620388993852975  0.30625044231708876  0.31641110702538267
  0.32661895356678550  0.33676325710085919  0.34694583171154891  0.35712684948347101
  0.36737433537353986  0.37756637267989684  0.38789783243010489  0.39824428613230700
  0.40858283308270460  0.41889643507079716  0.42927832658917914  0.43961349011015222
  0.45003630788090027  0.46047184730061541  0.47088139739351631  0.48111383757350407
  0.49127736510684167  0.50147212204008385  0.51167840984049173  0.52189315069981490
  0.53217226131976814  0.54243481679659333  0.55261254234706381  0.56282400831905610
  0.57332043673258293  0.58394677268751871  0.59450852959425504  0.60496681626457416
  0.61547852361873678  0.62597484612515908  0.63628401279819635  0.64640431943284093
  0.65638668467770789  0.66637282004919973  0.67637467192458833  0.68645582779975911
  0.69664420627450685  0.70694044891988184  0.71732251941857794  0.72775292086245424
  0.73819969683344966  0.74857304822813309  0.75887636534974989  0.76917655087822467
  0.77950622867805808  0.78984332587076356  0.80016934091387226  0.81050594515524976
  0.82093439389389600  0.83139474467254570  0.84180956916757899  0.85215794707243642
  0.86249088950994535  0.87288427989325701  0.88332380970015600  0.89384122685218703
  0.90437168048552841  0.91486537361751386  0.92534751474697807  0.93598723297398334
  0.94698431559519947  0.95899159244485976  0.97498418481530302  1.00000000000000000
  0.00148129291251046  0.01424875669967735  0.02709806887021359  0.03851230713753982
  0.04938919076417148  0.05989512238084859  0.07025572402991426  0.08042353736876522
  0.09057316236007533  0.10067610729617861  0.11085380918170162  0.12107450920020263
  0.13127867693791462  0.14154611059210753  0.15179269735389070  0.16212853895188614
  0.17241543014144617  0.18267819335772231  0.19297198784932645  0.20326736293045611
  0.21351922858538264  0.22377772305443144  0.23390829199169896  0.24423128545869316
  0.25452110743658696  0.26493285993757310  0.27520726961990216  0.28542436727874637
  0.29544831040784691  0.30552405709414665  0.31564499481339237  0.32590753291938473
  0.33618351653772882  0.34635742777410494  0.35648251650908069  0.36640000501100473
  0.37640445944030310  0.38652253545370352  0.39667740274333152  0.40684942125698814
  0.41692910313734938  0.42722848687997622  0.43743755620738201  0.44767665211763025
  0.45789878077480606  0.46815562128614524  0.47842250749260457  0.48866341797355461
  0.49879087691748425  0.50893097192770453  0.51911615949291878  0.52942762143276156
  0.53973762728669350  0.55002599113375961  0.56037226595591705  0.57062161273427492
  0.58088529647092890  0.59111858757324975  0.60139815928503260  0.61159359232535637
  0.62170528318804352  0.63189472923009948  0.64204811250765226  0.65225615153585803
  0.66242612031313575  0.67261118157623412  0.68289998377405192  0.69311350129394111
  0.70318040712001451  0.71320465451594273  0.72329647861640955  0.73356813222635509
  0.74391109142129508  0.75434714002090808  0.76489185046853581  0.77543119423259510
  0.78593026367907248  0.79634590251345228  0.80676088887657882  0.81712716368125016
  0.82742533552711228  0.83774279169655541  0.84814183073407623  0.85867280671773016
  0.86917573833927109  0.87977054752567607  0.89038702080955234  0.90090834899567096
  0.91138290890636875  0.92201270855229744  0.93274090537573340  0.94380787893099094
  0.95500453096724536  0.96778158350254506  0.98263305062632278  1.00000000000000000
 -0.00230667563211270  0.00922650276802577  0.01898357052480365  0.02934193301096156
  0.03963539746440065  0.05029568548792122  0.06070389393443348  0.07120682615540688
  0.08163412927982877  0.09232275763011566  0.10295047421351949  0.11352950987512529
  0.12409904780774332  0.13479143522799697  0.14540909512736974  0.15593127540692800
  0.16665794323925751  0.17731862448846328  0.18805945974657315  0.19866123298314198
  0.20927584519795869  0.21991982246312075  0.23046605958681690  0.24096807642735416
  0.25127457666585856  0.26162393666684014  0.27192824289593975  0.28234024974030236
  0.29273447212938619  0.30347470759480155  0.31408643056772018  0.32474543701522440
  0.33541441758451424  0.34625783673009636  0.35692223259363082  0.36740089210091748
  0.37787574902738624  0.38828130384341419  0.39873649963814983  0.40912895305226249
  0.41962844003445199  0.43001187795027157  0.44032963250380286  0.45086873090011131
  0.46153557105539000  0.47223579677981886  0.48286978657524793  0.49342420129070758
  0.50426194713000194  0.51507605594804018  0.52578817023821267  0.53642431148343850
  0.54712715895182662  0.55796483428166765  0.56866340131545035  0.57920284595812410
  0.58980842978422365  0.60007219117186672  0.61040401125438970  0.62075392093684945
  0.63133665513408455  0.64186809523328170  0.65236673488749741  0.66296848666230224
  0.67356530613455845  0.68405680606808439  0.69440948380428269  0.70480304433776242
  0.71521048661311648  0.72569430888935971  0.73620935397758946  0.74683287691252886
  0.75744625396815324  0.76815429324196804  0.77869129897841871  0.78921225941284545
  0.79971837250729760  0.81018350540038331  0.82059412769461693  0.83099550453624360
  0.84158373987987800  0.85233181250323320  0.86293393741772895  0.87356454637064762
  0.88410744275693276  0.89479499647866256  0.90538223034706444  0.91605585046092097
  0.92640364058046398  0.93680863073770704  0.94721670434727212  0.95765743241041346
  0.96816796054682219  0.97856311841050003  0.98932579250253982  1.00000000000000000
 -0.00256012824922098  0.00970742129451523  0.01999411052882089  0.03052560737800247
  0.04090867578952373  0.05145330617691755  0.06189574793027650  0.07248026632018771
  0.08310723306815002  0.09369290994088950  0.10425235939128108  0.11457423710496009
  0.12491717105203437  0.13533218456177082  0.14585040331227517  0.15657645379103025
  0.16728472198547648  0.17805305565447202  0.18887609476594799  0.19956220096386867
  0.21037976936201347  0.22110426149189910  0.23181512257754994  0.24234034244697630
  0.25290275422160985  0.26347978853343845  0.27403902288824467  0.28448624917074300
  0.29491991640252202  0.30526253468868325  0.31554122702967008  0.32587300494059979
  0.33632011320005634  0.34689662237887642  0.35736700872787031  0.36786920195880074
  0.37837717683718880  0.38893665525228704  0.39954552159522078  0.41018349058083015
  0.42081004313510978  0.43133148533927174  0.44190332134987170  0.45254852175973165
  0.46309694850262278  0.47369805351737337  0.48417884135986400  0.49481518497366406
  0.50541900894279790  0.51607266560967602  0.52666734809909810  0.53732261262632952
  0.54804132508105152  0.55875561907460236  0.56924917666053021  0.57982340782255415
  0.59034216154096764  0.60097171417409001  0.61141957513381395  0.62190163208390725
  0.63248727196748800  0.64306965272337613  0.65373801975164836  0.66421017780700053
  0.67466949391205433  0.68517240780303545  0.69559754054995115  0.70616316020565750
  0.71665653005319396  0.72711410413384348  0.73743932895882192  0.74767077436084761
  0.75794994514284186  0.76826540653966047  0.77871250592966601  0.78924887026954216
  0.79994037608307100  0.81064018928324555  0.82136263311340030  0.83207267418003095
  0.84256852765084755  0.85318641390030370  0.86363088157201273  0.87406144499010141
  0.88451508212341978  0.89498703697943893  0.90574014287431925  0.91638889207287655
  0.92698137238410960  0.93767973021209350  0.94826300417293119  0.95892444503877727
  0.96915214744766587  0.97948965622873063  0.98969847139602019  1.00000000000000000
 -0.00245077255818023  0.00929729040315605  0.01917413610244010  0.02949008519439613
  0.03981820056274704  0.05019740568654277  0.06059950082960135  0.07123911934597492
  0.08179836815498737  0.09230652373728739  0.10272998907261653  0.11335374313734488
  0.12410124429290391  0.13507271177817073  0.14592595477228976  0.15672230904454665
  0.16728100706108665  0.17790926139614399  0.18853009357821562  0.19907515994101790
  0.20964809672371615  0.22023333080248636  0.23068786992048723  0.24123190742524206
  0.25167374621557381  0.26231277124950914  0.27303996515640799  0.28366872910643254
  0.29420561688781155  0.30454703191235771  0.31506902727198749  0.32564049224328873
  0.33633213761503278  0.34711552990762895  0.35784997522943290  0.36849401639934276
  0.37921979610928908  0.38987629287076264  0.40056218995253717  0.41122271049035375
  0.42189325206395467  0.43250991421737306  0.44303687604581371  0.45361532742209593
  0.46414246446527396  0.47461887334481939  0.48506422044705994  0.49548146568698409
  0.50586250105157338  0.51631896170112423  0.52672829387389730  0.53717430087668205
  0.54762220118056859  0.55811014499934952  0.56874187134561160  0.57939208329546388
  0.59017722052192123  0.60099034015738706  0.61181754364641139  0.62249436120409840
  0.63309185748406860  0.64366912118956043  0.65415299964596629  0.66472993182353257
  0.67541129770230768  0.68617927465153861  0.69681143171396942  0.70743099307411050
  0.71805469199930350  0.72864857994225174  0.73923000531334637  0.74980090088891660
  0.76022267277494604  0.77069586589880035  0.78112542784936367  0.79156978328392380
  0.80185613642202846  0.81216825679904014  0.82248901907829386  0.83280446147818654
  0.84326151821617135  0.85375588627053500  0.86425735876812926  0.87487718933654957
  0.88539968645342826  0.89596355929493143  0.90633033991895162  0.91676309536675327
  0.92705140994664936  0.93735862753488775  0.94775400231674978  0.95822228086437577
  0.96879206220146874  0.97921997173189745  0.98962852459442663  1.00000000000000000
 -0.00229554331506499  0.00917913429447265  0.01897989678277070  0.02940194441749643
  0.03994596700348210  0.05057840308553511  0.06105969192857619  0.07152443009079000
  0.08192329436298731  0.09238105380654571  0.10289264836723080  0.11330645929082347
  0.12353374194342789  0.13390823734165208  0.14436241388438850  0.15490646867731797
  0.16544376137771283  0.17612616072097659  0.18683139363576373  0.19732139422301731
  0.20785654522596134  0.21831159700192262  0.22884605272784828  0.23942170161495471
  0.24993671229542222  0.26053833940286103  0.27116792962292202  0.28196110695951293
  0.29262100722994072  0.30310289450553474  0.31359730756849258  0.32423828745785116
  0.33470050370588694  0.34512634987857765  0.35538794368116206  0.36586131176827980
  0.37634388080419956  0.38704239880652519  0.39770537101333997  0.40845912091394015
  0.41927942777752303  0.43012201241753900  0.44079341312841808  0.45137954900071192
  0.46190153181786975  0.47246593073809873  0.48296706151015056  0.49351337700700387
  0.50406383720900461  0.51459032271820038  0.52511266422073588  0.53544254287160353
  0.54570721422644786  0.55598455815438330  0.56635256874926654  0.57689315001129482
  0.58745724353150885  0.59818922123523743  0.60883888907884987  0.61946557677405467
  0.63000826186176950  0.64064366347926760  0.65127290866978005  0.66205353980093451
  0.67274546001193636  0.68342466369554000  0.69399402677147681  0.70453567415926743
  0.71503968812682561  0.72557496292449120  0.73611882744332735  0.74668622356948022
  0.75720657127705870  0.76762824709748689  0.77797951304765500  0.78827581954278381
  0.79879765862953944  0.80932094394223208  0.82011990192874307  0.83091813277427751
  0.84189490295405744  0.85277526046091168  0.86354259119597987  0.87426949891949290
  0.88469956284064211  0.89496402546908005  0.90532704881810377  0.91575011339394952
  0.92623257973033923  0.93668995652012754  0.94723470477442273  0.95794943148461675
  0.96858186591601192  0.97915352557745272  0.98961655687769523  1.00000000000000000
 -0.00234717457888573  0.00961382194862491  0.01975346964125197  0.03031165725294157
  0.04095115865038107  0.05138575636082503  0.06187599877559900  0.07226104023264955
  0.08270819915012641  0.09314494417561595  0.10350301937934572  0.11399922179315611
  0.12444520102530737  0.13497996554820402  0.14562474038861478  0.15623132526613592
  0.16689424500410902  0.17753688087298947  0.18822696088619806  0.19893414101128473
  0.20977815803640082  0.22052579841544029  0.23122775512391536  0.24170685619802532
  0.25224698459007050  0.26269987461448296  0.27324868555769488  0.28377966579712771
  0.29450793268192615  0.30527728900455192  0.31596648467567390  0.32641829262985145
  0.33687821717555005  0.34735924595233558  0.35788113644901010  0.36850006765208831
  0.37907279734192889  0.38974664635798301  0.40024422880943888  0.41081478933939930
  0.42123762971932288  0.43161998087823777  0.44186391855938723  0.45215935286767950
  0.46254398992636747  0.47295891651914662  0.48335592558470641  0.49378003142409194
  0.50423330508327091  0.51466520036114627  0.52509538187490035  0.53554086949198865
  0.54601104201262363  0.55637886531262615  0.56675579218387229  0.57714700176043066
  0.58778602938296320  0.59852867686059052  0.60920892682259609  0.61987109315152955
  0.63057588811876653  0.64133516147474279  0.65199660436095730  0.66262112615114088
  0.67321036520744770  0.68384654121534394  0.69441027463584459  0.70507227280550966
  0.71560472154137833  0.72623791341069821  0.73659791675119368  0.74686714686241962
  0.75714675430575717  0.76748851873494761  0.77785589497348584  0.78809551146069068
  0.79846805147498712  0.80905947317738391  0.81968760596273182  0.83051115442384760
  0.84104985661994602  0.85154904676803578  0.86200876092558443  0.87264095593517621
  0.88335411167267708  0.89396460516299769  0.90467541181269806  0.91535854782835957
  0.92587549823539916  0.93643811008694455  0.94719359981519047  0.95813693655164367
  0.96867853065672627  0.97913663566326992  0.98950823608359928  1.00000000000000000
 -0.00243378238787044  0.00968998724068607  0.01981291348211524  0.03021522178416420
  0.04070237164178102  0.05103395301497532  0.06137747335378221  0.07178387683063463
  0.08225979600460162  0.09283776094073561  0.10330532709694798  0.11373045781997174
  0.12405948903704178  0.13440653191336921  0.14502648247332373  0.15563137630110857
  0.16638097206550945  0.17696792761026975  0.18743453780328201  0.19798191744131885
  0.20850052863256488  0.21901835472134015  0.22958923288227168  0.24030660743705429
  0.25109354005674273  0.26193476349509559  0.27278528891750325  0.28373975042994887
  0.29450559997941939  0.30528266383508634  0.31594572719232838  0.32664179054382597
  0.33744828613314198  0.34823787553540636  0.35889009482859591  0.36942819643059244
  0.38007994852317284  0.39067103489657740  0.40112527448092045  0.41148589573691791
  0.42200593976397516  0.43260471922625038  0.44319673216396904  0.45372472496020394
  0.46426010814826613  0.47472026492969227  0.48512644880149070  0.49553043139857172
  0.50601698480517121  0.51646990577155316  0.52693880933006565  0.53746085059291238
  0.54811547875420685  0.55890996138995364  0.56957827688949936  0.58027526895086867
  0.59072152375387366  0.60118303209195478  0.61156173938269620  0.62184383174116775
  0.63236893347452716  0.64278308794645511  0.65326565191493946  0.66371216073533568
  0.67421416849789784  0.68485339448544869  0.69532074351661310  0.70604371356345985
  0.71669958786637245  0.72729452308621123  0.73779184311445134  0.74838141816106996
  0.75902510390206657  0.76958775303355509  0.78004221870546331  0.79051476828551948
  0.80082203607777291  0.81113242323107582  0.82137707707117436  0.83165912245502149
  0.84204147444695332  0.85265658281333401  0.86342179754824577  0.87395146275087310
  0.88439770264873130  0.89474272835534419  0.90516976770827673  0.91563271265651702
  0.92607992349591861  0.93647819389340492  0.94687981234078267  0.95734359754654152
  0.96806328120567298  0.97863632205390005  0.98935726100603893  1.00000000000000000
 -0.00163224771345646  0.01306813605588651  0.02518304945712856  0.03617311203261168
  0.04693612965041907  0.05734946586149680  0.06777147113152104  0.07833872633115455
  0.08885021005132554  0.09950886533452583  0.11018218427621659  0.12096378617189599
  0.13157304358830380  0.14204739763523630  0.15248491131189837  0.16294233828967278
  0.17342997979374150  0.18386723246879205  0.19438343582533957  0.20485231224150949
  0.21527323671911669  0.22552036510248286  0.23578060704021780  0.24627261021571001
  0.25682707405399258  0.26750701893034712  0.27819678799207187  0.28893328685536612
  0.29947556170844775  0.30992131962181552  0.32028824582183280  0.33075196331908868
  0.34127304856123664  0.35180688576892682  0.36226279058872718  0.37254884415523293
  0.38295592221936309  0.39346205536005363  0.40407957749813578  0.41469618613326936
  0.42527841786331888  0.43580827515817855  0.44627571259652793  0.45676253973859182
  0.46738150231622438  0.47803064672037826  0.48877615968278532  0.49947403931677259
  0.51002167146798250  0.52046883955012158  0.53087477456422405  0.54128783120805424
  0.55162206921303758  0.56193624283926513  0.57243736221796448  0.58286336028805064
  0.59322963962683672  0.60366933862862759  0.61418122544658305  0.62472116562051616
  0.63494088074863420  0.64527478737627353  0.65575890368398393  0.66636258361835021
  0.67693232813494153  0.68746353951864825  0.69813419498532647  0.70890974213513347
  0.71959755802720027  0.73025984984346026  0.74080592975334858  0.75129086364987696
  0.76185860244208914  0.77244673754098736  0.78282628758189698  0.79341128580721743
  0.80383434142300658  0.81441274462980517  0.82472769808541790  0.83533426834597446
  0.84598285966079823  0.85654114829390060  0.86689552399786274  0.87723698912603176
  0.88764021140852356  0.89804351342686140  0.90852155492684372  0.91896363795473091
  0.92921091541734202  0.93944437583249063  0.94961206636001450  0.95978904368747808
  0.96967631306440127  0.97949816224141517  0.98965395968296332  1.00000000000000000
 -0.01955391560412911  0.12238132082751992  0.16775396760882708  0.19694446231883217
  0.22100009728421907  0.24147163920683323  0.25957219546175420  0.27610720133123762
  0.29153627432669244  0.30601064953797419  0.31964172650172185  0.33254729473559130
  0.34475499490568756  0.35642700427221924  0.36763535369212219  0.37851568459508822
  0.38900283367636534  0.39921576077895854  0.40908200331897360  0.41876086492243580
  0.42813831843111155  0.43737017927858557  0.44634060987908963  0.45518170318049084
  0.46382472578221989  0.47228431852157887  0.48061296852079327  0.48866811403890020
  0.49664607509786191  0.50446349690740167  0.51214007617899582  0.51973931109522375
  0.52716651446763552  0.53449796100103886  0.54171972153220604  0.54885857552719020
  0.55592108956531028  0.56290769620607406  0.56978436509385899  0.57657967397056564
  0.58329285941316089  0.58987257285020034  0.59635018902907266  0.60276790407042535
  0.60909831452568175  0.61536148900788934  0.62158910558353031  0.62776974698881849
  0.63387978431121816  0.63993677531486215  0.64594078023643797  0.65181330406161431
  0.65762813968966249  0.66341109270041076  0.66913550542013689  0.67480630324478252
  0.68044407341346080  0.68605658637772771  0.69163436413681434  0.69717006807216308
  0.70268157244261820  0.70815896013526158  0.71359938832500525  0.71903131999215075
  0.72446595170332995  0.72988512129010918  0.73526255876674007  0.74061974808137288
  0.74597052006902753  0.75132987539148899  0.75671702495399118  0.76212640699399359
  0.76754700199357195  0.77301363347208618  0.77853610097158965  0.78408808159691312
  0.78967919935587794  0.79533430465215960  0.80105814671922626  0.80684448226476235
  0.81272607085147242  0.81874673081374483  0.82490065463844475  0.83119591617958422
  0.83774912195257845  0.84454914900094025  0.85155979519655178  0.85896852734059570
  0.86685270071965126  0.87523555123028107  0.88452463973189055  0.89483289243033159
  0.90688818490523937  0.92212240385004229  0.94544258336953513  1.00000000000000000
   1.1462533134514444E-005  -1.0000000000000000     
 F F F F F F F F F F F F F F F F T T T T T T T T T T T T T T T T T T T T T T T T T T T T T T T T F F F F F F F F F F F F F F F F F F F F F F F F F F F F F F F F T T T T T T T T T T T T T T T T T T T T T T T T T T T T T T T T F F F F F F F F F F F F F F F F
  <DiscreteSampler_grid>
  grouped_processes
  1 # 1 for a reference and 2 for a running grid.
  10 # Attribute 'min_bin_probing_points' of the grid.
  1 # Attribute 'grid_mode' of the grid. 1=='default',2=='initialization'
  0.0000000000000000 # Attribute 'small_contrib_threshold' of the grid.
  0.5000000000000000 # Attribute 'damping_power' of the grid.
 # binID   n_entries weight   weight_sqr   abs_weight
    31   10   3.638042830275152E+005   3.127241027367622E+011   3.638042830275152E+005
    32   10   3.638042830275152E+005   3.127241027367623E+011   3.638042830275152E+005
    34   10   3.638042830275151E+001   3.127241027367621E+003   3.638042830275151E+001
    35   10   3.638042830275153E+001   3.127241027367623E+003   3.638042830275153E+001
    37   10   3.638042830275151E+001   3.127241027367621E+003   3.638042830275151E+001
    38   10   3.638042830275153E+001   3.127241027367623E+003   3.638042830275153E+001
    40   10   3.638042830275152E+005   3.127241027367622E+011   3.638042830275152E+005
    41   10   3.638042830275152E+005   3.127241027367623E+011   3.638042830275152E+005
    43   10   3.638042830275151E+005   3.127241027367622E+011   3.638042830275151E+005
    44   10   3.638042830275152E+005   3.127241027367623E+011   3.638042830275152E+005
    46   10   3.638042830275151E+001   3.127241027367622E+003   3.638042830275151E+001
    47   10   3.638042830275153E+001   3.127241027367623E+003   3.638042830275153E+001
    49   10   3.638042830275151E+001   3.127241027367622E+003   3.638042830275151E+001
    50   10   3.638042830275153E+001   3.127241027367623E+003   3.638042830275153E+001
    52   10   3.638042830275151E+005   3.127241027367622E+011   3.638042830275151E+005
    53   10   3.638042830275152E+005   3.127241027367623E+011   3.638042830275152E+005
  </DiscreteSampler_grid>
