  0.00742424457966664  0.01473246860642047  0.02429710689531400  0.03491056911478200
  0.04517012008121121  0.05552863638703408  0.06597373419844967  0.07645785181031090
  0.08692521179195332  0.09737937649177841  0.10788254292454236  0.11820493111758906
  0.12861327582995491  0.13877144243866937  0.14902479544390915  0.15910629044685642
  0.16918267454504546  0.17936242570002781  0.18953941291035981  0.19986240555189674
  0.21019289694880122  0.22046163493109322  0.23062626953060730  0.24078702907365743
  0.25095692724767549  0.26116590917428234  0.27127314240499661  0.28149997176838032
  0.29182155557937978  0.30217144068870194  0.31246863252045898  0.32270589188526616
  0.33301256669248286  0.34344179996103014  0.35395512764040410  0.36460350714432488
  0.37523495600103546  0.38581233482268212  0.39639808366507723  0.40702015589663443
  0.41771841898221140  0.42837929912328082  0.43904780893236611  0.44988601384009530
  0.46061042333585800  0.47113285137466204  0.48162064601977828  0.49216944714690664
  0.50248832763032614  0.51262332579132686  0.52292226037486411  0.53362125621064771
  0.54430595612032096  0.55475101442037622  0.56521838446387218  0.57586165424659741
  0.58649223245737003  0.59703040240158178  0.60751823916410841  0.61809636374865340
  0.62860936912143839  0.63921981031307062  0.64988094945506969  0.66059066215654572
  0.67136064051808975  0.68212917298054543  0.69273849790195319  0.70318622686951349
  0.71355940670523554  0.72397940675635186  0.73445219495225478  0.74493195150485270
  0.75543601718131781  0.76587528409897399  0.77642145084516367  0.78700467910441874
  0.79762453174387415  0.80828296521160892  0.81896616197871863  0.82981729039928354
  0.84038669391953147  0.85084365353962010  0.86121027942348249  0.87155426287677140
  0.88193221188948145  0.89236465667271658  0.90290216888711894  0.91332937425949623
  0.92373557779891879  0.93420348435089828  0.94473712224697248  0.95521542001359272
  0.96575656727388370  0.97653476370287318  0.98785041009848529  1.00000000000000000
  0.00726847011654089  0.01594029259246269  0.02681472369813762  0.03807432089267239
  0.04882061072753779  0.05947830937076871  0.06993434153027578  0.08035934080261362
  0.09064862555404311  0.10092101108259659  0.11118913105384202  0.12146657573227219
  0.13181022828902775  0.14225242930335669  0.15272789887822272  0.16324105604366720
  0.17366782069755490  0.18400434261315035  0.19424859187854204  0.20440266326100084
  0.21463925740698397  0.22511548535632667  0.23557892196294858  0.24614062618230731
  0.25664819302525549  0.26724002102637312  0.27774644996787468  0.28822304366881146
  0.29869303266627384  0.30910032661859038  0.31941707819983434  0.32952725808999500
  0.33967195511261694  0.34979893523303413  0.36010465784677181  0.37042550143053032
  0.38062199362686322  0.39077846658124887  0.40095571260110952  0.41123036343923663
  0.42154814614427211  0.43183428750688263  0.44215031118309678  0.45249413631529217
  0.46283985655873733  0.47314238515544105  0.48340279513127549  0.49360369808559323
  0.50382357490624063  0.51400624192449285  0.52412202504236849  0.53429118173064971
  0.54457729886077899  0.55508904046972418  0.56571985203642794  0.57636301236540732
  0.58699089699079343  0.59774008648990573  0.60852369210676538  0.61934953269629389
  0.63008630662590248  0.64076095206591777  0.65136808246414024  0.66195552868445395
  0.67265788636330526  0.68344201023650020  0.69410814123740550  0.70469086623806154
  0.71509258549071508  0.72548636170340242  0.73591006936506009  0.74642056845826865
  0.75681035322617729  0.76723651263039561  0.77756935160401475  0.78806206634787634
  0.79844429221814195  0.80884614987583603  0.81912136523800971  0.82946599662395493
  0.83996224370886874  0.85052303445561372  0.86115468164445308  0.87174199830591959
  0.88251840561091810  0.89339398752385624  0.90404169450776029  0.91472551913115885
  0.92526362208415436  0.93575258959319085  0.94608491034035358  0.95640756415799055
  0.96701814469964598  0.97783348137268955  0.98881773473867263  1.00000000000000000
 -0.00246441647814835  0.00987596796588442  0.02023461298900685  0.03086777203711614
  0.04148427922123409  0.05198182653996554  0.06263111563754629  0.07317667727813659
  0.08370323371735444  0.09402673714309145  0.10455258618108346  0.11513832402073758
  0.12568722643582775  0.13607944504279665  0.14636113136797485  0.15660580597319754
  0.16694868361779139  0.17734568647109519  0.18761347907529222  0.19819947543363250
  0.20875341411643503  0.21937489051881554  0.22967519977766229  0.24002279355414008
  0.25029659041258645  0.26061392531916711  0.27110288778361630  0.28185365434133419
  0.29249747170970575  0.30284598784355160  0.31331593470349361  0.32390117860281564
  0.33447355915514548  0.34480400519620336  0.35514252619379483  0.36566803542625448
  0.37622122669726676  0.38674444011688930  0.39721553092282452  0.40792479068253507
  0.41866893602628436  0.42948278224207637  0.44019401173474731  0.45082315140201207
  0.46130746286524715  0.47158925830832066  0.48186760197430384  0.49224038768307271
  0.50268994273719136  0.51321085702797897  0.52384255649227485  0.53462856004847947
  0.54541029627845439  0.55604578029094176  0.56674564491427259  0.57745531893285396
  0.58802198317890508  0.59846851700190529  0.60906168267436134  0.61965453710399332
  0.63019707791830637  0.64055537267512297  0.65105773011482571  0.66159570513972354
  0.67216682990230536  0.68259241391652625  0.69283330451089242  0.70295694334301151
  0.71317099310557097  0.72344084713499035  0.73388414965173954  0.74424784491631124
  0.75474563665254168  0.76523095440446898  0.77572271816006177  0.78638723503315500
  0.79702569629021713  0.80775273208921283  0.81834113538436071  0.82901730485363856
  0.83961894458828545  0.85030856571808411  0.86079361898652407  0.87149756818774204
  0.88220848102139993  0.89311453575677757  0.90374548490774143  0.91432853186490060
  0.92486726050049273  0.93533765218653042  0.94592899321833390  0.95654325067995505
  0.96733112627122386  0.97813332761909921  0.98909215468531286  1.00000000000000000
 -0.00229759072320126  0.00911054968307685  0.01888023088359730  0.02908683333041283
  0.03943783258077661  0.04990539600648825  0.06037792184002581  0.07100314594057239
  0.08149609451470968  0.09208674828924195  0.10272499248352170  0.11337617702993774
  0.12397847608151570  0.13446167720262700  0.14510585204291604  0.15563221438553729
  0.16634024558514005  0.17687518582291989  0.18752883867650164  0.19809841654411528
  0.20860153080422261  0.21914328231684826  0.22961428313043397  0.24030721311589695
  0.25094513820957676  0.26160150262499804  0.27227787608096515  0.28268812159040374
  0.29332100274765510  0.30383409610514939  0.31458353149886192  0.32516312073894615
  0.33579366479096162  0.34629293611396661  0.35674620024702991  0.36719254102299365
  0.37763184967405722  0.38806060761014688  0.39840520933327056  0.40888572797269646
  0.41940155917026006  0.42995793052596398  0.44064388279688521  0.45127654193968064
  0.46203596426978066  0.47278549021474803  0.48336167287002529  0.49383672731306361
  0.50430491309582282  0.51478728832039877  0.52522087885728908  0.53552929798553628
  0.54593713238566177  0.55632066773146938  0.56679454164006549  0.57735326937022013
  0.58814062603926598  0.59902651302459198  0.60994819486732010  0.62083856787589287
  0.63153878163932187  0.64215723999073182  0.65252429021512814  0.66290658016217441
  0.67330645193172811  0.68363915932908814  0.69404787288847869  0.70462538573714306
  0.71531466073892591  0.72584905137044309  0.73622672018333279  0.74653376984484354
  0.75687657653285489  0.76723030947250381  0.77764862994316020  0.78806955181738292
  0.79843517709855849  0.80874133082166844  0.81922028520596823  0.82977299404694360
  0.84036469761379495  0.85090267880787929  0.86148710705134313  0.87206486424586949
  0.88260672813076813  0.89319149487434635  0.90397771979255725  0.91467300519330419
  0.92543546926003795  0.93625395361333452  0.94705882005585440  0.95773859146718765
  0.96836048429884325  0.97886089256047415  0.98942151335004569  1.00000000000000000
 -0.00240872064250423  0.00985116228542176  0.02000405251878081  0.03064422083371662
  0.04125794172739112  0.05213363907030506  0.06286161295500632  0.07348998765675073
  0.08412023907090571  0.09482461418421388  0.10554640990750221  0.11608115002872681
  0.12662970730232739  0.13718919876665439  0.14773600931955352  0.15827170001873278
  0.16880656823137188  0.17956695267286188  0.19007038642983118  0.20065734510997305
  0.21117098204256687  0.22183663373711565  0.23256468954473816  0.24323003269476332
  0.25377998508107841  0.26409344451619321  0.27453290068587916  0.28509084721670896
  0.29555937533681781  0.30587849572010234  0.31626069073429930  0.32665934477215736
  0.33703445886502181  0.34728170549035736  0.35753024043923937  0.36800655017271910
  0.37839721003426019  0.38907330481779762  0.39952110956865211  0.41021407253643605
  0.42084383257397745  0.43163784527335974  0.44227273010857332  0.45278540919052557
  0.46318121009933222  0.47351469660131679  0.48376672208030463  0.49404087033999422
  0.50431802855877228  0.51484433432379695  0.52541184153239517  0.53600164820642326
  0.54646017938397717  0.55683776888610681  0.56724371106808658  0.57755612003025081
  0.58791549386220510  0.59831442361767884  0.60883890337813762  0.61940296606700063
  0.62987766742904405  0.64028525881518772  0.65087403142543820  0.66155216331105160
  0.67234686352578199  0.68298759872240455  0.69360615232666945  0.70409649256015516
  0.71463690389635959  0.72533698797286938  0.73600911704010807  0.74677340307135731
  0.75763335761010286  0.76845756722133418  0.77928866187948542  0.78996189803252770
  0.80070223908620985  0.81140804880922357  0.82194876846873877  0.83245596901149732
  0.84285498187508701  0.85329878804368609  0.86358613167440701  0.87399693751792384
  0.88428364308796681  0.89483407649985991  0.90518033424249544  0.91558240485686604
  0.92579251761044701  0.93613825295725006  0.94669962178686662  0.95745278627952779
  0.96813078580611323  0.97874945922167833  0.98939875788842846  1.00000000000000000
 -0.00236301977910267  0.00915069223947477  0.01910503200272066  0.02960959124223103
  0.04013296689439783  0.05074632844751705  0.06133040830622501  0.07205471308991782
  0.08275000088338447  0.09343141525723964  0.10405786129516585  0.11451235896751485
  0.12498970515156324  0.13559419176230683  0.14628687108870933  0.15694590058372665
  0.16737642308073739  0.17768852194409615  0.18802162211422646  0.19847213488287391
  0.20914124858584346  0.21984488753658177  0.23049342003806314  0.24108441955500834
  0.25175889202555257  0.26246970146045373  0.27313368751421135  0.28379493164506236
  0.29449893503570707  0.30516984853828344  0.31585276816214525  0.32661923496260320
  0.33734540819755698  0.34814794713672137  0.35892290394673737  0.36966742686550441
  0.38015955441070698  0.39058655993803665  0.40116076425927966  0.41172435748379943
  0.42235626158327044  0.43297313029033541  0.44347687031879479  0.45398212904798368
  0.46459843776554938  0.47528602048819402  0.48593549325815799  0.49648326788465552
  0.50692376189443356  0.51745099801455452  0.52801703473724693  0.53862970294021351
  0.54925087778137127  0.55980319059899986  0.57039100238262996  0.58102503815344342
  0.59169758343894574  0.60232594882699220  0.61283517210081029  0.62320563698268538
  0.63379987875861810  0.64442420262931344  0.65504523788272973  0.66546715772761866
  0.67566978594154004  0.68585191814365298  0.69606325243529832  0.70627993596659699
  0.71658321100385824  0.72686738012688323  0.73738645669500369  0.74788458457968943
  0.75857979792471208  0.76903703078192376  0.77958391782810477  0.79020239878739551
  0.80071747185159414  0.81106728369245118  0.82124869309270387  0.83161772339446349
  0.84216093553536286  0.85262319519319585  0.86296161822689132  0.87328949687267066
  0.88365436657244789  0.89415814595641363  0.90470895820277575  0.91521464441359157
  0.92569393909312803  0.93618475937089840  0.94682667512841390  0.95743368272392915
  0.96798036612127525  0.97852236987812946  0.98925030691439797  1.00000000000000000
 -0.00244259090807023  0.00954622588262766  0.01959041256216204  0.03002912968149436
  0.04037059588807170  0.05097066693710874  0.06162416469821503  0.07209352577445911
  0.08241796600079027  0.09274636829682852  0.10309120649217934  0.11350599768472174
  0.12398586044694933  0.13443349831051635  0.14505027444003415  0.15543366628649999
  0.16574739206548902  0.17610674062696899  0.18655233766738097  0.19704162421456109
  0.20735658811435845  0.21779574582177522  0.22831579875624577  0.23869538497039877
  0.24910728678147379  0.25960203562485773  0.27015730778615943  0.28076396362590517
  0.29136454178910143  0.30215932886142322  0.31267765355155852  0.32310978022442549
  0.33345736965377942  0.34386739170375619  0.35432792435748683  0.36483872905011783
  0.37544371856635134  0.38605068849523388  0.39659008253561784  0.40716983755545799
  0.41774104959766278  0.42836314865206743  0.43897943616839075  0.44958164524106559
  0.46028268534603134  0.47092705220562669  0.48143469057279586  0.49179015803828297
  0.50215960468235388  0.51268179517584112  0.52334793794535805  0.53389114928314796
  0.54446886321641241  0.55497100693608492  0.56561111058694324  0.57601525444595347
  0.58636205814677345  0.59689442161317552  0.60745227169529159  0.61798273282872884
  0.62842451937285582  0.63899885172144633  0.64953458627372562  0.65994358902109551
  0.67042952658930410  0.68102764966250440  0.69166884396661443  0.70237169318225157
  0.71304410171950428  0.72391767824577158  0.73459488507037651  0.74518190755034508
  0.75562684518990642  0.76613681595118499  0.77667807386784160  0.78712506393715309
  0.79755674644884988  0.80819910893585067  0.81889776118527735  0.82969641553366691
  0.84042488194326492  0.85126301507466451  0.86205571784043089  0.87289870295870509
  0.88354750788742731  0.89414142941732400  0.90473418778019910  0.91535936940481288
  0.92575685725984114  0.93615567961960522  0.94661601149541497  0.95723900420492403
  0.96778370352817911  0.97839225023022647  0.98916118535688358  1.00000000000000000
 -0.00252448768458515  0.00952057638857308  0.01960366059888055  0.03023309364797087
  0.04079800113077511  0.05142416606132714  0.06212765771607334  0.07288276218100165
  0.08346205707917953  0.09393587234258918  0.10434495700872178  0.11488654248566380
  0.12535251000865258  0.13581342758298950  0.14613562350283732  0.15651186276682699
  0.16699790850760804  0.17759709199946636  0.18824106921458872  0.19886710051652401
  0.20948561523561682  0.22001890206412372  0.23057163993646054  0.24117671383461653
  0.25167385088323502  0.26215538399898691  0.27261842153937327  0.28310391249519817
  0.29346132561387939  0.30370203498325060  0.31401704530755004  0.32446994904797155
  0.33500973044949683  0.34561403741522212  0.35614436212805506  0.36657447994833448
  0.37700959226883402  0.38755650110931916  0.39806050179236452  0.40845316875657561
  0.41890195196865548  0.42939744130358160  0.43980591205868624  0.45002354307430209
  0.46036079268063157  0.47072758599753967  0.48124263650487697  0.49174851468405500
  0.50229664013369402  0.51282396706473421  0.52338705161718035  0.53411248844409209
  0.54477208114495068  0.55535629552059407  0.56585776403702992  0.57639925117734414
  0.58695313528493298  0.59747072225793807  0.60793933362174746  0.61833418963296938
  0.62872905417705505  0.63901380364383764  0.64924224472567305  0.65958589974567894
  0.67022178697776136  0.68114026757753920  0.69203736542639860  0.70295201996307244
  0.71380826213428727  0.72445873918377357  0.73503974925639470  0.74555942180183177
  0.75598967155982921  0.76637323081441255  0.77679592092923555  0.78734497609619170
  0.79786515665050550  0.80859295734338255  0.81937356837495068  0.83022925846120343
  0.84081906505546733  0.85153025675590499  0.86210089685474456  0.87283668163917216
  0.88339776750648424  0.89413142226186015  0.90489108390404271  0.91572557097172647
  0.92632446664961432  0.93702834872609120  0.94760005209445175  0.95825592835724183
  0.96861652583081159  0.97911413792343815  0.98957935171561417  1.00000000000000000
  0.01120812098217095  0.02653671697468142  0.04163101881504554  0.05382679116658297
  0.06510936636372364  0.07620030736171715  0.08713162982309071  0.09789926011821190
  0.10852412286093371  0.11908420240603002  0.12962106204938001  0.14009920149405256
  0.15041021853671535  0.16052313389907116  0.17067904330694320  0.18102530296632255
  0.19145745996598479  0.20186468185506543  0.21229095757064534  0.22278423633296932
  0.23326855154579562  0.24376092805453020  0.25419844871214414  0.26462635930825396
  0.27497211110742059  0.28521143564146390  0.29541924331583669  0.30561353552363613
  0.31573744089944356  0.32570773557691629  0.33566169545178082  0.34570959204775481
  0.35583930416523213  0.36604752582379574  0.37634007840696987  0.38677949459273725
  0.39714362576350759  0.40748669945429111  0.41774786257969604  0.42797830969501471
  0.43821958923187854  0.44848536166711289  0.45876185724475510  0.46902612083970291
  0.47924514043578481  0.48940708953757500  0.49953486569231764  0.50969389987470415
  0.51988618718972246  0.53013061752838830  0.54038675012077575  0.55058316946888863
  0.56074629237604579  0.57078274131706597  0.58070081491799941  0.59056729674854269
  0.60042824525388372  0.61044841007322004  0.62057285143780438  0.63070789253817283
  0.64101757412036198  0.65129087229502525  0.66154674309816508  0.67169551367411728
  0.68181398893045719  0.69187022302911405  0.70180490573009591  0.71183464317684619
  0.72190413199529624  0.73193940110438527  0.74183139716927582  0.75174506561587706
  0.76181140469319752  0.77197568151916862  0.78220001653626214  0.79256009914369641
  0.80297620365776290  0.81334646429104385  0.82368453455737145  0.83397310468736807
  0.84419943866229141  0.85441356281911274  0.86446689246537101  0.87452542838877256
  0.88456325709145545  0.89461184283973416  0.90484958488344869  0.91519057276006555
  0.92545064260811027  0.93587841892992685  0.94601663740606534  0.95626953352714994
  0.96639881640360337  0.97673447005902647  0.98789111140137431  1.00000000000000000
 -0.01968364323834542  0.12389879242791996  0.16851828667667981  0.19747202384034088
  0.22128836986709668  0.24155274747009989  0.25961284821673758  0.27618701122021833
  0.29168143521073636  0.30618594636810476  0.31973784571382147  0.33259242850626686
  0.34484587079611490  0.35662476666375831  0.36791471647368473  0.37884084145279423
  0.38943198262096440  0.39969862309871201  0.40963697250847264  0.41926461916056285
  0.42863603324838206  0.43783276179997777  0.44683047484098970  0.45563524061864397
  0.46422143748826511  0.47262022047756719  0.48090720504447765  0.48897556129949121
  0.49697671305502344  0.50481026498270365  0.51252628945200085  0.52017212462488016
  0.52760515198432545  0.53498067010642558  0.54224156681167501  0.54938458836522552
  0.55643401152356753  0.56338052355760804  0.57020362205242714  0.57694868700160451
  0.58359509202065252  0.59011343007379502  0.59654084474302738  0.60291383120951381
  0.60922562818487991  0.61548630716223562  0.62173447644806024  0.62791309654082017
  0.63400855371344411  0.64003399735951805  0.64597664971121671  0.65179027808322920
  0.65760153932134024  0.66338147894343558  0.66910574553599400  0.67478015139312442
  0.68043088624721459  0.68606349869035255  0.69165713006680773  0.69719982575926420
  0.70270430193989208  0.70818442629910672  0.71362626956625452  0.71904516599174506
  0.72446975887557286  0.72989749064540954  0.73530251343800290  0.74071033529571262
  0.74612498776227465  0.75154662217351009  0.75698685233548857  0.76243424389344561
  0.76788423438599873  0.77334614341845265  0.77882989946062597  0.78431927578395333
  0.78985343920747075  0.79545083298201524  0.80112080882656245  0.80684988839536020
  0.81268666183106475  0.81870046156113674  0.82485778763607764  0.83111487777041682
  0.83761938416967341  0.84433718469916086  0.85127733271980810  0.85860103723316639
  0.86646860795362424  0.87481773336631607  0.88421054205941951  0.89461405851283149
  0.90679431303800018  0.92203809863450648  0.94524815467058509  1.00000000000000000
   4.5601935917987117E-004  -1.0000000000000000     
 F F F F F F F F F F F F F F F F T T T T T T T T T T T T T T T T T T T T T T T T T T T T T T T T F F F F F F F F F F F F F F F F F F F F F F F F F F F F F F F F T T T T T T T T T T T T T T T T T T T T T T T T T T T T T T T T F F F F F F F F F F F F F F F F
  <DiscreteSampler_grid>
  grouped_processes
  1 # 1 for a reference and 2 for a running grid.
  10 # Attribute 'min_bin_probing_points' of the grid.
  1 # Attribute 'grid_mode' of the grid. 1=='default',2=='initialization'
  0.0000000000000000 # Attribute 'small_contrib_threshold' of the grid.
  0.5000000000000000 # Attribute 'damping_power' of the grid.
 # binID   n_entries weight   weight_sqr   abs_weight
    31   10   6.935092534400341E+007   9.148466777730180E+015   6.935092534400341E+007
    32   10   6.935092534400338E+007   9.148466777730176E+015   6.935092534400338E+007
    34   10   6.935092534400339E+003   9.148466777730186E+007   6.935092534400339E+003
    35   10   6.935092534400336E+003   9.148466777730171E+007   6.935092534400336E+003
    37   10   6.935092534400339E+003   9.148466777730186E+007   6.935092534400339E+003
    38   10   6.935092534400336E+003   9.148466777730171E+007   6.935092534400336E+003
    40   10   6.935092534400341E+007   9.148466777730180E+015   6.935092534400341E+007
    41   10   6.935092534400338E+007   9.148466777730176E+015   6.935092534400338E+007
    43   10   6.935092534400341E+007   9.148466777730182E+015   6.935092534400341E+007
    44   10   6.935092534400338E+007   9.148466777730178E+015   6.935092534400338E+007
    46   10   6.935092534400339E+003   9.148466777730182E+007   6.935092534400339E+003
    47   10   6.935092534400336E+003   9.148466777730174E+007   6.935092534400336E+003
    49   10   6.935092534400339E+003   9.148466777730182E+007   6.935092534400339E+003
    50   10   6.935092534400336E+003   9.148466777730174E+007   6.935092534400336E+003
    52   10   6.935092534400341E+007   9.148466777730182E+015   6.935092534400341E+007
    53   10   6.935092534400338E+007   9.148466777730178E+015   6.935092534400338E+007
  </DiscreteSampler_grid>
