  0.00183354482080094  0.01231840195699368  0.02408638064432744  0.03491490119115870
  0.04552749702652898  0.05577590680172005  0.06602652161155355  0.07641690649444792
  0.08686148767856473  0.09724238787908088  0.10754422340428402  0.11781766712752424
  0.12810879351538779  0.13811238413974727  0.14825834536417209  0.15864136140841908
  0.16914568394346008  0.17947835924096994  0.18976913845264812  0.20007674946450962
  0.21037514445556560  0.22062861506092582  0.23083248460420994  0.24106913379617237
  0.25118997477464122  0.26130009811612137  0.27140048283381268  0.28154662014680443
  0.29172329151073745  0.30193028610469974  0.31210338615902639  0.32221386218209969
  0.33238050742097686  0.34252708490048228  0.35266996857003363  0.36277247820907510
  0.37280637981788017  0.38288099991370728  0.39300435661017830  0.40327621325733892
  0.41355851911897418  0.42365051432594064  0.43362830752824649  0.44375756471833722
  0.45395885586194140  0.46410817117843567  0.47409486891872149  0.48424080180907053
  0.49454211967573825  0.50489433846024745  0.51531519606086040  0.52571889733907973
  0.53609955028187817  0.54633575499851161  0.55643562871632546  0.56643291188195122
  0.57638949187459865  0.58639204379244791  0.59637088772907743  0.60630676112937087
  0.61622680043855982  0.62622467674775317  0.63636220743865646  0.64653577913758320
  0.65668488882077236  0.66687530155582408  0.67722466110674495  0.68769320649938437
  0.69825279427604958  0.70881124103179749  0.71928898111243400  0.72962269894227605
  0.73982513304596120  0.74998878645723455  0.76013026947832052  0.77028220658088709
  0.78048473768323823  0.79072451738377481  0.80095548374390058  0.81121719224335376
  0.82152735036291114  0.83187794206824894  0.84224693647837934  0.85259751231376357
  0.86292031597057017  0.87319715271019327  0.88340253748371522  0.89363544533471306
  0.90393345275860537  0.91428502590325789  0.92474092022099574  0.93541245050536959
  0.94648378403015621  0.95872935811422932  0.97504834553027608  1.00000000000000000
  0.00137488734376919  0.01432496590851577  0.02709380727738158  0.03828064945788103
  0.04897178608555458  0.05947710154125661  0.06985989427393484  0.08038229584250418
  0.09101480420100577  0.10171512999984038  0.11229422510015942  0.12286617150005223
  0.13321805181569887  0.14353932295862748  0.15380797576613439  0.16402811709295981
  0.17427552150051984  0.18430713915860683  0.19446814196037981  0.20459678360100794
  0.21500266318336239  0.22537166878223219  0.23564290580896372  0.24585708300247716
  0.25609584228445670  0.26637336699450426  0.27651471193082838  0.28669286367483743
  0.29682332802037537  0.30693546798294663  0.31697403328586310  0.32713241673538707
  0.33738419023787997  0.34744578861449532  0.35739860628083708  0.36718079231563394
  0.37706565501685851  0.38709689153928423  0.39722561687047020  0.40759325042942396
  0.41780832165714427  0.42802678301159192  0.43814861105644731  0.44831672943982709
  0.45843529087751766  0.46862180866902253  0.47875205987517094  0.48885027533769360
  0.49876435502545485  0.50873878541397810  0.51885645697280081  0.52901397061553568
  0.53920549437108067  0.54932240946511934  0.55944683827797659  0.56963187017842731
  0.57992513048378547  0.59029456342504349  0.60075071874848840  0.61105507654154412
  0.62129591689714891  0.63144054991649501  0.64168397864367621  0.65187090063789599
  0.66200283875416610  0.67208029621261722  0.68220430768136475  0.69250532568881162
  0.70280642548776673  0.71312568555482370  0.72343292787554414  0.73381467140008250
  0.74427562205907860  0.75455944193940816  0.76466033296586688  0.77479108493319848
  0.78497094858170058  0.79534171460023317  0.80587952656198336  0.81654074986923808
  0.82732607350080156  0.83798074650030918  0.84864628602629988  0.85915319489518349
  0.86961465699434826  0.88006611410211444  0.89049667783646191  0.90102972264766656
  0.91165701980627745  0.92248869602909533  0.93336452338538867  0.94464926570886631
  0.95615845068382521  0.96803883495522824  0.98397202675059803  1.00000000000000000
 -0.00247808002255759  0.00964037603152109  0.01980222750228769  0.03034753760389958
  0.04090698509742517  0.05135208755072950  0.06195987014140846  0.07239397675750746
  0.08305590183849779  0.09358479467728154  0.10435457498737258  0.11494407370601295
  0.12551030795072804  0.13598351884209570  0.14654305273875701  0.15702004649483994
  0.16746993589541648  0.17784139284494965  0.18833172045351057  0.19890124316580521
  0.20946754123152464  0.21984332473628679  0.23003895767091273  0.24032097825914964
  0.25065460838718506  0.26115547210133172  0.27172744257005604  0.28233378341748011
  0.29305915469381011  0.30369037978462671  0.31429503076880677  0.32461090140585896
  0.33484358429732247  0.34521741466089556  0.35565867441813021  0.36607449017564603
  0.37636083352300270  0.38668195601407790  0.39710400757772024  0.40758470186739487
  0.41812390756962964  0.42854353672497714  0.43887505069625354  0.44932738091747881
  0.45986774957733356  0.47068747506826136  0.48139420794561982  0.49211920185727936
  0.50270188827787232  0.51312730280178709  0.52351457281961289  0.53404948772047900
  0.54446828946397308  0.55499084572009327  0.56544298901218470  0.57595814504932286
  0.58650589970601086  0.59685926660630384  0.60723240388637456  0.61756407915960931
  0.62803251474463861  0.63864957586179061  0.64934365433356467  0.66000115107750024
  0.67059548871450525  0.68108081307000901  0.69161606343866144  0.70230053264688919
  0.71300881058523935  0.72384292850649012  0.73451744968361066  0.74522672011969904
  0.75585675546374742  0.76646264121599050  0.77713049880999963  0.78780470540075176
  0.79865673506258728  0.80935724449748392  0.81988215649018392  0.83037208632039861
  0.84089102593380971  0.85142089220299177  0.86162803988010939  0.87177487321730029
  0.88210667879269700  0.89262859461189281  0.90333346330758724  0.91402536638873155
  0.92478087402319276  0.93541316080432890  0.94605367669051343  0.95674304112720976
  0.96771041878975561  0.97856420702293068  0.98936988417494609  1.00000000000000000
 -0.00247901245855177  0.00948992323509421  0.01965722859446701  0.03016463228257353
  0.04064491208497636  0.05119974754118804  0.06174886389804218  0.07228079597823860
  0.08283133048497993  0.09325362750219930  0.10374884565746531  0.11429460464595750
  0.12493613146010984  0.13560024840472376  0.14626673144943780  0.15695176815688464
  0.16769096856777624  0.17833719177927568  0.18887670077698490  0.19924664897241123
  0.20963107023940877  0.22001555683013702  0.23044813969048916  0.24077782879279927
  0.25122607336098596  0.26174466978063027  0.27236956577640598  0.28282719709889115
  0.29339380235521667  0.30388981881697569  0.31434121427590617  0.32460416400997488
  0.33497458008910846  0.34554063391164391  0.35613732709720086  0.36671049884287371
  0.37731588456078019  0.38811107588563210  0.39902827443546490  0.41009500270882449
  0.42113326482566682  0.43205641844448561  0.44272111607805353  0.45332792812766182
  0.46385893477593992  0.47427335596784914  0.48474891691059757  0.49527659245773359
  0.50583195031646588  0.51633940697470593  0.52690744664926514  0.53747806332289572
  0.54807891144625076  0.55864140808523632  0.56938504453182548  0.58019197574552794
  0.59089758124941816  0.60152002304282792  0.61216488117659207  0.62294054826617662
  0.63354938285239082  0.64408867259872182  0.65457909406269021  0.66507390567060221
  0.67553935602111792  0.68598405491503478  0.69638618427140875  0.70669634970274131
  0.71707325095821939  0.72748711581780257  0.73792341547457974  0.74836137438193573
  0.75903037075279467  0.76966775215230521  0.78013769413531309  0.79071424894967812
  0.80143930997402113  0.81214368031414796  0.82266550482018475  0.83306058081321754
  0.84343228236726209  0.85377840759424284  0.86415309943850305  0.87478940232225644
  0.88543698113254365  0.89609364604462560  0.90657822744263783  0.91703218761516758
  0.92740630451272921  0.93772470747181946  0.94820184691876042  0.95866108254826132
  0.96905575424478907  0.97934205170928101  0.98965100715180698  1.00000000000000000
 -0.00245193933781759  0.00925692852100686  0.01920333135922397  0.02951102565453716
  0.03996955822004888  0.05055595164640971  0.06115230756611355  0.07177747777066867
  0.08236228924218213  0.09318914385332003  0.10398178267562573  0.11475898846620392
  0.12548019060665541  0.13618536732850267  0.14686520164194142  0.15723769017320005
  0.16755704842928459  0.17800965513850694  0.18853975294245806  0.19921962423861317
  0.20977654337238033  0.22024647248670290  0.23066622017102112  0.24100857698261430
  0.25141137392013846  0.26198053570745222  0.27260150382707155  0.28341475144328832
  0.29420872929809117  0.30503329566458298  0.31599888835004697  0.32673405242864445
  0.33742290622701487  0.34795642251974129  0.35860818118168891  0.36933880353045823
  0.38005328751288481  0.39065374814716031  0.40104851603799202  0.41134546690206564
  0.42165567084343880  0.43213950043529753  0.44273316729172824  0.45337507821456358
  0.46406893070191946  0.47485239663069317  0.48537670092005203  0.49577626027582683
  0.50629449614481714  0.51682534032032146  0.52733290300506852  0.53751630863362998
  0.54774905083551240  0.55792656907600380  0.56807366996089848  0.57834707021751552
  0.58870062519286981  0.59912248471344287  0.60935647062971121  0.61963118651358895
  0.63009777692838098  0.64073601544629177  0.65131574260512271  0.66190755668232215
  0.67257785278867510  0.68331756615910688  0.69384672128075375  0.70430028546074130
  0.71476837536620896  0.72520702340666932  0.73569529981515802  0.74614700996105210
  0.75675095987226937  0.76723639276790467  0.77766745494568867  0.78802644271185107
  0.79855975534469981  0.80917498048939840  0.81964627081088881  0.83016143802088571
  0.84070324095438032  0.85125034451058756  0.86168757431377008  0.87199087240292961
  0.88243654000980820  0.89297117241945823  0.90363836318929958  0.91437424615041651
  0.92512188405291529  0.93594073191790539  0.94675411752782812  0.95752060905336522
  0.96815759414921221  0.97885935375061062  0.98945510638389111  1.00000000000000000
 -0.00258454700330023  0.00960158543142544  0.02003132163952551  0.03068724912767949
  0.04133226286621650  0.05188184303631866  0.06246207577551443  0.07323129148989463
  0.08388809907028252  0.09455468237000098  0.10526124002733891  0.11587588394903117
  0.12652854155413715  0.13704299734158187  0.14762117894130858  0.15814747104580978
  0.16877015163967082  0.17951554751632329  0.19031357615327207  0.20115339369835328
  0.21190262986038055  0.22264942128011075  0.23327108380611433  0.24388966327822495
  0.25435684327841884  0.26482600507329762  0.27532897041211790  0.28586462232016885
  0.29631309874048234  0.30661910223461508  0.31688257938427433  0.32692790540082295
  0.33696989605722716  0.34704651910299755  0.35733843958007622  0.36785860155499311
  0.37837904818821771  0.38899962434802043  0.39966937547014741  0.41037062780802569
  0.42099650056105103  0.43144819644493859  0.44181396673884871  0.45204185173970240
  0.46231819397964041  0.47258147059176869  0.48303854041389721  0.49356185467275793
  0.50399772327264436  0.51432077610634575  0.52454423266314443  0.53479183567430433
  0.54514298773438097  0.55576495281499005  0.56650902195518948  0.57714129055265428
  0.58773599615303806  0.59831924285526061  0.60914403708464981  0.61991011792424622
  0.63069867205180064  0.64153278586179885  0.65264966213014264  0.66382589835304007
  0.67456212645336489  0.68522857313560048  0.69578178116513600  0.70640487005888497
  0.71680772500135514  0.72734770112103742  0.73798316274486087  0.74855514497973363
  0.75916958494306597  0.76972352744741335  0.78042613641974468  0.79101048327731860
  0.80154631395559839  0.81204303200386152  0.82253620994294341  0.83289269536603594
  0.84302345322442040  0.85317432619592237  0.86331393909947152  0.87344625194516723
  0.88387103124892352  0.89442360618971362  0.90506343429776703  0.91566175449967968
  0.92637318081259601  0.93715067760011062  0.94759658216842280  0.95809039707440424
  0.96871923546471383  0.97916829090922275  0.98956775632597327  1.00000000000000000
 -0.00260654844820900  0.00968236529566298  0.02018032814256741  0.03094697646045011
  0.04167672928133552  0.05232723681567481  0.06297597059892035  0.07364275631324375
  0.08430073204645608  0.09489107878379226  0.10552065585548971  0.11598698996836813
  0.12654508231248918  0.13690255914295121  0.14732465017242929  0.15765124943705031
  0.16801057865766780  0.17842547148839830  0.18885934166624460  0.19934109831642871
  0.20981428357744028  0.22035394802679578  0.23094641883729108  0.24147721700689695
  0.25195728872265089  0.26242545789943905  0.27289432362084487  0.28333949933966218
  0.29378792046802782  0.30439535550648761  0.31496592367053633  0.32555338444442944
  0.33615271210878428  0.34687854135872043  0.35753472254435797  0.36801908939461830
  0.37851907833693732  0.38912367622089450  0.39972567874922166  0.41011035692785419
  0.42044381522586377  0.43065026440911458  0.44094566995932410  0.45119143794053279
  0.46150895958376964  0.47202471288433989  0.48252389267564677  0.49308818341781746
  0.50350551124306453  0.51393959911013087  0.52434933058524824  0.53475829307526956
  0.54526456521414124  0.55574818338720544  0.56617325366154880  0.57658449059997741
  0.58708693276186164  0.59761946747256633  0.60807390963783525  0.61847987011382277
  0.62893522689616321  0.63943751659569947  0.65004662317109196  0.66074118512183255
  0.67145018658541800  0.68210992466862619  0.69296628970803076  0.70383928956253516
  0.71451547071776234  0.72501488605205222  0.73556252037572167  0.74607952196442218
  0.75660608330564272  0.76704188363682890  0.77769994393440833  0.78841961853904019
  0.79918093478140173  0.80986192964961978  0.82053491745813811  0.83134856084489084
  0.84198399986601291  0.85263296352918327  0.86336657527821203  0.87414334919046133
  0.88502480560174412  0.89572513228031614  0.90631414361714779  0.91685949137275102
  0.92722128979730711  0.93764505051528502  0.94796536489660488  0.95828084817387160
  0.96866434759039055  0.97912867831884254  0.98960190498406497  1.00000000000000000
 -0.00243606419055153  0.00982715361947904  0.02018526672288837  0.03069458662000601
  0.04117498678562175  0.05188672721452149  0.06255139546652422  0.07314145254238980
  0.08365690745463751  0.09425251673623006  0.10467642116072828  0.11508868075892520
  0.12556072710811583  0.13607372687592406  0.14663372791425153  0.15716841149854660
  0.16770151764594232  0.17831500572422826  0.18896904247078758  0.19970411388764961
  0.21037292545544228  0.22091261885014574  0.23145669928070234  0.24192264618980533
  0.25245763591132686  0.26303180358082928  0.27355673804747810  0.28388810040574852
  0.29432737515111734  0.30476619422562762  0.31527001717986775  0.32565683645110699
  0.33612144917898157  0.34667237243657345  0.35724389665446510  0.36784115376961440
  0.37841591956686843  0.38901256665529516  0.39943360963018371  0.41002226412302756
  0.42062095453599990  0.43122416703922223  0.44177306487790546  0.45216577858030405
  0.46260879416042294  0.47296413676326132  0.48346070834524846  0.49402085938298951
  0.50465808319868588  0.51537132867143109  0.52607618568197323  0.53685886845231290
  0.54776201464199403  0.55870478881243546  0.56966453376600534  0.58058052845364061
  0.59137904581149925  0.60211241644965996  0.61268713691283094  0.62327611823087270
  0.63364699796277124  0.64398518718747089  0.65435210247949005  0.66485308370863250
  0.67535936095345084  0.68577732756329801  0.69600358734170964  0.70619550977417000
  0.71650583372459131  0.72688461124487969  0.73730628746120086  0.74762253599992623
  0.75793325952091040  0.76821887008391343  0.77863275134042675  0.78915676839291737
  0.79964146304624684  0.81020598525275189  0.82069940793998397  0.83128033888787212
  0.84184708795180396  0.85245936595105798  0.86317733050033252  0.87392115301460327
  0.88455757830485171  0.89514160898182649  0.90552116618990719  0.91599767677344490
  0.92642714678791982  0.93695334230476413  0.94757503594861436  0.95826919662786458
  0.96873002181795320  0.97920095472881175  0.98955838593943013  1.00000000000000000
 -0.00182351673087458  0.01309096984676451  0.02532489646621297  0.03627192452382606
  0.04715155676581675  0.05779830990597751  0.06832526280549998  0.07881061463208497
  0.08929026636279820  0.10001086846178051  0.11061118223205726  0.12113880619728015
  0.13157605102869158  0.14195228091563977  0.15234425082839209  0.16276961728962686
  0.17331061491040742  0.18396483314272671  0.19443016016806214  0.20481131042665016
  0.21513743792677631  0.22544581738308409  0.23567827038485190  0.24595483145260452
  0.25628020610760505  0.26668905126867226  0.27692995459868480  0.28716343873004324
  0.29744536010780170  0.30784280110061862  0.31821451142152796  0.32854856740791355
  0.33889991865719715  0.34926810699057037  0.35958269197712062  0.36980561137867640
  0.38010139986042146  0.39048592368396090  0.40092471909768457  0.41136896644362897
  0.42184306910595210  0.43233969704764486  0.44278541066969995  0.45306535228069617
  0.46337912646441315  0.47371299807577499  0.48414424301234382  0.49447335614029719
  0.50487465266191889  0.51536431506726088  0.52595921244269894  0.53673042004890026
  0.54751998972752181  0.55830882305629059  0.56902564977610759  0.57974307035767780
  0.59054536099473154  0.60132285311601430  0.61187675667728514  0.62232865232365020
  0.63273353342845273  0.64318326731206721  0.65359009463579842  0.66392879297163498
  0.67429458174604606  0.68480691178449937  0.69535209048392244  0.70600022824884134
  0.71661273149953952  0.72726670786200975  0.73797365940395032  0.74878348046568999
  0.75944561388297893  0.77018401412450654  0.78090182266656050  0.79156979044020670
  0.80212460667038954  0.81259882134506956  0.82300212596476030  0.83338454495753622
  0.84377886954702364  0.85433709755278953  0.86483890809952668  0.87522034250823877
  0.88555783123823406  0.89576188196316253  0.90599081412359839  0.91632879416611135
  0.92669955617353283  0.93710731580800932  0.94757211021311816  0.95807417243633863
  0.96847889987798130  0.97885425669745585  0.98942407660071463  1.00000000000000000
 -0.01960766245051414  0.12216288998129812  0.16792443124255668  0.19713681289555554
  0.22107379769408825  0.24157125401343224  0.25977051478943974  0.27631040938974538
  0.29162374355758847  0.30598034589630124  0.31955441568877613  0.33249931798003496
  0.34480829403650809  0.35658868626442647  0.36784454050839505  0.37874780953621290
  0.38931828729567708  0.39961617314907116  0.40955733758973495  0.41922299245920425
  0.42861493774393539  0.43780105821985998  0.44677731323138253  0.45555639805647441
  0.46415377029799471  0.47255159812079084  0.48084142290156362  0.48896150977490416
  0.49698191994060364  0.50483876681541495  0.51250817110180058  0.52013144390594102
  0.52764668605632847  0.53509872926663682  0.54241415809119520  0.54954485358134531
  0.55657511893838929  0.56349823598875115  0.57031549676396809  0.57707440012823241
  0.58375727971417091  0.59032323793308661  0.59679507101566920  0.60320133155991806
  0.60952588251641115  0.61577764718997985  0.62198092065090937  0.62808058169872849
  0.63411217452176960  0.64012148299692040  0.64608828671648111  0.65200394907965320
  0.65785593218081517  0.66367021022562056  0.66940514156346642  0.67506890705137279
  0.68069640746241022  0.68629379103291477  0.69185008985360519  0.69736984594174090
  0.70286057871813290  0.70834770284444515  0.71378785825035451  0.71921320653442944
  0.72465026711014280  0.73006884412304263  0.73545046299557515  0.74080266720014765
  0.74612972652206322  0.75144410958216257  0.75677268015692944  0.76211922107150998
  0.76748949393683163  0.77289891606889982  0.77840920150081305  0.78394132170322273
  0.78955256691065456  0.79524972903249547  0.80101618968369392  0.80681762029320125
  0.81267914494242943  0.81867802070178108  0.82482187083239378  0.83109638735542357
  0.83763202993129082  0.84440604839811018  0.85139271895051016  0.85880727657433797
  0.86674103802471647  0.87518986072191685  0.88453815933603763  0.89490211570031830
  0.90705528434281435  0.92254259874085587  0.94622378974493015  1.00000000000000000
   1.1435472143310366E-005  -1.0000000000000000     
 F F F F F F F F F F F F F F F F T T T T T T T T T T T T T T T T T T T T T T T T T T T T T T T T F F F F F F F F F F F F F F F F F F F F F F F F F F F F F F F F T T T T T T T T T T T T T T T T T T T T T T T T T T T T T T T T F F F F F F F F F F F F F F F F
  <DiscreteSampler_grid>
  grouped_processes
  1 # 1 for a reference and 2 for a running grid.
  10 # Attribute 'min_bin_probing_points' of the grid.
  1 # Attribute 'grid_mode' of the grid. 1=='default',2=='initialization'
  0.0000000000000000 # Attribute 'small_contrib_threshold' of the grid.
  0.5000000000000000 # Attribute 'damping_power' of the grid.
 # binID   n_entries weight   weight_sqr   abs_weight
    31   10   3.339535992724615E+005   3.791821580187289E+011   3.339535992724615E+005
    32   10   3.339535992724614E+005   3.791821580187289E+011   3.339535992724614E+005
    34   10   3.339535992724613E+001   3.791821580187288E+003   3.339535992724613E+001
    35   10   3.339535992724613E+001   3.791821580187288E+003   3.339535992724613E+001
    37   10   3.339535992724613E+001   3.791821580187288E+003   3.339535992724613E+001
    38   10   3.339535992724613E+001   3.791821580187288E+003   3.339535992724613E+001
    40   10   3.339535992724615E+005   3.791821580187289E+011   3.339535992724615E+005
    41   10   3.339535992724614E+005   3.791821580187289E+011   3.339535992724614E+005
    43   10   3.339535992724614E+005   3.791821580187291E+011   3.339535992724614E+005
    44   10   3.339535992724614E+005   3.791821580187289E+011   3.339535992724614E+005
    46   10   3.339535992724614E+001   3.791821580187289E+003   3.339535992724614E+001
    47   10   3.339535992724613E+001   3.791821580187288E+003   3.339535992724613E+001
    49   10   3.339535992724614E+001   3.791821580187289E+003   3.339535992724614E+001
    50   10   3.339535992724613E+001   3.791821580187288E+003   3.339535992724613E+001
    52   10   3.339535992724614E+005   3.791821580187291E+011   3.339535992724614E+005
    53   10   3.339535992724614E+005   3.791821580187289E+011   3.339535992724614E+005
  </DiscreteSampler_grid>
