  0.00909950966799291  0.01561331716618824  0.02516251943600866  0.03626286212789640
  0.04690708007272494  0.05751708575584401  0.06786839244038567  0.07815139450736669
  0.08835400487281299  0.09863509087174054  0.10897309577017296  0.11960075698110624
  0.13021759424373991  0.14088697618237978  0.15126457726183967  0.16137487097896142
  0.17129925895605169  0.18121667074691319  0.19137809411461998  0.20159721759598487
  0.21193979000881766  0.22220011731788469  0.23251348619565865  0.24281962443013558
  0.25320324594811228  0.26364500571573740  0.27411581454351580  0.28456576256146543
  0.29486775415267125  0.30510518891769445  0.31547542100689596  0.32606610703872441
  0.33653113169845145  0.34683550381303530  0.35710453016210886  0.36748757957345757
  0.37788521577656059  0.38816254722059673  0.39851673981702579  0.40891638472676245
  0.41924413720802567  0.42946606708160673  0.43975545223125673  0.45008953395938667
  0.46037604745380595  0.47050922793508126  0.48060057672106543  0.49064832003558301
  0.50072266562302781  0.51088254905044050  0.52119382774490652  0.53157898660750369
  0.54193207048187342  0.55221297290234805  0.56245203280366285  0.57270981337695903
  0.58292072870092837  0.59299032625243508  0.60309306221333381  0.61341942834474694
  0.62404267613924203  0.63477821826997549  0.64540508303878330  0.65586566245050115
  0.66610930023548398  0.67628144952829683  0.68647026140798273  0.69665345757658492
  0.70688320719918618  0.71721216718641667  0.72760195405890615  0.73797048215339034
  0.74830243038000221  0.75852757101589696  0.76877314245736894  0.77906889889137254
  0.78955926572243729  0.80028538796772053  0.81122322860352913  0.82222000165669340
  0.83308756811474660  0.84374531813794484  0.85433633208219850  0.86487786710266612
  0.87530922852753612  0.88560800499981740  0.89582011347449464  0.90605532342857520
  0.91647474417861585  0.92709774257228195  0.93798257640535432  0.94872813314164672
  0.95957986040367649  0.97012725679187539  0.98073518846520602  1.00000000000000000
  0.00734769719277422  0.01509580111779938  0.02561903949713547  0.03705598601243033
  0.04803850003895148  0.05877943613962849  0.06914016042620008  0.07932854221902087
  0.08963855094722126  0.10009511275804514  0.11067912971168310  0.12123842814374625
  0.13182051829376609  0.14237642865018560  0.15285999532970013  0.16340846605471582
  0.17389824495209572  0.18419088477156798  0.19433369386003102  0.20449908091992849
  0.21481360909258154  0.22531609713721995  0.23580012134136000  0.24627395775201313
  0.25658937781246399  0.26692207114422228  0.27735529034418971  0.28776708201816564
  0.29820997591276754  0.30865292990991816  0.31921633748395267  0.32963598898607727
  0.33994354682368760  0.35004621839529543  0.36024515458683221  0.37055620015862156
  0.38093827095971278  0.39137481695268778  0.40175943664002517  0.41222878181257838
  0.42250524738820128  0.43269457332354061  0.44281476076470594  0.45288500981544949
  0.46305495944796415  0.47320091670455283  0.48343894550682820  0.49359682442242392
  0.50393469310359551  0.51449753688352884  0.52522475728067874  0.53572831243056052
  0.54612327536117056  0.55653274043198608  0.56695942402046817  0.57741858212484343
  0.58776605832960349  0.59809806629035922  0.60837865482947751  0.61864956768407786
  0.62900154102221362  0.63939021813945995  0.64989143953553985  0.66030405045066787
  0.67063849730912939  0.68082578001175653  0.69108856659967699  0.70142785075266934
  0.71183152380961112  0.72222607595646582  0.73266685092409434  0.74320874504970724
  0.75378554586335555  0.76431767076223711  0.77483175163599161  0.78531860081960714
  0.79576598325204650  0.80620969660261599  0.81667368399386087  0.82716050656440832
  0.83754881925560787  0.84773322147201391  0.85781982802350243  0.86792995698534814
  0.87811348210491014  0.88828668573107317  0.89838357129480528  0.90856478056051992
  0.91889093805505417  0.92934806237112355  0.93978283934938556  0.95002840822635892
  0.96031196842944622  0.97063473908625364  0.98073237418073866  1.00000000000000000
 -0.00248423744544143  0.00940708699306400  0.01950675172025192  0.02996799241419161
  0.04047079837259095  0.05119736757187245  0.06190116596845989  0.07248389843689799
  0.08286607347665556  0.09318822101185770  0.10357801441426910  0.11395998349132090
  0.12437487101115235  0.13497699922119577  0.14567976175866082  0.15662947723364079
  0.16737921564088434  0.17786893940804419  0.18823565909577894  0.19867149299063791
  0.20932066972558835  0.21992275398322075  0.23043049878348928  0.24077705701963775
  0.25118493068225023  0.26178904185160984  0.27250560056927098  0.28321164903936791
  0.29381573951409756  0.30440109758294193  0.31489604187447529  0.32523885254523333
  0.33546268501527154  0.34569166279495028  0.35600493820455048  0.36638671237895498
  0.37687784928104862  0.38748979289185009  0.39812298426602150  0.40862082179131765
  0.41907240496947001  0.42948752087820469  0.43996904040826862  0.45050941878011752
  0.46107110830696219  0.47148902325470354  0.48184260851706501  0.49232197432159519
  0.50298703106542386  0.51351265036539440  0.52415688097205682  0.53485595374179129
  0.54553020427095134  0.55602274824674669  0.56657163523709109  0.57724631716139396
  0.58780052578474518  0.59820356585067613  0.60860369646580714  0.61906882387331763
  0.62948223332714592  0.63975095909277113  0.65003858999237485  0.66033916061514952
  0.67077029589374382  0.68126493635346907  0.69184106415905966  0.70255404625703122
  0.71334193112111044  0.72431853145526826  0.73538447664133444  0.74645778915844818
  0.75747217001740097  0.76846155419472462  0.77918766308850484  0.78972854633849732
  0.80006571022099349  0.81031222372235323  0.82067379025029619  0.83098933745006698
  0.84132135783375694  0.85164441982999772  0.86230357210644004  0.87297518507214666
  0.88354708664379622  0.89409511792637264  0.90489781796137103  0.91582229368174761
  0.92629927426683956  0.93669453487534327  0.94714879242880901  0.95767754131842431
  0.96827731375064474  0.97878031490538298  0.98947985269803385  1.00000000000000000
 -0.00251370000324445  0.00961588602986784  0.01997762291343106  0.03059857938076540
  0.04134442817759013  0.05213803029098808  0.06268748096341240  0.07311920872397593
  0.08363875630300180  0.09437947608017416  0.10509404540771719  0.11563771156958047
  0.12618056392607210  0.13686122403193196  0.14751510902029003  0.15814221294693229
  0.16875634801902065  0.17937188274727883  0.18985976914927852  0.20025376853817128
  0.21055680904060317  0.22086062051481437  0.23115770062397922  0.24160506468613591
  0.25211050982424943  0.26266986729021852  0.27319498876902432  0.28365255879769358
  0.29414181232701692  0.30463750317088872  0.31537910026912835  0.32618626152511382
  0.33693327626680764  0.34746150069564552  0.35792425379759474  0.36836192213108110
  0.37874935730279058  0.38902712883268953  0.39928619263300896  0.40979163600126084
  0.42028798603658007  0.43099690857036571  0.44154570529644838  0.45209910660036889
  0.46249098311130288  0.47289067185109956  0.48333198747070455  0.49365228996835397
  0.50399755055850426  0.51446505253608088  0.52496693962362073  0.53549087071839541
  0.54624034687699985  0.55706770393130700  0.56796685828257198  0.57872362242945830
  0.58941299211747256  0.60003336452808476  0.61042492110702129  0.62094982621972294
  0.63157289899080737  0.64218989829215167  0.65272904854512026  0.66317523244874421
  0.67366794722177459  0.68425040372313795  0.69501303774758605  0.70584208494336442
  0.71642321789862140  0.72680461718144973  0.73711952967306849  0.74729574623521933
  0.75747671429232954  0.76759256630527173  0.77773761892944082  0.78809226327596460
  0.79856318723707398  0.80928169975326625  0.81973875967074761  0.83017366768488554
  0.84079455840242645  0.85139676674634412  0.86187136524705443  0.87225405336194395
  0.88298136245136005  0.89407251692053880  0.90503879875034887  0.91604078484150009
  0.92665659451330529  0.93731036826862901  0.94787923184276401  0.95836103540012341
  0.96866587387615422  0.97896841274453539  0.98947371689583730  1.00000000000000000
 -0.00243875717414020  0.00969892474596253  0.01974846168938032  0.03024760727239286
  0.04084886565675463  0.05153209138315602  0.06226823238764888  0.07277528879590181
  0.08321777328906851  0.09345652722753707  0.10374520281778640  0.11430878207102711
  0.12506623627690633  0.13601050980451021  0.14683482860129243  0.15749406365801288
  0.16817067088991869  0.17871874796021003  0.18929381518241645  0.19977288639854562
  0.21028942660313821  0.22066734003884775  0.23099965966750030  0.24146702036012510
  0.25210117176079466  0.26280400515181995  0.27344485456504686  0.28378041140643578
  0.29415611703988931  0.30449366047926779  0.31486532039811238  0.32499477125655352
  0.33521800822062398  0.34555514580267221  0.35583388058513932  0.36620317187284401
  0.37661837115411712  0.38727066828212969  0.39790089570436538  0.40841847381059249
  0.41900578777073533  0.42962407817128678  0.44023220825289106  0.45078902137852317
  0.46112214245130018  0.47153166056492096  0.48183593057694957  0.49220249333532529
  0.50252085578280514  0.51307924496721968  0.52342926408788693  0.53388895836849448
  0.54428047338161512  0.55484358424253599  0.56554958419602186  0.57612715266512671
  0.58660452864027657  0.59697841407079644  0.60743847875312795  0.61815902565952219
  0.62868200349405279  0.63925396555469483  0.64989737389150426  0.66071055314122329
  0.67133562384974776  0.68201961114272946  0.69271949099011565  0.70352388494637286
  0.71404852967739174  0.72444948983615487  0.73488193468740060  0.74540973930630228
  0.75599376377846683  0.76655240355851517  0.77713774518840106  0.78760254268014129
  0.79798890564252334  0.80842490593156469  0.81904536132523875  0.82974043040203493
  0.84036727481708540  0.85094749074502773  0.86158828288482436  0.87233258319120899
  0.88287380649354663  0.89337166936301915  0.90385467201461156  0.91459835211000018
  0.92530080243984603  0.93616200131444494  0.94685811216132942  0.95758954928651441
  0.96813830453154637  0.97877737660408992  0.98940742601733256  1.00000000000000000
 -0.00225904685177709  0.00987385705010953  0.02007046152914727  0.03058862736549715
  0.04105825970421409  0.05142010844212552  0.06163491865592374  0.07225786290956707
  0.08288780432315340  0.09342148246371328  0.10394049120273709  0.11423344296935925
  0.12468066758030875  0.13466070819947243  0.14477527553831618  0.15502414506708875
  0.16536256119170328  0.17580209612593520  0.18627342603459635  0.19694664534824102
  0.20770572382659433  0.21830242546578188  0.22896098402265652  0.23951204676274648
  0.25020896535352211  0.26067922153929335  0.27105100355258527  0.28128617436404968
  0.29159045039635212  0.30220885390348884  0.31283511749887605  0.32329265171631166
  0.33353178132345485  0.34369945041701233  0.35406480003141644  0.36448986476046752
  0.37488755920422651  0.38529377716850943  0.39576020386993133  0.40637201537496420
  0.41689475891280703  0.42739178140240525  0.43789657354784511  0.44847108788823159
  0.45893768581520283  0.46947458107328344  0.47999655887773723  0.49075706256347196
  0.50138665917285974  0.51200239275392645  0.52260193148859324  0.53338534983764552
  0.54402418861437440  0.55461525001929746  0.56519498749376196  0.57595312540373789
  0.58659822424743591  0.59713061575802995  0.60760036171003839  0.61806649697023197
  0.62869028132512461  0.63944291938227416  0.65025700277199461  0.66098353419568379
  0.67161947989283122  0.68225959650824419  0.69293852514850018  0.70361771570370513
  0.71442913328236479  0.72540234959990268  0.73648105978837608  0.74751297791576887
  0.75814712231624271  0.76873118809017182  0.77932722894270179  0.78984714749704499
  0.80033393234393568  0.81098376180792886  0.82177458907123724  0.83264418182993249
  0.84328469093662051  0.85398580775555932  0.86459564057806937  0.87508781281965686
  0.88562594920696991  0.89614159171585317  0.90665797175481044  0.91725605291115830
  0.92774412974036302  0.93833058017454396  0.94851006004627447  0.95871926239961069
  0.96892758354440189  0.97917139211172199  0.98954334150774104  1.00000000000000000
 -0.00242287347525555  0.00921615012700464  0.01934433260768878  0.02976998477100774
  0.04045584743464106  0.05084365348957717  0.06124216402930514  0.07179144608466093
  0.08219083286326484  0.09281595550042354  0.10333882528415841  0.11399354413721528
  0.12446013138583233  0.13493370855853648  0.14541261649383502  0.15597809843349625
  0.16664832982970418  0.17728771340873098  0.18793602995839129  0.19830207033469771
  0.20875019056037827  0.21918518466935183  0.22960808551778786  0.24006052702459355
  0.25052083490201227  0.26118091331803989  0.27201286872038288  0.28299059642230490
  0.29404204504094561  0.30475034781126720  0.31526051705174907  0.32551034098348780
  0.33586872292901465  0.34637205465759369  0.35690212225186280  0.36749251457054632
  0.37802283125113118  0.38863052371412954  0.39919059238057614  0.40969058686048482
  0.42013135510091965  0.43051695560843717  0.44113464335831615  0.45200191135122425
  0.46274399111854109  0.47321419285813121  0.48363686721218102  0.49408299203605832
  0.50446172573013071  0.51470277361851369  0.52500303485751354  0.53548808275690907
  0.54623898279652394  0.55694236911385264  0.56746607097567037  0.57774192713402361
  0.58814814697044959  0.59880995599829623  0.60953805878356193  0.62006446458225750
  0.63062199166256583  0.64121991657411581  0.65185441961005053  0.66233501358480251
  0.67306698975290613  0.68390602012391966  0.69447058974599507  0.70490533663793742
  0.71542312707753297  0.72598334148842303  0.73633204111885386  0.74662025145225863
  0.75708927227299849  0.76768815734527918  0.77817850049106652  0.78864541502191243
  0.79900615688426457  0.80937990254331871  0.81965473289835311  0.82994880273487037
  0.84023862153517970  0.85065407532798565  0.86126557334925691  0.87203744708388187
  0.88283001678970896  0.89342686729068765  0.90382591477136343  0.91415690075222256
  0.92455913800869061  0.93516723018611114  0.94581459968066328  0.95654216424988592
  0.96736528416153122  0.97827307813921693  0.98912501637326145  1.00000000000000000
 -0.00237644960335469  0.00917884112295827  0.01905890842523772  0.02953968436286809
  0.04011954934574263  0.05087759605574740  0.06146794833244899  0.07217261450003740
  0.08283358126318618  0.09364507889303138  0.10439228594728936  0.11487973309172632
  0.12536700011215862  0.13606910870318431  0.14691433745041940  0.15814219778721753
  0.16918289780968604  0.17985774598564042  0.19050297617867129  0.20105239425792831
  0.21156068835913366  0.22181809926416926  0.23210304700302947  0.24256107142455091
  0.25306837686691347  0.26372719872817246  0.27425925186605216  0.28488680001451733
  0.29549738448124824  0.30599251720463361  0.31646552312293030  0.32671311075059523
  0.33708373237997924  0.34757568453198562  0.35819292592851293  0.36909493947894462
  0.37973490782503844  0.39028905906812106  0.40051493020507478  0.41073643338066496
  0.42107445228675838  0.43154261193134918  0.44191869844263842  0.45232989914894500
  0.46269318530775044  0.47310961171485938  0.48362241594360111  0.49418741199670890
  0.50491671852270559  0.51566939203335938  0.52643891988739100  0.53730518156131957
  0.54814527881872332  0.55917678821312711  0.57002501218273127  0.58064361132074882
  0.59106611427120181  0.60135783630425821  0.61169319967233038  0.62200516231713221
  0.63240786511485392  0.64294541101472369  0.65340687559050259  0.66391929784047365
  0.67439601604240185  0.68490671895413557  0.69539562968509439  0.70574186720491483
  0.71603436828453315  0.72624823384241566  0.73659021074725783  0.74697837247756149
  0.75751108643134735  0.76817790611136672  0.77905159735119101  0.78978634864453834
  0.80040968823535152  0.81100735537676483  0.82177050160405207  0.83248308036789764
  0.84301521319400052  0.85359539168520071  0.86434650786634482  0.87512444110584875
  0.88568230023020145  0.89623961647610551  0.90668334440922760  0.91715845529159390
  0.92741583259835347  0.93778957364954019  0.94817778519910501  0.95851255536425195
  0.96877124858180430  0.97904627815775047  0.98948518981481859  1.00000000000000000
  0.00912730852716369  0.01617102709410819  0.02618341012407392  0.03748013355005994
  0.04839506910854520  0.05927573381648564  0.07008717476574602  0.08077102974538013
  0.09174719814659693  0.10280546269134039  0.11349793363543248  0.12419811178488803
  0.13474874727053798  0.14538991656978748  0.15586014301164139  0.16648269554205591
  0.17736965879549646  0.18823801840719256  0.19906265342787144  0.20970923440995853
  0.22031256259061630  0.23088338328850030  0.24137160110175720  0.25202370266857477
  0.26247135805774774  0.27291544145942676  0.28320349153406543  0.29345922712310918
  0.30369011875477409  0.31393293280058759  0.32417585764093465  0.33444368028254240
  0.34488897750994635  0.35529880543631098  0.36555654870450888  0.37587673755123902
  0.38659545753038171  0.39745892491686569  0.40799083494153776  0.41853872599511704
  0.42912318553521361  0.43969852883877542  0.44998803830651379  0.46017128731554141
  0.47040865148779054  0.48060682458010268  0.49103419595910330  0.50129232846524407
  0.51175434531329900  0.52219321841811817  0.53290816424348075  0.54363782475591405
  0.55454509260578300  0.56535335342942994  0.57587628387907075  0.58634585562873520
  0.59685292577657290  0.60736205459368997  0.61781565223482138  0.62839948800582091
  0.63910997105279677  0.64977263522498596  0.66036331495572009  0.67080436243867603
  0.68129698875472489  0.69161912006054194  0.70191740768010380  0.71207670638707887
  0.72229704346092105  0.73261529110884605  0.74299175047830779  0.75316743699781763
  0.76334600951193421  0.77347297466726928  0.78372106608530945  0.79414735367818512
  0.80486163749602557  0.81572766616914338  0.82650436282720219  0.83737242999379358
  0.84810452842988249  0.85877591906799333  0.86916389432349661  0.87953172496917165
  0.88982351722263375  0.90008403058676978  0.91034131335491375  0.92047941346748907
  0.93060345578961756  0.94089097703143676  0.95125530461335794  0.96166943553631656
  0.97174948594190569  0.98168026294764299  0.99144754790545864  1.00000000000000000
 -0.01736676110349018  0.11979617654382786  0.18222249195019743  0.22739545088073801
  0.25789304884949238  0.28092932496259826  0.30015434658006179  0.31685874475149667
  0.33194286805446993  0.34526296854492566  0.35782268651849619  0.36934765654765217
  0.38029687085973013  0.39059062920789128  0.40044648816650008  0.40983123874783001
  0.41883689607321406  0.42746886172513926  0.43580917850154116  0.44384165526342867
  0.45158632042719260  0.45914994743753434  0.46648210162431619  0.47366068844235210
  0.48069653314024630  0.48749991327742609  0.49422070257935546  0.50079668133274990
  0.50721978586791105  0.51354122850130846  0.51978580479726377  0.52589061858675168
  0.53185322887189657  0.53775594289268891  0.54351658477266807  0.54917978006996682
  0.55478721779056861  0.56032676893200362  0.56579600800224661  0.57120326763188911
  0.57657602672894170  0.58191766394651678  0.58718763160970588  0.59241275124641335
  0.59759272190453916  0.60273317125093684  0.60781212077456559  0.61284210522675064
  0.61785062877352059  0.62282670033285137  0.62776236514218819  0.63267218278500725
  0.63756806332206806  0.64245290844572511  0.64733154671223281  0.65218540761808208
  0.65704314743817160  0.66189319566984972  0.66672220281334982  0.67153920119186805
  0.67635194897596806  0.68117285060581489  0.68601285293153802  0.69087702351598124
  0.69576456548099774  0.70066742795233361  0.70556493154087585  0.71050104979957662
  0.71548047379952961  0.72048317871205625  0.72550528536653591  0.73058459390319341
  0.73574932945144844  0.74099334852388565  0.74629586751213228  0.75167944681041565
  0.75719875977594708  0.76279050906652346  0.76847186912696230  0.77430925939098560
  0.78036809193590928  0.78654397784999441  0.79291123458547208  0.79958480942149435
  0.80639804848441321  0.81358461433394291  0.82120024906533429  0.82922720475946077
  0.83789017257021392  0.84722735591946485  0.85765183280460244  0.86938093701798436
  0.88340516013918891  0.90105746804118614  0.92979266622837509  1.00000000000000000
   2.4887624042885729E-039  -1.0000000000000000     
 F F F F F F F F F F F F F F F F T T T T T T T T T T T T T T T T T T T T T T T T T T T T T T T T F F F F F F F F F F F F F F F F F F F F F F F F F F F F F F F F T T T T T T T T T T T T T T T T T T T T T T T T T T T T T T T T F F F F F F F F F F F F F F F F
  <DiscreteSampler_grid>
  grouped_processes
  1 # 1 for a reference and 2 for a running grid.
  10 # Attribute 'min_bin_probing_points' of the grid.
  1 # Attribute 'grid_mode' of the grid. 1=='default',2=='initialization'
  0.0000000000000000 # Attribute 'small_contrib_threshold' of the grid.
  0.5000000000000000 # Attribute 'damping_power' of the grid.
 # binID   n_entries weight   weight_sqr   abs_weight
    31   10   1.529310515893831E-025   5.338700219767120E-050   1.529310515893831E-025
    32   10   1.529310515893829E-025   5.338700219767114E-050   1.529310515893829E-025
    34   10   1.529310515893831E-029   5.338700219767119E-058   1.529310515893831E-029
    35   10   1.529310515893829E-029   5.338700219767115E-058   1.529310515893829E-029
    37   10   1.529310515893831E-029   5.338700219767119E-058   1.529310515893831E-029
    38   10   1.529310515893829E-029   5.338700219767115E-058   1.529310515893829E-029
    40   10   1.529310515893831E-025   5.338700219767120E-050   1.529310515893831E-025
    41   10   1.529310515893829E-025   5.338700219767114E-050   1.529310515893829E-025
    43   10   1.529310515893831E-025   5.338700219767118E-050   1.529310515893831E-025
    44   10   1.529310515893829E-025   5.338700219767113E-050   1.529310515893829E-025
    46   10   1.529310515893831E-029   5.338700219767119E-058   1.529310515893831E-029
    47   10   1.529310515893829E-029   5.338700219767114E-058   1.529310515893829E-029
    49   10   1.529310515893831E-029   5.338700219767119E-058   1.529310515893831E-029
    50   10   1.529310515893829E-029   5.338700219767114E-058   1.529310515893829E-029
    52   10   1.529310515893831E-025   5.338700219767118E-050   1.529310515893831E-025
    53   10   1.529310515893829E-025   5.338700219767113E-050   1.529310515893829E-025
  </DiscreteSampler_grid>
