  0.00748990180513077  0.01442806193158864  0.02425647401960983  0.03538896304250016
  0.04611088787716609  0.05667067931123330  0.06722991573544712  0.07778806367195375
  0.08841579677900792  0.09882599667320312  0.10923562329737158  0.11949201158889403
  0.12970320369709593  0.13989425165941127  0.15007756925725593  0.16036411555408112
  0.17058260380985274  0.18090336421780978  0.19119471032796798  0.20146477774739932
  0.21171358097741627  0.22192316935535458  0.23214521969493440  0.24235907436477019
  0.25264250725697035  0.26306815572026448  0.27342639665464313  0.28372274834948980
  0.29394736288217183  0.30423317580286746  0.31471922254494783  0.32536473934317867
  0.33592890193326591  0.34629923255683082  0.35667356035908543  0.36714513425114459
  0.37758014674608592  0.38809200489479589  0.39872036793401255  0.40948026693695311
  0.42023491441252420  0.43081240221789546  0.44136233921190565  0.45176830026960768
  0.46218605346332242  0.47247799486074088  0.48272603846739598  0.49307684001871055
  0.50366279998663466  0.51437507933654059  0.52498920947264294  0.53551071577324083
  0.54616425651834422  0.55689260923803752  0.56757689645121456  0.57813119217870224
  0.58864325307772325  0.59916427602475530  0.60963334850233597  0.62015377497034696
  0.63070310208277269  0.64124958307788715  0.65178109273878881  0.66222337672389875
  0.67262543978529632  0.68302260226590217  0.69347384499851283  0.70397501949731811
  0.71432492487501953  0.72459506866008083  0.73485270764337252  0.74511037248976209
  0.75545744765645895  0.76597087580461309  0.77650440432208490  0.78709682225349975
  0.79752918864553368  0.80803279108539694  0.81833396457430885  0.82856335866019781
  0.83876080150123167  0.84911284778307272  0.85961605352678383  0.87024425618618828
  0.88083493656923761  0.89134552995710414  0.90175306943458233  0.91215102957610217
  0.92268972516789793  0.93329090182821739  0.94405723370493755  0.95475665563715695
  0.96565148626423059  0.97652227361205013  0.98806874021512547  1.00000000000000000
  0.00736427148391540  0.01522722806533592  0.02562976617651140  0.03662417643236540
  0.04709110254275389  0.05742867736698915  0.06774804075712633  0.07800577869057528
  0.08831476468349078  0.09868468687811015  0.10906369702613476  0.11949014742098056
  0.12994423198431090  0.14050751988804039  0.15108649057257434  0.16165764412573042
  0.17232251820735822  0.18298270627136992  0.19357124011128413  0.20402622615578073
  0.21452501184924880  0.22499727882928292  0.23546609273314492  0.24585719987414931
  0.25629950990884615  0.26682576997572693  0.27730472427952596  0.28781647453839332
  0.29830614656520998  0.30884315501865789  0.31925716942616511  0.32959722865744268
  0.34007406082715536  0.35065500036496372  0.36129233371797581  0.37203259027643870
  0.38270153246787020  0.39339321850433506  0.40378463829025385  0.41414768661709078
  0.42426711284975965  0.43424364808867816  0.44418142599754890  0.45411471039990980
  0.46412949918912028  0.47425890243497065  0.48444512469643486  0.49477100885673125
  0.50501201367184911  0.51543836923431396  0.52589050987823982  0.53648824134565365
  0.54690179613780310  0.55723547105623383  0.56751719541998735  0.57788937703033494
  0.58833436987868870  0.59882926693115213  0.60938354085356827  0.61998926970391599
  0.63047093678411270  0.64080747795396853  0.65112689754253661  0.66145639339898787
  0.67185757472820196  0.68219990401472608  0.69262957261058034  0.70328288050259868
  0.71398356091598048  0.72460776146884187  0.73509569951341636  0.74569273677292458
  0.75627835945022726  0.76683040946277226  0.77731727873286904  0.78764162749219591
  0.79785177973962518  0.80802881070687749  0.81842213516370432  0.82890096957556614
  0.83936196428070053  0.84987115495095567  0.86035361234269314  0.87094600637933861
  0.88162250825833377  0.89239927880994130  0.90321454344482721  0.91392471934435937
  0.92453128354793079  0.93518363111687031  0.94575236526837514  0.95642100674727204
  0.96713667723956698  0.97799119687998715  0.98898403661718182  1.00000000000000000
 -0.00248767598659958  0.00963102705244591  0.01974311627158726  0.03029612197842826
  0.04094740109921388  0.05163484892807589  0.06223327182777095  0.07283577360411811
  0.08341142511487173  0.09393427699249893  0.10448968102503763  0.11489036379050661
  0.12520611864206810  0.13557237102339786  0.14595997880779704  0.15637386529769637
  0.16670412207228388  0.17715410400398582  0.18767888221725326  0.19794790575722199
  0.20828747504833159  0.21845201191221195  0.22874790875317488  0.23897438549315234
  0.24937280662385927  0.25982725046563659  0.27026072761145475  0.28060836815968981
  0.29100467516343576  0.30143571396613605  0.31213235438678111  0.32273186512405383
  0.33349478379071207  0.34400293173228702  0.35447927467742496  0.36492584136759326
  0.37531090771799036  0.38589063327188933  0.39651193882810415  0.40721698192231415
  0.41790786186480117  0.42848674120176578  0.43918286219328467  0.44960731919328817
  0.46021116811153395  0.47065310120128095  0.48123232272178373  0.49165029468254190
  0.50214510193804285  0.51268669393503696  0.52333140386497101  0.53390983582329765
  0.54454867748489422  0.55500166556899733  0.56560137741736316  0.57626112168478694
  0.58702295922382441  0.59774391596235210  0.60845459009871405  0.61923213117465292
  0.62999329836937346  0.64066960029594000  0.65120491232681177  0.66169358234107989
  0.67205124260940341  0.68253197409900890  0.69317413704799846  0.70401753980073434
  0.71478626612566687  0.72539111477768015  0.73597669948630617  0.74662861497054844
  0.75724178403021891  0.76787549872276051  0.77835036560075710  0.78888933115312387
  0.79939124945000284  0.80991337638625149  0.82059789433364383  0.83130295499632545
  0.84194383031449949  0.85247667921125991  0.86280884049345752  0.87330274028115451
  0.88366251812717511  0.89417356710620988  0.90477904024741418  0.91533805683643732
  0.92585731056739817  0.93613895841288208  0.94664945130502021  0.95708996530941692
  0.96767982973510203  0.97822492216664647  0.98913061375192812  1.00000000000000000
 -0.00233399279034587  0.00963363626126196  0.01990161283295361  0.03039114547998058
  0.04103808052285700  0.05162381988344845  0.06231131537413875  0.07290365056401567
  0.08346727504907669  0.09412669945091397  0.10476601651554164  0.11528012784477884
  0.12568408886632407  0.13611456420709775  0.14651672156732221  0.15711551196492921
  0.16763937925235448  0.17830614344497195  0.18893816078826342  0.19957780118036803
  0.21014440406154922  0.22054769888519007  0.23092845734949169  0.24130696201419863
  0.25168708609786505  0.26222634487732077  0.27283448160602614  0.28362922891536602
  0.29446092326845968  0.30526879279924080  0.31602311723463250  0.32674024966226151
  0.33733577123341357  0.34776377662755409  0.35826617538636318  0.36890572777936931
  0.37968007428383610  0.39048710708525036  0.40128838521189769  0.41182219028374500
  0.42222653116587894  0.43264262240458190  0.44314926674343724  0.45364754552332792
  0.46420618838602662  0.47482480990353249  0.48530024912713648  0.49565360377512591
  0.50615005317674622  0.51672868434542230  0.52741372443576373  0.53810190092928767
  0.54873782525512993  0.55934504219112147  0.56971819020817782  0.58018468283126334
  0.59058378421947177  0.60099866593586404  0.61141456840143726  0.62176669894918302
  0.63220500823406733  0.64258338362343581  0.65289848691063834  0.66318329018988975
  0.67347827913282343  0.68381423027127197  0.69416571296943985  0.70448872324729983
  0.71501618331944539  0.72551128548989763  0.73607585852635271  0.74663389453090812
  0.75728648018427924  0.76802104536309690  0.77860832540357461  0.78913982177482911
  0.79952657269827576  0.80988896475934979  0.82024993133784496  0.83050891318073328
  0.84092457575626312  0.85142447991449932  0.86219720216166917  0.87285368423356990
  0.88349788798906859  0.89413885170913021  0.90470279483103389  0.91542992799739986
  0.92609751065603330  0.93688779736740024  0.94763772459390905  0.95837322147878556
  0.96890531348024678  0.97927150367809646  0.98962994068129917  1.00000000000000000
 -0.00244326370180261  0.00947636775445274  0.01959839675411960  0.02995939157814401
  0.04043402093430112  0.05098042804091826  0.06161086716642060  0.07215722437087801
  0.08274506223829185  0.09335661377062537  0.10389835339085317  0.11433924156426316
  0.12472218788126799  0.13516081769450883  0.14566432068319363  0.15611693550278730
  0.16649594859503053  0.17692751250294514  0.18758878353081823  0.19808883014512974
  0.20859214470532561  0.21897823947174672  0.22936213613255652  0.23975218154857308
  0.25025390265575237  0.26090559098805161  0.27151628759097124  0.28199067707558906
  0.29246866845073177  0.30285593798796601  0.31313776059386461  0.32347982465712966
  0.33379396791766958  0.34415070251709717  0.35437947008235016  0.36480983898998071
  0.37527755059663370  0.38559312198284396  0.39594858240049946  0.40661557757144318
  0.41729685525618992  0.42779158340651013  0.43823519481129697  0.44900155880078019
  0.45965081137359071  0.46997834570600244  0.48038548769860728  0.49083103877864431
  0.50135610257479357  0.51182155955926445  0.52231324217676978  0.53301546678670142
  0.54372251837002417  0.55443599291204770  0.56507326198520014  0.57548901083947013
  0.58591608942037521  0.59618299282178433  0.60639609845491393  0.61655596282310487
  0.62688982610236810  0.63764434373607792  0.64852430724798060  0.65942410247680538
  0.67021720972211296  0.68107316618123914  0.69177744940023989  0.70231956235571269
  0.71287931841724073  0.72338065051102118  0.73387964000235306  0.74432267897394111
  0.75475262812708144  0.76510290199251407  0.77554066846454617  0.78601308075112020
  0.79664643916902533  0.80738005013468894  0.81828388351431325  0.82934959351810844
  0.84031209606887358  0.85126834303609555  0.86208157594774082  0.87295245195882876
  0.88373807286458284  0.89462313545000716  0.90536964139184251  0.91608604519941439
  0.92669547123256024  0.93716485742724143  0.94767632602340490  0.95827575598057424
  0.96874111712748678  0.97929495131918687  0.98957207951540049  1.00000000000000000
 -0.00249786202325393  0.00980425892831077  0.01994183096437685  0.03046666956449639
  0.04073099043890700  0.05119066708309756  0.06151751726214644  0.07187623413853977
  0.08235287793724952  0.09295437514461667  0.10342751801444058  0.11373910801067454
  0.12407718040741877  0.13460700013704277  0.14514889687195287  0.15562653430449702
  0.16604065421784597  0.17653309628637304  0.18694581636472579  0.19730666522758425
  0.20773921300562573  0.21837054428872632  0.22907272717821303  0.23979069775405096
  0.25047116453708407  0.26103577582571241  0.27139194890312768  0.28191689491607103
  0.29247384127734427  0.30314524324558884  0.31366308328613918  0.32432544660058316
  0.33491351323237994  0.34552050985568222  0.35616607392793687  0.36689044490548101
  0.37757852545544518  0.38813046412936270  0.39866427100476654  0.40909336777563593
  0.41960575857148685  0.42993258477942736  0.44033097141604055  0.45065082116264787
  0.46126654912846643  0.47183848010002355  0.48244899771933586  0.49274292293949201
  0.50311895607026746  0.51342596173988808  0.52390725275524097  0.53446021638891250
  0.54492042462504908  0.55530634927484179  0.56556037693935246  0.57596804991924755
  0.58629889075672859  0.59682423573753696  0.60741613888177126  0.61837317674127235
  0.62931016290908803  0.64002879116342870  0.65065843386421940  0.66126449835783407
  0.67182424584617884  0.68228000248236909  0.69277537793625155  0.70330231400997123
  0.71388377612830956  0.72445925395446720  0.73512864255406218  0.74576171264572988
  0.75637402926750053  0.76694369907294813  0.77744150201824258  0.78785399377222820
  0.79826417705433816  0.80873618063533037  0.81942289372274368  0.83001048662919996
  0.84061637606782480  0.85103600362686460  0.86165894148016187  0.87219863152224630
  0.88293935606536544  0.89353826428643879  0.90423304470074461  0.91483043888625115
  0.92546181723958842  0.93607036581863834  0.94663032390122848  0.95715748992562244
  0.96783274648989581  0.97848661839897344  0.98926019869976001  1.00000000000000000
 -0.00251569639848828  0.00947306501290077  0.01977067762989466  0.03016767272144839
  0.04057809615409790  0.05090917253149700  0.06129824503705843  0.07154653299878055
  0.08187633533689918  0.09228652654173679  0.10267135726233499  0.11298979720081442
  0.12336810560397567  0.13377351494403983  0.14416719990120608  0.15461359557194213
  0.16493311226488830  0.17538158032265086  0.18593409264178662  0.19674048673210037
  0.20748508379383382  0.21819790191420613  0.22889664405225532  0.23958152709949829
  0.25016941867673348  0.26064101127955408  0.27112931246496547  0.28167467401929336
  0.29228983608420450  0.30280077291582280  0.31317299705615109  0.32377913519243662
  0.33429625270894614  0.34494788011077565  0.35551509572880885  0.36623444503187985
  0.37706798857096324  0.38776297738021193  0.39839177371960222  0.40893895751823450
  0.41940419746269153  0.42983636139866294  0.44024954802599531  0.45067819313074048
  0.46126945437196304  0.47176249377209234  0.48240410244308185  0.49310761219638161
  0.50372921197636722  0.51426038539001673  0.52486033716260660  0.53557285238765662
  0.54632786660118704  0.55686022241928690  0.56741478897716568  0.57794388228064530
  0.58841096689489236  0.59895918741450838  0.60951897025453505  0.62017335182353228
  0.63086448702499820  0.64159017036924870  0.65219051134655637  0.66283168618567778
  0.67350259223912123  0.68435481992434155  0.69504381082885502  0.70558076759497868
  0.71614842339193285  0.72657335831371439  0.73697456769265934  0.74721268935909302
  0.75751262670034292  0.76776975260371416  0.77803395334791314  0.78833631601964660
  0.79879239363168453  0.80937239454808740  0.81991831384417746  0.83045611390043794
  0.84094050694647937  0.85150467562343268  0.86204128946782599  0.87254921700224408
  0.88306495798393414  0.89352191431459327  0.90423617802123468  0.91493297859090250
  0.92565263558574129  0.93611821811847162  0.94669879364664833  0.95732510329932208
  0.96785469647088618  0.97850718345223309  0.98914475623808840  1.00000000000000000
 -0.00258100770856029  0.00962857880927961  0.02004937457158856  0.03066887554687080
  0.04138103567058553  0.05199696573853982  0.06260531567482987  0.07332354667947807
  0.08400440659811786  0.09472034091610615  0.10531906127022916  0.11596472463761058
  0.12658928060598276  0.13717886657192363  0.14772993058361092  0.15825077857329470
  0.16874083420157218  0.17915531617355329  0.18964487398447988  0.20013898378914088
  0.21063838008441418  0.22102275200082414  0.23150078916208122  0.24212205585095845
  0.25284082706636951  0.26358695397893928  0.27436278853929313  0.28528886725147684
  0.29606020066555405  0.30690503800528429  0.31755803494805024  0.32818312561813173
  0.33870243294947544  0.34927614374614541  0.35978149747747262  0.37032446373086009
  0.38086286434357924  0.39155185258730812  0.40202817930336310  0.41254522052623610
  0.42306250554879887  0.43367792568712288  0.44418965027390817  0.45465877357719642
  0.46525634504260949  0.47595515989025555  0.48669727789376049  0.49734297455485227
  0.50784373392555704  0.51830293938163541  0.52872775544493789  0.53918849057853946
  0.54970605637301428  0.56004941300686273  0.57027154464137242  0.58037556459080863
  0.59068706050121267  0.60115188567468369  0.61170162821782226  0.62217422638677511
  0.63263487507059490  0.64304515455687583  0.65336905885944696  0.66362190778473351
  0.67405235134154617  0.68452543668811561  0.69499638770006689  0.70555589422464560
  0.71619305813308021  0.72689689771508925  0.73746982684289275  0.74808960867587815
  0.75856571911280901  0.76891479917765737  0.77921755698908179  0.78944815580369387
  0.79979089414252613  0.81012816468881810  0.82067471780404699  0.83121093555543990
  0.84178845403442359  0.85249257234694975  0.86315430153349282  0.87395309096951801
  0.88476539267671273  0.89541977256064953  0.90593284273850894  0.91636694728986001
  0.92696855517519539  0.93753429708475822  0.94808452865244019  0.95862399887814564
  0.96897038828212823  0.97936662236354910  0.98966094706013763  1.00000000000000000
  0.01049597418885463  0.02696202896900231  0.04165831106362206  0.05380550556286212
  0.06511806314484697  0.07611657541411952  0.08697219829132778  0.09776592359183484
  0.10847472481383452  0.11909637706937316  0.12964088953279246  0.14005907265398843
  0.15040048249896798  0.16073937979911360  0.17113087883913883  0.18156942422352254
  0.19195788655648269  0.20225035688097664  0.21249631070802649  0.22275940490055024
  0.23308668923496806  0.24342592510564867  0.25377126344147921  0.26406694805180347
  0.27430635788922331  0.28447635941221605  0.29465279049330534  0.30485738430321807
  0.31509409474746475  0.32534487740456236  0.33548826309579743  0.34556396792752891
  0.35571207883461148  0.36595316664272382  0.37617661524501778  0.38640520158202563
  0.39659518797349547  0.40679319554190968  0.41697799612800379  0.42720399295992273
  0.43743293527491217  0.44756308354997609  0.45760991353333069  0.46768552369107663
  0.47782711434789588  0.48805811370348962  0.49835214174301218  0.50858535403509186
  0.51877067181802627  0.52900242857657032  0.53930237615950627  0.54955599156562684
  0.55976332338423995  0.57003694029108687  0.58039341858990812  0.59075256053700398
  0.60105804476306779  0.61133301250547312  0.62158286727479817  0.63180253103477024
  0.64206959306268818  0.65245774166479642  0.66281552854069303  0.67300617993509981
  0.68306876492005730  0.69316199592727146  0.70332774283062516  0.71353072293901265
  0.72372976103953057  0.73401999479428581  0.74427814323293096  0.75457516957825710
  0.76476536159670017  0.77494701876170602  0.78499851092550965  0.79513290239094259
  0.80520944633855784  0.81529267383646153  0.82535524893933820  0.83544701743182281
  0.84557972415921179  0.85569223200494815  0.86585544412895055  0.87603287566185273
  0.88614758352115874  0.89629173453610655  0.90622388952323063  0.91624313801058765
  0.92630233328057487  0.93633844573619651  0.94623513166719875  0.95605741356075458
  0.96628061969297019  0.97668764272001340  0.98799655730001235  1.00000000000000000
 -0.01968332489353036  0.12251226999510322  0.16772934676982509  0.19700368737533372
  0.22100514002993654  0.24146608532596314  0.25964712049538763  0.27619842141844747
  0.29159622862128731  0.30600615276194404  0.31955248880908588  0.33243330879994870
  0.34470660383294582  0.35651301758105908  0.36782315932926363  0.37871877025446787
  0.38916478906087143  0.39929583382112477  0.40915211794226869  0.41886073951049996
  0.42833327727416032  0.43758488084318642  0.44655758659000944  0.45537547244721199
  0.46401363448264021  0.47247037052080931  0.48077276218729981  0.48884662161367737
  0.49683361123970488  0.50466734318163065  0.51234287405042267  0.51994259714183655
  0.52733367128942399  0.53465964556524759  0.54189561607949932  0.54901924642300948
  0.55608151530222982  0.56303589420696998  0.56986147861533587  0.57660516853239996
  0.58327911937875410  0.58984466917565881  0.59631546895676180  0.60273845608218224
  0.60910622499561118  0.61540388084969100  0.62164200729892294  0.62777655668350230
  0.63384949665258339  0.63988145368969840  0.64586703035074078  0.65174192628201244
  0.65759517844177851  0.66340728259793236  0.66913768676271845  0.67479966944244896
  0.68042214799960787  0.68601932586808623  0.69157588457449759  0.69707956900831725
  0.70257371012704262  0.70806744781360120  0.71354341822548839  0.71900514270410465
  0.72444696870066316  0.72985911616540555  0.73524747235636467  0.74060966286844498
  0.74597160665605955  0.75134519473895178  0.75672600751466912  0.76213472819408101
  0.76757271982348629  0.77302528857776287  0.77852548568820934  0.78402575906992289
  0.78957740823591605  0.79522828837255310  0.80097561022700903  0.80678211050532034
  0.81266097462681097  0.81866996249721158  0.82480696878355175  0.83107089228549680
  0.83760073690325976  0.84436178135904072  0.85134176056475408  0.85872111487431368
  0.86658883479252180  0.87491087222130381  0.88416441799542511  0.89447800811977896
  0.90666098311465448  0.92212513065520563  0.94592668290856141  1.00000000000000000
   4.5612347211009224E-004  -1.0000000000000000     
 F F F F F F F F F F F F F F F F T T T T T T T T T T T T T T T T T T T T T T T T T T T T T T T T F F F F F F F F F F F F F F F F F F F F F F F F F F F F F F F F T T T T T T T T T T T T T T T T T T T T T T T T T T T T T T T T F F F F F F F F F F F F F F F F
  <DiscreteSampler_grid>
  grouped_processes
  1 # 1 for a reference and 2 for a running grid.
  10 # Attribute 'min_bin_probing_points' of the grid.
  1 # Attribute 'grid_mode' of the grid. 1=='default',2=='initialization'
  0.0000000000000000 # Attribute 'small_contrib_threshold' of the grid.
  0.5000000000000000 # Attribute 'damping_power' of the grid.
 # binID   n_entries weight   weight_sqr   abs_weight
    31   10   9.222920201467817E+007   2.118750212945775E+016   9.222920201467817E+007
    32   10   9.222920201467818E+007   2.118750212945776E+016   9.222920201467818E+007
    34   10   9.222920201467816E+003   2.118750212945774E+008   9.222920201467816E+003
    35   10   9.222920201467814E+003   2.118750212945775E+008   9.222920201467814E+003
    37   10   9.222920201467816E+003   2.118750212945774E+008   9.222920201467816E+003
    38   10   9.222920201467814E+003   2.118750212945775E+008   9.222920201467814E+003
    40   10   9.222920201467817E+007   2.118750212945775E+016   9.222920201467817E+007
    41   10   9.222920201467818E+007   2.118750212945776E+016   9.222920201467818E+007
    43   10   9.222920201467817E+007   2.118750212945774E+016   9.222920201467817E+007
    44   10   9.222920201467817E+007   2.118750212945776E+016   9.222920201467817E+007
    46   10   9.222920201467816E+003   2.118750212945774E+008   9.222920201467816E+003
    47   10   9.222920201467816E+003   2.118750212945775E+008   9.222920201467816E+003
    49   10   9.222920201467816E+003   2.118750212945774E+008   9.222920201467816E+003
    50   10   9.222920201467816E+003   2.118750212945775E+008   9.222920201467816E+003
    52   10   9.222920201467817E+007   2.118750212945774E+016   9.222920201467817E+007
    53   10   9.222920201467817E+007   2.118750212945776E+016   9.222920201467817E+007
  </DiscreteSampler_grid>
