  0.00186513137083532  0.01244279221756647  0.02394135218739619  0.03481401435250390
  0.04514673114929276  0.05513667505649056  0.06513425451403290  0.07516440405908870
  0.08509100766263582  0.09477692069078512  0.10447859873793856  0.11449198859679104
  0.12466004272266466  0.13482382054723774  0.14502651071415265  0.15499536697488975
  0.16513399057838987  0.17509156898034203  0.18522326372363135  0.19517626171343536
  0.20527496520109695  0.21544966566761017  0.22593266785165306  0.23587553309925524
  0.24588863140571532  0.25576121358870574  0.26593646101728896  0.27609975387433083
  0.28626890812376093  0.29645622513486225  0.30654946031950187  0.31654618766573733
  0.32654934538650821  0.33637012631845342  0.34629064798188947  0.35620123126879744
  0.36621093364569596  0.37601226474615290  0.38595339759630842  0.39598478908099644
  0.40629665837082102  0.41653202311337523  0.42658935362404848  0.43665339708009815
  0.44703281414221635  0.45775348499152324  0.46859122920158508  0.47939492602071099
  0.48974788470322944  0.49995558598190193  0.50992554467975293  0.52001191430852878
  0.53015340675469302  0.54034721067617297  0.55078975058374824  0.56139703230018667
  0.57203437735951823  0.58262876544605535  0.59304845866734157  0.60339014173127126
  0.61371154861202915  0.62405100927839441  0.63433781621654450  0.64463735943649114
  0.65510016951029593  0.66568436632558037  0.67621961743695225  0.68661709130192516
  0.69695995942274835  0.70735401457059799  0.71758035409133392  0.72767185731586581
  0.73772250327400235  0.74780705441204154  0.75803792683202686  0.76833893179517854
  0.77885729047632501  0.78953374181207336  0.80027934739082007  0.81092717459648067
  0.82133781197749756  0.83152439890353158  0.84170775377439400  0.85197095305930193
  0.86248054956377040  0.87311478598151104  0.88377314024458220  0.89427091712931717
  0.90467834594019059  0.91507862008112750  0.92540565567496813  0.93580324599912168
  0.94652564273476680  0.95851866013614007  0.97464548777531157  1.00000000000000000
  0.00141289997196924  0.01506344387105368  0.02781405840134581  0.03956663487004306
  0.05056808535323017  0.06104447657766301  0.07148145267445971  0.08188451512788884
  0.09240735166616711  0.10293247854336174  0.11340691129139667  0.12381829481818693
  0.13423038480138044  0.14443877249728779  0.15475280712143405  0.16495013549463988
  0.17518905490354658  0.18520323950257431  0.19500162501665658  0.20461589588712822
  0.21437469376496462  0.22422661850032916  0.23427083996572093  0.24442778801321444
  0.25456614593659588  0.26498309129632558  0.27514162732879838  0.28524448501611260
  0.29539581926767133  0.30538629339458867  0.31540562041888626  0.32511143623619987
  0.33485895188913462  0.34459679772399660  0.35441622107310605  0.36444465088739819
  0.37440912908245932  0.38454345944776935  0.39460442101990056  0.40476323396449077
  0.41486025363622281  0.42501214495164180  0.43518403141115763  0.44541000960554938
  0.45575926949060913  0.46599353355664297  0.47607901111350126  0.48610935845166875
  0.49624921745938144  0.50658202974760991  0.51686469207062247  0.52703684473660350
  0.53729705766206126  0.54757275126419536  0.55788476727016056  0.56821150228554074
  0.57844645723752952  0.58861574913391257  0.59853969309751887  0.60845747837160202
  0.61845014261729192  0.62863986475767542  0.63919187172961167  0.64985106389037672
  0.66085201015770001  0.67165536159889005  0.68246109595301130  0.69297172041313126
  0.70345215898054159  0.71419466313791602  0.72476719161955916  0.73545497068076904
  0.74609816205787405  0.75704269958812365  0.76757623509316109  0.77805391742620644
  0.78850150193180213  0.79908408740540016  0.80993335308799341  0.82047608114829484
  0.83100629293539030  0.84115860498624240  0.85128916646746666  0.86149636655400808
  0.87166190764040996  0.88177343994771296  0.89187700151839600  0.90213366401347661
  0.91260371767108739  0.92302789449931477  0.93343023577042250  0.94433273613292767
  0.95585674548202959  0.96776811889290371  0.98726689073699458  1.00000000000000000
 -0.00247045638243613  0.00995803974235651  0.02036043770340412  0.03100500372985961
  0.04150569623390030  0.05205356289422979  0.06272983346495543  0.07346612857759305
  0.08413197564066097  0.09479100352994491  0.10548486216758497  0.11622882384529651
  0.12697085882591799  0.13801922211261441  0.14877446087624349  0.15932991831701532
  0.17011868382330900  0.18118452458605397  0.19208232916705209  0.20274612763583605
  0.21335802147354460  0.22406674786536662  0.23452384483390884  0.24498390738067047
  0.25537659581849748  0.26553626271330621  0.27589317039465366  0.28631262527964563
  0.29693657197492096  0.30774662570195488  0.31858247631945813  0.32942696498568502
  0.33960878940487838  0.34987073753659825  0.36002850044900719  0.37028673624896663
  0.38051849026625023  0.39097539306602636  0.40155061201219228  0.41214935534525482
  0.42287392653574185  0.43362044738083999  0.44427863738635381  0.45457685555656363
  0.46487555173085399  0.47513646508681567  0.48578518560204698  0.49669564644675890
  0.50713361968057880  0.51761113423461391  0.52831948745771828  0.53918491175052075
  0.54969505946683250  0.55989742529501796  0.57041335619864619  0.58090368964367067
  0.59135661742960577  0.60180371753160722  0.61247765131673171  0.62323512859866315
  0.63361394236288993  0.64405124588586138  0.65429552330099150  0.66496689356090011
  0.67546040413317709  0.68594582799466808  0.69624288329142925  0.70636766401520024
  0.71660584029652252  0.72678975485270292  0.73729863811212926  0.74779454223589370
  0.75856883754267745  0.76900143717530711  0.77971007278109916  0.79036908009151108
  0.80114214620911173  0.81179427612534161  0.82225268318422007  0.83273386596532861
  0.84329144111664567  0.85376847330489147  0.86472990411864703  0.87564093244388508
  0.88671236535033426  0.89754260341260506  0.90846880611456537  0.91920348938183893
  0.92979705539244817  0.94002565750584355  0.95013672286446116  0.96033166618530408
  0.97048446305351921  0.98057248879493653  0.99036024227761354  1.00000000000000000
 -0.00260784229739111  0.00976431876778594  0.02048571360560202  0.03137770594148016
  0.04222947061064505  0.05283848743641164  0.06326918456369914  0.07371127536085850
  0.08414747993244723  0.09467774039483481  0.10501045903291886  0.11528737666112894
  0.12557259141772401  0.13578836289026333  0.14585855747206755  0.15601108618725709
  0.16607673253012659  0.17676120371970228  0.18743090342199231  0.19878227463481049
  0.20998127932223989  0.22093168203631663  0.23178505570304964  0.24228058005951572
  0.25280618696066065  0.26315617924049411  0.27362509497787196  0.28417067591449308
  0.29473407451962547  0.30538027086893588  0.31588998337038915  0.32635398688216283
  0.33674573898939109  0.34713574324127017  0.35748830309740620  0.36805380925632525
  0.37876981895794049  0.38961508495074249  0.40046114529669757  0.41134305682801414
  0.42195274781323971  0.43230583054216204  0.44239904491534610  0.45253719533780767
  0.46295878271470042  0.47363967592238587  0.48437041017956561  0.49515108618792325
  0.50569988829297075  0.51644003539338057  0.52685433598616027  0.53721474967500160
  0.54723466854032476  0.55732003604661495  0.56761563804110871  0.57802920943403269
  0.58847882462411394  0.59877131137577677  0.60925295481133379  0.61987404649462374
  0.63039601132268586  0.64070254956180150  0.65090478318806555  0.66110506952287085
  0.67155203009552455  0.68216172165863975  0.69285102173143953  0.70334394044282522
  0.71372220804345021  0.72400576157354368  0.73449000048892221  0.74533467138575515
  0.75646706469638070  0.76784922272440159  0.77881145332699953  0.78958492606366226
  0.79997519527889960  0.81039220281042790  0.82068401876299213  0.83100667577404019
  0.84138314100952094  0.85172023996866641  0.86207846900122320  0.87262724201533004
  0.88341634557601778  0.89427390670308948  0.90504711397316062  0.91593224366084847
  0.92667237113984147  0.93734359797612710  0.94777962858599230  0.95827100837308532
  0.96848441180992617  0.97906221281926420  0.98945123062974660  1.00000000000000000
 -0.00174076160836177  0.00952071200197313  0.01962398761844492  0.03003782839383552
  0.04060510970170027  0.05096998712441023  0.06148673455611577  0.07182806941039999
  0.08214256105422456  0.09278987158092533  0.10363966111824154  0.11462246451161570
  0.12553216507164552  0.13674794997598613  0.14773508865643886  0.15860554940873259
  0.16933355742241427  0.18004261040454667  0.19061466130197563  0.20117600897584914
  0.21167742996555947  0.22214459607473902  0.23262995198556613  0.24292221260160601
  0.25318158995515544  0.26344726247908434  0.27403121852455886  0.28454360559453717
  0.29494816534489254  0.30528970506098191  0.31579049646862417  0.32664521648095268
  0.33736358193542881  0.34805510028214559  0.35865673309208884  0.36929712230086820
  0.37971820891397895  0.38999607682784110  0.40027884994561780  0.41057904288691677
  0.42127874319702197  0.43180174102554408  0.44232642372333980  0.45249210022669895
  0.46278660669871152  0.47354989200164754  0.48422646998980012  0.49490190228073855
  0.50554591901410673  0.51652132695680109  0.52708098501224931  0.53756141720134576
  0.54793729799917579  0.55853165532439641  0.56887828157804798  0.57929902047572857
  0.58958798064169660  0.59985326251698756  0.61015107239102939  0.62044086263215870
  0.63095241598057017  0.64147953526400237  0.65210554192948933  0.66294009573038737
  0.67369965069528592  0.68470433652629048  0.69554751743523380  0.70629656058319656
  0.71695104828994782  0.72787753996326743  0.73855211421719713  0.74918645383230242
  0.75977242006796486  0.77022765014315386  0.78036244232589158  0.79044693626347795
  0.80091612438383042  0.81152213109167026  0.82187982048496644  0.83229441755895539
  0.84307772225579514  0.85374218490014830  0.86421435642672007  0.87447336994764668
  0.88495190699132154  0.89534510264998735  0.90595007212023271  0.91675288834901825
  0.92748464599998226  0.93816458273078118  0.94838538884842583  0.95869858419574971
  0.96873755431598918  0.97909768067336134  0.98946891753732502  1.00000000000000000
 -0.00237087682758810  0.00989834917886003  0.02015138115494434  0.03073203043332095
  0.04125119703224906  0.05149943568344222  0.06170756642276368  0.07199809680694592
  0.08238968907090551  0.09259928213831140  0.10277046600983840  0.11314916677308262
  0.12377712083553638  0.13425709315056381  0.14484101087337406  0.15503670462930721
  0.16537715042656229  0.17561013361661829  0.18597698141587829  0.19627069126204030
  0.20671668192408557  0.21752279956565426  0.22837330537646877  0.23904344950995746
  0.24983828223587703  0.26078468394338983  0.27178409765910927  0.28278098591990253
  0.29372338015901256  0.30445567655730793  0.31531627539142904  0.32607162252902439
  0.33665700925511011  0.34693771787959410  0.35740154655485312  0.36806801404287465
  0.37885987058820136  0.38990791007675490  0.40107503936754796  0.41223352585783951
  0.42302684405352153  0.43351955388191893  0.44398495840331004  0.45429446435563137
  0.46476873648487838  0.47517837290690002  0.48581965921381837  0.49643288095075228
  0.50714102427818719  0.51805750701041764  0.52874022638116358  0.53913464540603739
  0.54953911996046279  0.56008525222859673  0.57083013883405276  0.58137716271075413
  0.59211146675384529  0.60292274197900475  0.61344930734501246  0.62356859923214691
  0.63401371433227571  0.64440888985865585  0.65510586080947431  0.66578646101664629
  0.67669555769111855  0.68750892991683488  0.69785798890212980  0.70813637606682711
  0.71852141231775746  0.72899111776198378  0.73966911702473770  0.75024948914525680
  0.76073622763532978  0.77130499013483422  0.78185824839147100  0.79257298034297419
  0.80330707804509849  0.81386425902660786  0.82400122363677120  0.83406258869500083
  0.84423249461640149  0.85467189847483382  0.86531361222038661  0.87611452271959356
  0.88653556812732437  0.89695696418637083  0.90719533446723877  0.91767219374778619
  0.92805706362748108  0.93856929564772718  0.94901750410349417  0.95941039245301252
  0.96976577152694121  0.97997512129127506  0.99006561753698963  1.00000000000000000
 -0.00246541839410363  0.01000675307368263  0.02070600152615567  0.03110852852705624
  0.04157099744572926  0.05187774685500886  0.06227061774183194  0.07235632286014840
  0.08242412859289990  0.09256256126489655  0.10263404365340324  0.11270066547772947
  0.12301041140231189  0.13376421630572091  0.14448877334381222  0.15505655147253952
  0.16565231563408581  0.17594894289032428  0.18610557544968992  0.19614081544988970
  0.20625392983924135  0.21665044156549521  0.22698422219048636  0.23768901828269012
  0.24855776050665632  0.25950493601700764  0.27072730517298732  0.28151708945689857
  0.29231496168673082  0.30270902925105769  0.31327683268335793  0.32405665084259550
  0.33497908792521697  0.34563996682191778  0.35649042812455428  0.36718045424372614
  0.37797234782361305  0.38828842440390282  0.39865095436182924  0.40910286053351980
  0.41966913347875767  0.43014713045557607  0.44063180810991504  0.45139579525563545
  0.46191519140821130  0.47257206601299778  0.48317276811030752  0.49399237036071592
  0.50483591057610078  0.51564226960201176  0.52621104071584990  0.53652928049701898
  0.54707339791259690  0.55788847717861789  0.56852356570503659  0.57882243148961443
  0.58943647305408098  0.60017715734954535  0.61056629326723999  0.62059725722478365
  0.63072136282290059  0.64112222186835344  0.65175984736986914  0.66226552223201285
  0.67254307848128314  0.68294071520183863  0.69333509151780925  0.70400776957555011
  0.71465441689162801  0.72529810803305772  0.73588464588550828  0.74616570830307150
  0.75652274642730610  0.76672554583330388  0.77700264187281332  0.78715713869321902
  0.79775925572315942  0.80858754272760447  0.81935923666068444  0.82971402697983898
  0.83999727050012618  0.85045616025680670  0.86084037417595227  0.87145762498991930
  0.88205507043655340  0.89290238447165005  0.90349493986809093  0.91431109986235282
  0.92521226033214987  0.93631807227672381  0.94700785302197488  0.95754326781427790
  0.96804245020903634  0.97864811090445636  0.98925086063598511  1.00000000000000000
 -0.00243635794108716  0.01059120604269617  0.02170187321499469  0.03248139688348912
  0.04337699080964477  0.05357259924810138  0.06396979355750362  0.07394684002122501
  0.08401991618479857  0.09419113049604216  0.10453910134308124  0.11520175572037329
  0.12609413356638585  0.13727190739515510  0.14811199763569538  0.15850828234946421
  0.16867006217281663  0.17897778761204056  0.18948618749934804  0.20007230119604799
  0.21064016579601488  0.22115974214688733  0.23162382168791712  0.24224941115676296
  0.25292232082377086  0.26366573031499807  0.27458456485928151  0.28558064913072001
  0.29637639359553553  0.30688727203486332  0.31714197050705140  0.32756691153839418
  0.33807267632261573  0.34867100045215416  0.35922513386395594  0.36995493758211251
  0.38061310495015166  0.39114565072421953  0.40147405275879100  0.41177922302147874
  0.42227581561449429  0.43265344137326717  0.44294876557573998  0.45319326244622193
  0.46331792768764873  0.47341926326840406  0.48356097716960655  0.49393893323237087
  0.50456331927158482  0.51540430710347063  0.52632468335130511  0.53720324694682331
  0.54774744844933176  0.55814729324341927  0.56855758310502191  0.57890891851691650
  0.58914556018311159  0.59940937728716726  0.60982708994579504  0.62033896022080115
  0.63084928325905532  0.64106436147635548  0.65135371564194056  0.66157108279902366
  0.67180486840251108  0.68196403423403906  0.69231109922107359  0.70300500397364885
  0.71364380032302577  0.72425017461320607  0.73498726321431662  0.74608950350052627
  0.75670370898267325  0.76701148277094566  0.77733077103283732  0.78780749414132167
  0.79843003963684500  0.80900902643400696  0.81950662308087652  0.82983221239545513
  0.84017976137000550  0.85051552213084958  0.86084349805339577  0.87108364295375162
  0.88190775463210336  0.89281435603418291  0.90385164661488604  0.91465169271151825
  0.92557364208451798  0.93646562444933246  0.94719803567156158  0.95764438476096558
  0.96818081705699788  0.97854266660347233  0.98919162831715823  1.00000000000000000
 -0.00070962372536917  0.01310154186365008  0.02565551743291654  0.03710765810896953
  0.04809229103855895  0.05869387512395326  0.06933442115791423  0.08041423330478389
  0.09153932271892640  0.10240484722659494  0.11302527722235539  0.12362756387573144
  0.13413610700539050  0.14473068565360442  0.15544632405964628  0.16609404922739918
  0.17664620986408511  0.18699427208234137  0.19752372294688683  0.20802122847701962
  0.21870694921703984  0.22941733013762031  0.23998557337228185  0.25031613826540489
  0.26042006078205859  0.27041573575411132  0.28062182616769576  0.29081017756792510
  0.30100914176831617  0.31143534429363079  0.32217462924708734  0.33289488620763946
  0.34328528695884941  0.35360596932768040  0.36407731540468924  0.37454582517766216
  0.38478165106566486  0.39483767646570161  0.40492524435564298  0.41519704508896704
  0.42563841792306112  0.43614791750524773  0.44670335515237719  0.45740444074089670
  0.46833359693252419  0.47931982066714313  0.49021627245589205  0.50096361192814809
  0.51174780965428635  0.52239728829214682  0.53290420111821724  0.54346065131477617
  0.55410377509227327  0.56463332067292482  0.57501509949637208  0.58550463833980360
  0.59616066992124095  0.60672042112984814  0.61717600930497796  0.62761778306040183
  0.63794152371389423  0.64800248924468473  0.65801526300540725  0.66825236698038981
  0.67875703146746902  0.68929168931945206  0.69977866504316533  0.71015729110007952
  0.72047302497094357  0.73077364664758160  0.74102895496545151  0.75119177174286123
  0.76138903858750506  0.77155209813374304  0.78169705161257530  0.79185110674107095
  0.80230683587226470  0.81288012972193791  0.82334213731724404  0.83358017157034092
  0.84373232368205753  0.85388365996726778  0.86385474855824818  0.87385201676069135
  0.88396459662015103  0.89436262117289678  0.90483593454332645  0.91524341273540655
  0.92547260118976293  0.93559631107710539  0.94566362828427575  0.95599300583157554
  0.96650942671796147  0.97749663349183047  0.98855315988708681  1.00000000000000000
 -0.01977513079450575  0.12325479180618425  0.16830298754821985  0.19700722232490425
  0.22075568213905597  0.24110156924298759  0.25920367149204643  0.27583374887129486
  0.29136539723386223  0.30584998889832349  0.31942171683560672  0.33241275201424425
  0.34474943549780468  0.35645941041425250  0.36761402574176461  0.37836965956709362
  0.38878529440219528  0.39896076320088614  0.40882123899363021  0.41847937706813648
  0.42780357511722711  0.43699711746399655  0.44595468853747011  0.45472097798392441
  0.46323567636679119  0.47152641675859275  0.47974441887043567  0.48789203968583722
  0.49599383503849243  0.50391321099272501  0.51156562343297474  0.51916815724802745
  0.52663095105927904  0.53407959800821092  0.54140599537742984  0.54860069911076670
  0.55569920683804896  0.56269169400240693  0.56956779671099778  0.57634955044077962
  0.58307738305314494  0.58966794012471946  0.59615241200864311  0.60259080318094460
  0.60896587160632842  0.61532332481154495  0.62160707145851612  0.62777977622073078
  0.63385472251756780  0.63982424323541787  0.64579779327600317  0.65158852766514275
  0.65740241955863543  0.66317756289372953  0.66892757846432593  0.67462250638032772
  0.68027229402257983  0.68587744203216539  0.69144534740859864  0.69699818400971869
  0.70251053385278484  0.70802630123425803  0.71351978053044873  0.71900572188238698
  0.72444631971311002  0.72987123666196685  0.73521457246685606  0.74054096630370891
  0.74590422693835912  0.75132243284709832  0.75680614062182616  0.76232346392457451
  0.76780576694801872  0.77322929898909998  0.77863773245636347  0.78410559436023730
  0.78965292296637513  0.79531214551835427  0.80106427817318770  0.80685622095690201
  0.81270900590430850  0.81868137013659381  0.82478496975653315  0.83106092378187613
  0.83763792871606946  0.84446746362411307  0.85148199203380681  0.85890174857684132
  0.86677768598079952  0.87512617495151801  0.88443378046239973  0.89479414783633193
  0.90692374353845362  0.92212644133218569  0.94537517456149722  1.00000000000000000
   5.4503883152536849E-005  -1.0000000000000000     
 F F F F F F F F F F F F F F F F T T T T T T T T T T T T T T T T T T T T T T T T T T T T T T T T F F F F F F F F F F F F F F F F F F F F F F F F F F F F F F F F T T T T T T T T T T T T T T T T T T T T T T T T T T T T T T T T F F F F F F F F F F F F F F F F
  <DiscreteSampler_grid>
  grouped_processes
  1 # 1 for a reference and 2 for a running grid.
  10 # Attribute 'min_bin_probing_points' of the grid.
  1 # Attribute 'grid_mode' of the grid. 1=='default',2=='initialization'
  0.0000000000000000 # Attribute 'small_contrib_threshold' of the grid.
  0.5000000000000000 # Attribute 'damping_power' of the grid.
 # binID   n_entries weight   weight_sqr   abs_weight
    31   10   3.300644251448599E+005   4.472651270701860E+011   3.300644251448599E+005
    32   10   3.300644251448600E+005   4.472651270701863E+011   3.300644251448600E+005
    34   10   3.300644251448599E+001   4.472651270701861E+003   3.300644251448599E+001
    35   10   3.300644251448600E+001   4.472651270701865E+003   3.300644251448600E+001
    37   10   3.300644251448599E+001   4.472651270701861E+003   3.300644251448599E+001
    38   10   3.300644251448600E+001   4.472651270701865E+003   3.300644251448600E+001
    40   10   3.300644251448599E+005   4.472651270701860E+011   3.300644251448599E+005
    41   10   3.300644251448600E+005   4.472651270701863E+011   3.300644251448600E+005
    43   10   3.300644251448599E+005   4.472651270701860E+011   3.300644251448599E+005
    44   10   3.300644251448599E+005   4.472651270701862E+011   3.300644251448599E+005
    46   10   3.300644251448599E+001   4.472651270701861E+003   3.300644251448599E+001
    47   10   3.300644251448601E+001   4.472651270701865E+003   3.300644251448601E+001
    49   10   3.300644251448599E+001   4.472651270701861E+003   3.300644251448599E+001
    50   10   3.300644251448601E+001   4.472651270701865E+003   3.300644251448601E+001
    52   10   3.300644251448599E+005   4.472651270701860E+011   3.300644251448599E+005
    53   10   3.300644251448599E+005   4.472651270701862E+011   3.300644251448599E+005
  </DiscreteSampler_grid>
