 -0.00210858768517313  0.00897354866393875  0.01862533392234265  0.02912137076137566
  0.03964390818355282  0.05021130823542370  0.06091167526243196  0.07159192262027295
  0.08211577837389192  0.09235240815451456  0.10259635221478025  0.11293119212473299
  0.12343663926833975  0.13374200801451996  0.14413567371439404  0.15431434036450115
  0.16465629985015717  0.17493701969051415  0.18526349373462930  0.19554826436753661
  0.20597921572496616  0.21640412371815021  0.22672729186799020  0.23688693447983894
  0.24715695720999398  0.25758357401303000  0.26811763640713632  0.27862865977553464
  0.28922672890217110  0.29996889278017874  0.31083174294815841  0.32182518438693319
  0.33285674303095586  0.34378674176279983  0.35455246080916775  0.36526409167217461
  0.37591326011822879  0.38636063261966891  0.39664040131577916  0.40697234296201179
  0.41730926587994815  0.42772905462580862  0.43834187742080688  0.44893320040219437
  0.45952738492533501  0.47007962257785157  0.48079283906391634  0.49153285284318787
  0.50235171907249043  0.51335671397781402  0.52429937527271209  0.53500124311168573
  0.54579681652117540  0.55633738452337178  0.56684279079979005  0.57729138944527136
  0.58801344398424438  0.59891610907134507  0.60997264845908117  0.62085091383989199
  0.63153546450414599  0.64227965324438452  0.65311421149414728  0.66413641110751598
  0.67490678604809329  0.68545859550849120  0.69558691545969797  0.70571906935750672
  0.71581924070826619  0.72619975461854780  0.73662108826982464  0.74715521049091549
  0.75764208361812369  0.76821399612183316  0.77888213176361787  0.78949073450772289
  0.79993801180392732  0.81041820305386225  0.82085913357489826  0.83114096637002999
  0.84156768634988932  0.85200148796978237  0.86265484853189844  0.87332175183589000
  0.88416396843235823  0.89506649902859725  0.90571089194734788  0.91641915044871480
  0.92688858038016353  0.93748880233700349  0.94766522038702639  0.95814327153633005
  0.96862161497747523  0.97927146106745899  0.98971993732670804  1.00000000000000000
 -0.00257279710133323  0.01002168710498195  0.02024618761876709  0.03085316813301575
  0.04136172368054553  0.05199326920043787  0.06265799746486800  0.07319742660543335
  0.08379137290119622  0.09427994620439034  0.10473518894944961  0.11508239152311608
  0.12540667249975643  0.13593234160575901  0.14652554894263495  0.15724472316551821
  0.16781846212665669  0.17823691048906315  0.18861665572387626  0.19911948669091437
  0.20980318728061925  0.22049415446020237  0.23114153830628933  0.24193177597786208
  0.25289012169867098  0.26395865486502973  0.27477148199240653  0.28542122890501204
  0.29598155651240049  0.30643001479932364  0.31693388125737132  0.32747836405848846
  0.33827708940292467  0.34891691644630013  0.35953798498696382  0.37016121881653768
  0.38080854021042965  0.39136156480510331  0.40179077010472997  0.41220155842196660
  0.42299210361241613  0.43396849006916122  0.44491132421422092  0.45578569879086051
  0.46662504590469456  0.47749276066421997  0.48825966481358329  0.49888568581991261
  0.50944514503994476  0.52007517533720626  0.53065068018699568  0.54094155857658721
  0.55106581326178816  0.56114349461811586  0.57128501076669924  0.58143777329224422
  0.59171553748352990  0.60205692779801723  0.61254045781707001  0.62320824683602238
  0.63402699346719804  0.64498659062242047  0.65600591941338859  0.66692110979672481
  0.67768499990331366  0.68808093424682326  0.69821369137551659  0.70821441926879902
  0.71835431180378218  0.72853826233479435  0.73877789676538697  0.74888880447047401
  0.75910267207854409  0.76925779982660558  0.77935685934484622  0.78943934096086243
  0.79946478851092306  0.80938273062407218  0.81992077632297999  0.83054127860395388
  0.84150025018635244  0.85219456362576207  0.86269290961338319  0.87311451077976332
  0.88356731359879770  0.89413115672244459  0.90482865296160919  0.91556329589538188
  0.92598568463289299  0.93648210123209608  0.94696773154373637  0.95775341555237836
  0.96839330910332577  0.97884588570292996  0.98944234534254027  1.00000000000000000
  0.00178809715197687  0.01160532007805427  0.02267622072560126  0.03299782794272489
  0.04329161929795138  0.05342970550033471  0.06349426169209856  0.07366437115296963
  0.08389497479656041  0.09457304802234377  0.10509422514156477  0.11544303506267037
  0.12584115718572983  0.13643499318612815  0.14710138680005652  0.15765979733188176
  0.16798197555707198  0.17820066174900426  0.18843153913075880  0.19868586704455113
  0.20896275036324180  0.21926367334856425  0.22973565397175824  0.24059488176422147
  0.25147522579912968  0.26233221339005564  0.27323866461593532  0.28402385409898406
  0.29482065703956906  0.30537776882172002  0.31625545839068309  0.32697341196774815
  0.33777447793431115  0.34835872453214667  0.35897549818502095  0.36946360109962217
  0.38008139409375169  0.39066903254265634  0.40109065155334983  0.41131144192555802
  0.42159584043171328  0.43191079129931265  0.44210185164796845  0.45222008933817914
  0.46248140688426442  0.47307434719267666  0.48377603324221830  0.49455681264319612
  0.50521991140225309  0.51555380458128797  0.52569895481809892  0.53570254237557413
  0.54597335451173823  0.55622167335222705  0.56652077451569383  0.57695647345220047
  0.58773255609102526  0.59877347676437465  0.60949234889637638  0.61997649669496946
  0.63058109967856968  0.64131313152662284  0.65180902771153637  0.66215085453535649
  0.67268233318126569  0.68333458512367196  0.69420021988960312  0.70502566590526894
  0.71582249116289298  0.72653052148524500  0.73726711749418328  0.74804263667093407
  0.75868211324251045  0.76930799924805482  0.77994877969612542  0.79056831764728963
  0.80099221805465515  0.81139253616588891  0.82189965897243633  0.83242077949432003
  0.84316085101543659  0.85389569063386539  0.86466627116802586  0.87506091950096143
  0.88522525526690188  0.89536434496705386  0.90544448812018574  0.91550182740077035
  0.92564717130969187  0.93577089568076055  0.94605659420713450  0.95642159888808431
  0.96713346666041911  0.97774089688011068  0.98878751138478993  1.00000000000000000
 -0.01968080710518690  0.12201854000057866  0.16761879257885468  0.19691491509754622
  0.22095352083978689  0.24146128594671667  0.25962972898318415  0.27620968892340658
  0.29169656852193465  0.30622582528573195  0.31985513358073331  0.33273421659926378
  0.34498224241062481  0.35673518923662290  0.36796471772802053  0.37883745838269173
  0.38933637362237822  0.39956912523133725  0.40947350532606480  0.41915509181988447
  0.42854694801575266  0.43773806048763092  0.44666627055849956  0.45543147461240630
  0.46401833405893333  0.47244547438826423  0.48076944295774721  0.48884540400163101
  0.49686229413676969  0.50467386391101487  0.51235944077979634  0.51994430406165082
  0.52735442230937446  0.53468885781147535  0.54193259820297601  0.54905182752885784
  0.55607846955665208  0.56300203787666325  0.56980374138108858  0.57653855201407833
  0.58321254971158509  0.58979501932149969  0.59631798014734239  0.60278753246398209
  0.60916148067506226  0.61546688999941035  0.62170133395332172  0.62784068706172813
  0.63387727291871077  0.63987865345907213  0.64585492477483186  0.65171444649459875
  0.65755018004689780  0.66333267073802804  0.66905349341769860  0.67471265279828130
  0.68033100318184137  0.68593235387347484  0.69150171323121279  0.69702048322142673
  0.70253037019119791  0.70799355120469354  0.71342347773431092  0.71882920692459285
  0.72424655973097130  0.72965346295259370  0.73504178113962371  0.74042311674701489
  0.74580186531722037  0.75118555925507347  0.75658559079927123  0.76200419031138689
  0.76743849982246481  0.77288586911388391  0.77835385162453696  0.78382557755823556
  0.78934953673316177  0.79496716072667428  0.80068377133999447  0.80646823536265788
  0.81233434262567594  0.81833852957224373  0.82447318391389701  0.83073173957521840
  0.83725964801370800  0.84403777155241488  0.85103156564658855  0.85837924845255320
  0.86624484924152756  0.87454722006230634  0.88382693895057829  0.89414279753003745
  0.90618434602212283  0.92140807025707394  0.94475825332713359  1.00000000000000000
   2.9856272792304753E-002  -1.0000000000000000     
 F T T F F T T F
  <DiscreteSampler_grid>
  grouped_processes
  1 # 1 for a reference and 2 for a running grid.
  10 # Attribute 'min_bin_probing_points' of the grid.
  1 # Attribute 'grid_mode' of the grid. 1=='default',2=='initialization'
  0.0000000000000000 # Attribute 'small_contrib_threshold' of the grid.
  0.5000000000000000 # Attribute 'damping_power' of the grid.
 # binID   n_entries weight   weight_sqr   abs_weight
    31   10   7.309592177438135E+010   8.880461791260546E+021   7.309592177438135E+010
    32   10   7.309592177438135E+010   8.880461791260546E+021   7.309592177438135E+010
    34   10   7.309592177438134E+006   8.880461791260545E+013   7.309592177438134E+006
    35   10   7.309592177438134E+006   8.880461791260545E+013   7.309592177438134E+006
    37   10   7.309592177438134E+006   8.880461791260545E+013   7.309592177438134E+006
    38   10   7.309592177438134E+006   8.880461791260545E+013   7.309592177438134E+006
    40   10   7.309592177438135E+010   8.880461791260546E+021   7.309592177438135E+010
    41   10   7.309592177438135E+010   8.880461791260546E+021   7.309592177438135E+010
    43   10   7.309592177438135E+010   8.880461791260546E+021   7.309592177438135E+010
    44   10   7.309592177438135E+010   8.880461791260546E+021   7.309592177438135E+010
    46   10   7.309592177438134E+006   8.880461791260545E+013   7.309592177438134E+006
    47   10   7.309592177438134E+006   8.880461791260545E+013   7.309592177438134E+006
    49   10   7.309592177438134E+006   8.880461791260545E+013   7.309592177438134E+006
    50   10   7.309592177438134E+006   8.880461791260545E+013   7.309592177438134E+006
    52   10   7.309592177438135E+010   8.880461791260546E+021   7.309592177438135E+010
    53   10   7.309592177438135E+010   8.880461791260546E+021   7.309592177438135E+010
  </DiscreteSampler_grid>
