 -0.00005749534878770  0.00060106548333850  0.00152261726080132  0.00293787989015188
  0.00486333593405170  0.00732059504858569  0.01019777085173980  0.01368598511774415
  0.01748306908824876  0.02156899915263308  0.02593584998795608  0.03065000767442034
  0.03579631132526470  0.04127020422625703  0.04704734457907745  0.05322838173221724
  0.05976627317210648  0.06650590201011636  0.07338104689762037  0.08042142940847079
  0.08784022630871831  0.09562230166868343  0.10361772474802042  0.11151633483867250
  0.11946535593605297  0.12772014248077643  0.13618340189809811  0.14491435818669393
  0.15397651510775054  0.16321959830497251  0.17254044313698647  0.18152045729315053
  0.19069151419811392  0.20007013128509007  0.20976309554253794  0.21931337163687331
  0.22899447658536046  0.23906944156270174  0.24910800534657657  0.25918360373686927
  0.26940531711441607  0.27979831362294566  0.29038122156941809  0.30112919630597129
  0.31199121845617378  0.32292553026201642  0.33411212236603810  0.34552483015176116
  0.35719176356351828  0.36918042436695253  0.38162464116664924  0.39425596559071768
  0.40696573190276297  0.41971924806471667  0.43254014724912332  0.44551564287976758
  0.45870864686846696  0.47177041760426514  0.48475066842222303  0.49747746531045378
  0.51008089933721179  0.52277784873697430  0.53559869898545853  0.54892298291998010
  0.56221516320684750  0.57553648017101811  0.58896168746296806  0.60234380190016157
  0.61539269671749675  0.62882395221341436  0.64245079565775298  0.65611212555558884
  0.66986643109020216  0.68374188776790434  0.69772326523358907  0.71222178049519747
  0.72658815863161863  0.74093064037484491  0.75523209891790244  0.76944333628360462
  0.78359199785705547  0.79770166637485540  0.81183133305946642  0.82606648505545133
  0.84046978564313402  0.85505942397220014  0.86941168205116781  0.88367792237744180
  0.89793328692935492  0.91228078461426709  0.92686236485621099  0.94154590665182403
  0.95620442833409036  0.97081361967996715  0.98539089165112004  1.00000000000000000
 -0.00243917757293744  0.00935364906583640  0.01918144899757770  0.03002814686130441
  0.04089746533857717  0.05185615868375206  0.06259677016845933  0.07331666667039442
  0.08385762142712989  0.09409707515638889  0.10392407573824046  0.11420739735025419
  0.12476350646162557  0.13524358302607042  0.14548034461242673  0.15593844421019379
  0.16637452769756897  0.17692156260226338  0.18717766145990519  0.19787997288547154
  0.20891575615196678  0.22029224512712628  0.23146477531984014  0.24247747468749839
  0.25304285413841943  0.26355680217299615  0.27411191387053579  0.28498202019042179
  0.29584276045259184  0.30624517506692517  0.31674207077798167  0.32751157315219831
  0.33801207460723470  0.34827825856484407  0.35853749342449598  0.36856721995192326
  0.37820014432114957  0.38755684300931265  0.39720778194256712  0.40725630532943380
  0.41749456156886727  0.42786015395235499  0.43826675072913041  0.44897501817964103
  0.45973854870720271  0.47012541166688943  0.48051680025746202  0.49089443616845102
  0.50104520479256787  0.51083653083177205  0.52062950645941342  0.53070218181462003
  0.54061417069657791  0.55047998172751722  0.56018243332804718  0.56985641531982245
  0.57932562337309557  0.58921735725358826  0.59971984708272053  0.61051502950287928
  0.62136157717930041  0.63220820536175759  0.64311423603070972  0.65382341017426127
  0.66441817002152148  0.67508425115288551  0.68541383811292300  0.69577947385233474
  0.70621058508551204  0.71719608075941310  0.72856522408456659  0.73966048050420552
  0.75049541699305045  0.76130271642773883  0.77197155910189275  0.78276487494323144
  0.79356872269631973  0.80459610297036821  0.81560543069105451  0.82635781340654380
  0.83697501568157362  0.84797854419317342  0.85949109040772143  0.87116990005104522
  0.88264425945998615  0.89408406043308675  0.90495503665342691  0.91610221716861573
  0.92713308090803581  0.93794668905722889  0.94830532605592488  0.95873501029948094
  0.96936525421751885  0.97957782179061470  0.98974774146801048  1.00000000000000000
 -0.00205786331771293  0.01102889831878249  0.02104627764508987  0.03047728149201338
  0.03949132819333180  0.04761643036833246  0.05542188170299318  0.06285053990228791
  0.07015243281096573  0.07738692805033032  0.08446710036259195  0.09120047163644282
  0.09786021277076419  0.10450724200334398  0.11106080174476851  0.11764626761831695
  0.12411637815276808  0.13037463839811270  0.13657636363768191  0.14276544581444811
  0.14884724714745132  0.15480396881585615  0.16094068991450319  0.16702936859843220
  0.17329178183726268  0.17954991788481781  0.18578398981024821  0.19201270582646696
  0.19811489414143443  0.20410615781342151  0.21015035236684393  0.21639058808451037
  0.22277511200806022  0.22916135597169598  0.23550799568827929  0.24169654039852595
  0.24783241797450251  0.25406805495445184  0.26049169950026224  0.26719426221663867
  0.27402793334962477  0.28098476870214339  0.28790947787499627  0.29469850400360764
  0.30142676040808691  0.30816721034182376  0.31494894612100732  0.32176523559224607
  0.32877727913121624  0.33565422003700573  0.34256974506291960  0.34932631873569803
  0.35621092430557555  0.36329940979977166  0.37061011593141874  0.37811114271912127
  0.38567123704328415  0.39323957945630839  0.40084723393836014  0.40845989681236083
  0.41626476344880836  0.42449529799407171  0.43296129059767147  0.44139983831471030
  0.44986951959224342  0.45853734313423128  0.46746486827776479  0.47638537722940288
  0.48521048312555148  0.49422204698826033  0.50355152441899909  0.51289634740628987
  0.52215986429933692  0.53138444939996921  0.54073473047230702  0.55058552308905051
  0.56089341668625681  0.57221556510596527  0.58441978296469299  0.59719594134053622
  0.60984695506864528  0.62252181754659619  0.63543299330070835  0.64880480301554344
  0.66286463595515133  0.67769863060561608  0.69370313197132394  0.71097786281768915
  0.72898261264001862  0.74798858705789595  0.76822015558603607  0.79113092537103713
  0.81897558950016824  0.85440968982255283  0.90346115062475907  1.00000000000000000
 -0.01984959367288144  0.12421016900522194  0.16982815115936528  0.20092637880715686
  0.22494546606615209  0.24488604277082163  0.26248365121454831  0.27914300147978560
  0.29495568222143592  0.30983610733646649  0.32443809244775085  0.33834732735506229
  0.35140371432286155  0.36335073121127848  0.37473497410939816  0.38583046422019945
  0.39643577969575339  0.40615670927114150  0.41541814295975960  0.42434191050075298
  0.43307880563730944  0.44174087960072334  0.45027908375929626  0.45857247810407403
  0.46716617778012465  0.47568501961053344  0.48419224377897269  0.49259779431356931
  0.50082492838327353  0.50879137275547071  0.51663813904186950  0.52423921870435564
  0.53159975061590714  0.53894176248307146  0.54630901076674721  0.55344034005957554
  0.56038503908848225  0.56700507927741206  0.57344475538953288  0.57995774309324677
  0.58651796699573422  0.59308290188243962  0.59959526074261860  0.60609373853353166
  0.61256261905099607  0.61887917871374321  0.62505963422683875  0.63116282786422773
  0.63735396250585508  0.64333822095491200  0.64905919154251923  0.65459363787930258
  0.66013781869018151  0.66568031453449072  0.67111170429416900  0.67642555618739197
  0.68170290112272902  0.68704264510875257  0.69228323566186778  0.69744848788130209
  0.70259558717024262  0.70762594623953057  0.71269331709068617  0.71760886402049573
  0.72249651577378382  0.72741846650413566  0.73256649681444508  0.73786614723515476
  0.74315683326890103  0.74839534133498309  0.75367851042995271  0.75905811474603802
  0.76448784371785294  0.76998396443555162  0.77569319181400109  0.78149379606679725
  0.78719915940281793  0.79306233521342240  0.79916442126665788  0.80525599893640420
  0.81128714788797529  0.81744420067553392  0.82383712000300602  0.83042809762633329
  0.83729925766926927  0.84441465567262131  0.85160476464092227  0.85919483520638562
  0.86728899996137643  0.87602208528193892  0.88587014576652290  0.89617570704748373
  0.90848896965455839  0.92336396740744264  0.94572331818996125  1.00000000000000000
   9.8458378340803576E-008  -1.0000000000000000     
 F T T F F T T F
  <DiscreteSampler_grid>
  grouped_processes
  1 # 1 for a reference and 2 for a running grid.
  10 # Attribute 'min_bin_probing_points' of the grid.
  1 # Attribute 'grid_mode' of the grid. 1=='default',2=='initialization'
  0.0000000000000000 # Attribute 'small_contrib_threshold' of the grid.
  0.5000000000000000 # Attribute 'damping_power' of the grid.
 # binID   n_entries weight   weight_sqr   abs_weight
    31   10   2.463458460132713E+004   9.080992907176411E+008   2.463458460132713E+004
    32   10   2.463458460132713E+004   9.080992907176411E+008   2.463458460132713E+004
    34   10   2.463458460132714E+000   9.080992907176418E+000   2.463458460132714E+000
    35   10   2.463458460132714E+000   9.080992907176418E+000   2.463458460132714E+000
    37   10   2.463458460132714E+000   9.080992907176418E+000   2.463458460132714E+000
    38   10   2.463458460132714E+000   9.080992907176418E+000   2.463458460132714E+000
    40   10   2.463458460132713E+004   9.080992907176411E+008   2.463458460132713E+004
    41   10   2.463458460132713E+004   9.080992907176411E+008   2.463458460132713E+004
    43   10   2.463458460132713E+004   9.080992907176411E+008   2.463458460132713E+004
    44   10   2.463458460132713E+004   9.080992907176411E+008   2.463458460132713E+004
    46   10   2.463458460132714E+000   9.080992907176418E+000   2.463458460132714E+000
    47   10   2.463458460132714E+000   9.080992907176418E+000   2.463458460132714E+000
    49   10   2.463458460132714E+000   9.080992907176418E+000   2.463458460132714E+000
    50   10   2.463458460132714E+000   9.080992907176418E+000   2.463458460132714E+000
    52   10   2.463458460132713E+004   9.080992907176411E+008   2.463458460132713E+004
    53   10   2.463458460132713E+004   9.080992907176411E+008   2.463458460132713E+004
  </DiscreteSampler_grid>
