  0.00749352123657680  0.01471826501522586  0.02420532820591213  0.03493657820407815
  0.04541329707313292  0.05588300553366022  0.06633422795117089  0.07673924209711709
  0.08712018204892527  0.09759431589652978  0.10806120312494293  0.11830106891957556
  0.12851495794843032  0.13888709450364206  0.14928120888149607  0.15981799044802542
  0.17027411710037951  0.18097839167389826  0.19155982949529515  0.20203479645872113
  0.21256369855645119  0.22311836136069452  0.23364651503345130  0.24396149415765486
  0.25435852337549758  0.26481537626562601  0.27521452797829427  0.28553338495287583
  0.29590289811136095  0.30639182380263130  0.31677574665160213  0.32698990190615274
  0.33723553159849284  0.34762982172445783  0.35800141622657411  0.36838583135195557
  0.37877464793670623  0.38931791052456804  0.39978073654666807  0.41019074324094251
  0.42066389620962480  0.43119971537470969  0.44168215073606470  0.45211267498482116
  0.46251387376299746  0.47309656025812791  0.48369178721320727  0.49446735349355275
  0.50515681897405651  0.51587921889851407  0.52641835910053680  0.53686509859407028
  0.54719437039397967  0.55738954572791111  0.56752391969724059  0.57777193608574795
  0.58837840914162531  0.59914504698043147  0.60981939946655583  0.62035121143515903
  0.63096322871954613  0.64165758883984902  0.65215738599275463  0.66258288050878289
  0.67293156499143636  0.68352605441637992  0.69422037540313142  0.70486002733445674
  0.71534895412012245  0.72564260594042496  0.73603052421043136  0.74641541133250966
  0.75677303593826395  0.76711205555235373  0.77745635765640142  0.78794481019068163
  0.79837613475974079  0.80899929648149105  0.81962384562768531  0.83036178229073965
  0.84098894927088708  0.85156486144870691  0.86192566680110716  0.87216792126205944
  0.88233350878765393  0.89257038082977214  0.90280825056872294  0.91310979157999372
  0.92356503425726633  0.93409240639317825  0.94475656720487855  0.95540852473897020
  0.96601781188004077  0.97682100380732861  0.98814158782763406  1.00000000000000000
  0.00727218606002368  0.01576621824121086  0.02668314676813661  0.03782687295532139
  0.04849030919457697  0.05906355620551738  0.06961182522407425  0.08010448145932283
  0.09069584299798832  0.10126973800482271  0.11159248628095803  0.12179387798584318
  0.13212035418702661  0.14260534154362972  0.15289313781872696  0.16314013332956312
  0.17353075189614747  0.18400920091179357  0.19442905935620400  0.20466004247439265
  0.21501087232002070  0.22551983720287577  0.23605173413367728  0.24656636959946596
  0.25688907742397066  0.26729997634368163  0.27773639535094713  0.28835268555055615
  0.29896142555771910  0.30954781321703390  0.32010036332841763  0.33056962598989947
  0.34083672643461610  0.35110496075128450  0.36143438181582538  0.37162152685830341
  0.38173543993771447  0.39187576297942062  0.40244015662646115  0.41307781446966096
  0.42373401211050304  0.43417998396160040  0.44468130129933997  0.45503709371900614
  0.46551175411447682  0.47588372505665183  0.48615691941534461  0.49647685942032765
  0.50684520591114679  0.51744521142526601  0.52792468763803690  0.53842893499187372
  0.54881582684998764  0.55931629353506751  0.56976094386274889  0.58031432407746186
  0.59053434373721680  0.60068865718567277  0.61089019424967927  0.62113932756923151
  0.63134723759517630  0.64155152613433375  0.65199625499778768  0.66256225861127405
  0.67300295857923886  0.68345970433197456  0.69390645222638037  0.70439119727721589
  0.71475748298669783  0.72516400600107001  0.73569605827248441  0.74643708458251090
  0.75713231649069734  0.76773745170227214  0.77817306480827353  0.78852659250083057
  0.79885179260503458  0.80911164790219570  0.81955517500480146  0.82994364444561164
  0.84063903189376743  0.85121195891751900  0.86184207271553470  0.87228106469256828
  0.88269966250516330  0.89306890340620249  0.90342771883850836  0.91380747135474116
  0.92425820233576683  0.93468567896518395  0.94508747964352535  0.95544138715650073
  0.96604912022708589  0.97701549612646377  0.98838349634954981  1.00000000000000000
 -0.00249251492875025  0.00963075524168507  0.01972541395628464  0.03019354521461754
  0.04070202522084256  0.05143189668890077  0.06216796494299007  0.07270844990431095
  0.08340119303857557  0.09393838566746021  0.10460211754210189  0.11505677517656153
  0.12554428076517446  0.13614716195145490  0.14672018877777068  0.15746066503736234
  0.16808273407270038  0.17876842533856468  0.18936811592560929  0.19988383811028082
  0.21044934302258755  0.22110689708509595  0.23191683130090210  0.24269769520591422
  0.25354988459514127  0.26431892941823387  0.27491734049550193  0.28538452464405589
  0.29589476836249190  0.30640457485017170  0.31693589141103384  0.32733227976343210
  0.33776469616897314  0.34815514683564297  0.35867026421350001  0.36936530828124042
  0.38000511441688900  0.39061303135246389  0.40121830219693305  0.41181365021439342
  0.42248781547061032  0.43303278089939701  0.44358258158426500  0.45418215201004697
  0.46469901175322142  0.47534681338967383  0.48570518354180509  0.49596785006852268
  0.50630499833237830  0.51667537631742888  0.52697705345684098  0.53719868944977123
  0.54756327559145090  0.55811057703565337  0.56849865374484432  0.57881578049673788
  0.58934040343667404  0.59977582889601355  0.61019148154797564  0.62051601583159588
  0.63104149202117843  0.64171976890471372  0.65246799961853263  0.66320359167802112
  0.67372487608637910  0.68400190403783001  0.69440447923900261  0.70491128169259110
  0.71578734160932322  0.72663208023572634  0.73784347627125946  0.74893809655854338
  0.75977154435307281  0.77047889331524833  0.78137012450639642  0.79235461708230059
  0.80327638735916274  0.81399507164121010  0.82453494057740473  0.83496611282864974
  0.84534033293838995  0.85582063369011707  0.86628051313573395  0.87652184811585787
  0.88687411979618780  0.89719803583396940  0.90757793663154496  0.91785600108094245
  0.92813506771045373  0.93857505845080014  0.94888701694555588  0.95907339350619869
  0.96932455064244827  0.97956875117918762  0.98980165421857447  1.00000000000000000
 -0.00241807384851620  0.00957544489531905  0.01974980375429908  0.03037494660883378
  0.04112340212937485  0.05181522058822946  0.06259906510853323  0.07315826664560623
  0.08373283821112500  0.09400000092535996  0.10419593612786554  0.11442543487796712
  0.12471137367894229  0.13527309223866546  0.14573947502945231  0.15638882876942872
  0.16704545801379925  0.17778066875517889  0.18847140519631989  0.19893252329184827
  0.20923745454124218  0.21940280246264174  0.22965291058585305  0.24005288279153764
  0.25032639922816130  0.26070931241441064  0.27109066681525790  0.28181454123890259
  0.29247493809564135  0.30329671284390858  0.31404066403227832  0.32477236553055194
  0.33548122700057176  0.34609311070512172  0.35677245145336434  0.36722440237549825
  0.37763479784590454  0.38793405562662536  0.39821372729279170  0.40866115472808651
  0.41909128086175923  0.42961306901344970  0.44004760089936701  0.45063583514515043
  0.46136222643967656  0.47213593857509850  0.48277399215008177  0.49326222881837251
  0.50385451951469118  0.51449436601155185  0.52517683449177166  0.53575027682238918
  0.54641933850576629  0.55719922174870717  0.56800802209617340  0.57880744156881014
  0.58954949340981733  0.60043881097827523  0.61124237407232540  0.62188806237004512
  0.63229588860410080  0.64279306835003636  0.65314972063251331  0.66352135942696833
  0.67387602361492926  0.68421449521979549  0.69470576215654611  0.70517855757747472
  0.71599432791976358  0.72695216554619346  0.73796784479090483  0.74901357312990646
  0.75975357149716793  0.77040084471667092  0.78095489329323198  0.79147828627088224
  0.80176945103116493  0.81202822038865075  0.82209769309222969  0.83220484364581337
  0.84250392140727981  0.85289345744893186  0.86356986943788361  0.87422936162826415
  0.88488549780664372  0.89552921036021804  0.90592971755707574  0.91628671043347132
  0.92675275047457850  0.93710814763231209  0.94765450640353599  0.95800073473094949
  0.96856200423608796  0.97906740037249840  0.98956006149998077  1.00000000000000000
 -0.00252698813167586  0.00995559400016720  0.02033412408292647  0.03086704830706554
  0.04148112085625886  0.05220670550749588  0.06274937138228935  0.07317926850410229
  0.08358507985537036  0.09404793978537292  0.10437728721528237  0.11467202540313934
  0.12504155294686214  0.13530813480056297  0.14561062353970886  0.15596538118688960
  0.16642911213168207  0.17691044328660888  0.18725066264640960  0.19759807043280897
  0.20796610750565306  0.21845206665136155  0.22900312104259687  0.23955899164557301
  0.25022242261772726  0.26086653213834732  0.27149638465661941  0.28197058906258377
  0.29257615253167318  0.30301224725785780  0.31351014352789180  0.32385083855643265
  0.33422617530510024  0.34440961668708259  0.35466099158233727  0.36522660367199106
  0.37576546686033474  0.38636955721309130  0.39682190250492466  0.40746616289482074
  0.41800863309721736  0.42834174857315949  0.43861242398064737  0.44884217327350512
  0.45911831047279922  0.46949588395933051  0.47997449808470466  0.49071132850774590
  0.50143437381676947  0.51207902130505989  0.52254083551994768  0.53302352602454373
  0.54352037392413521  0.55410362727738394  0.56481753012291935  0.57555979245907007
  0.58622886653987960  0.59676790994103202  0.60739675945734350  0.61808166499968886
  0.62869822333889080  0.63928607546659399  0.64984912807529027  0.66046842692111341
  0.67108632805311474  0.68165278660964101  0.69223388804105768  0.70282687501602470
  0.71341854751524159  0.72397042981819304  0.73455993181027812  0.74523718673539041
  0.75577883925478040  0.76624904922339754  0.77675065813192468  0.78732639630491763
  0.79799423562114458  0.80868727039978405  0.81938150120150566  0.82991553078687397
  0.84045160773952310  0.85107854529405813  0.86179456768518969  0.87241403983192101
  0.88301729087340297  0.89369172570380118  0.90432004741330041  0.91505175390265958
  0.92578763139114195  0.93648308816999815  0.94697326467185594  0.95735439259760968
  0.96795124563079427  0.97865614289028358  0.98932367139737154  1.00000000000000000
 -0.00230912297270396  0.00963654721527034  0.01974562114704350  0.03023425613545680
  0.04064179499831742  0.05094263849701278  0.06113113357244531  0.07140702224700679
  0.08154859708596408  0.09191162438452602  0.10213398811645459  0.11252097063497157
  0.12280950213348459  0.13316425514389718  0.14352493325808161  0.15407478718416881
  0.16474020815982063  0.17534919216355427  0.18584776587074650  0.19627249728347107
  0.20685238145885504  0.21733894883681665  0.22793906259618354  0.23870989263962417
  0.24948188017062647  0.25998877421124633  0.27050690856423348  0.28103925625160225
  0.29163858707539392  0.30205962015492543  0.31252958465238095  0.32324550662746665
  0.33395173074380152  0.34481599725745127  0.35568476684632377  0.36654133571592495
  0.37738725334896495  0.38808109347069758  0.39876684285858244  0.40943967615335841
  0.42025290971307833  0.43114744886201778  0.44206053789449334  0.45305502616068655
  0.46403145388347544  0.47490024476739973  0.48539403700646183  0.49585418944427095
  0.50642991343620225  0.51706577696952916  0.52771699867137356  0.53825791561935588
  0.54897433025461495  0.55975834783478684  0.57046725441331336  0.58111560970535114
  0.59152796377951455  0.60196690781004669  0.61235751394005600  0.62284205277053029
  0.63330776054969373  0.64377716812544084  0.65414306932722899  0.66449355616523231
  0.67470304471969944  0.68499757572414066  0.69526751369276685  0.70551319349374442
  0.71599971287052522  0.72642354293814215  0.73694851691065377  0.74743889194965496
  0.75826194818607273  0.76907836430924370  0.77993248892605560  0.79059505105466443
  0.80129854389061073  0.81183512218130982  0.82237003178001289  0.83289399408814968
  0.84337352598235515  0.85392237789954939  0.86452267234988445  0.87512484968442816
  0.88575571351423144  0.89624207779038023  0.90676653943096674  0.91722421243037844
  0.92774248015301475  0.93828125422344433  0.94873438547089373  0.95908857022848226
  0.96925516097135000  0.97936248244474644  0.98964956421423589  1.00000000000000000
 -0.00234259256123455  0.00963792308527839  0.01984446563073256  0.03023673622173301
  0.04077512672998866  0.05150477640462027  0.06229218574380332  0.07291856044771476
  0.08342813351193962  0.09371232531282576  0.10404527704814300  0.11439945612951008
  0.12465050899339043  0.13501605989672189  0.14526211507974063  0.15557939035199889
  0.16599282299076337  0.17652139652546819  0.18725596116802301  0.19795918991808600
  0.20866895705345878  0.21954588087136881  0.23030006715439622  0.24083909333874057
  0.25121742578774636  0.26175380365499218  0.27221668659005577  0.28274276487877353
  0.29317543755830999  0.30394356853592552  0.31453398886921696  0.32498362091393063
  0.33545612056528007  0.34611861139408456  0.35670562231333031  0.36723584749192550
  0.37769395906964393  0.38823704555132932  0.39883309230735736  0.40945197289945195
  0.42009678396783734  0.43076931347218766  0.44152672728130243  0.45243564788570034
  0.46338916351510989  0.47423282548719564  0.48496451227009557  0.49571443111827174
  0.50634083826530696  0.51704142662685726  0.52773060978923614  0.53845993152119653
  0.54899548170156109  0.55959649792639321  0.57013281692980167  0.58058166725973348
  0.59092327413368639  0.60125117036727382  0.61159797267077187  0.62195410492612668
  0.63234861113717888  0.64275144908661641  0.65328905080265876  0.66374823615689171
  0.67410619048637843  0.68441857976130216  0.69488595959788657  0.70563026052879618
  0.71628437722733418  0.72688205614649049  0.73748622054340285  0.74821550696403261
  0.75904204176844581  0.76982753388882752  0.78036773886658017  0.79087578085213361
  0.80151190531405170  0.81220127862981539  0.82279855393769674  0.83330931282814547
  0.84372901275255052  0.85418301344238601  0.86448012670947172  0.87483769739254347
  0.88520939595264359  0.89555078647014830  0.90597494683326663  0.91638238162589269
  0.92693437035469484  0.93727215021292720  0.94751758029072763  0.95770741380219904
  0.96829434596896846  0.97900139059176861  0.98955576895734565  1.00000000000000000
 -0.00237436301814590  0.00939188478204202  0.01954508828127516  0.03004017191632345
  0.04055798846054698  0.05099517155779477  0.06139591386991289  0.07192147790426495
  0.08242710314411106  0.09304216282157397  0.10349584790428289  0.11407418363810054
  0.12464231870661621  0.13528833474075261  0.14606734560596010  0.15677633028444396
  0.16756228824462099  0.17831117812236416  0.18895192513554113  0.19953464001759177
  0.21013044255170607  0.22086252895225211  0.23153220742927197  0.24219813831352668
  0.25282442793450138  0.26345699678989654  0.27397202822061117  0.28451314515415538
  0.29491929542881429  0.30527187188898619  0.31554769824285911  0.32578277655648036
  0.33614308688344841  0.34657763585381929  0.35714274488809428  0.36781578887139083
  0.37833937074937973  0.38880270525653682  0.39922153926161802  0.40978766273889439
  0.42039794765029220  0.43089028324087802  0.44128097058961269  0.45172372733589911
  0.46220492924823309  0.47273105800583970  0.48320594571406633  0.49360935247675058
  0.50401719168900538  0.51440098820204461  0.52499334176531054  0.53573142691603870
  0.54652416320187491  0.55721188201906058  0.56783126512835636  0.57838690079292565
  0.58894626065107591  0.59957391392505210  0.61020603384694061  0.62076591031733785
  0.63127911420431704  0.64168312553539320  0.65217142476163192  0.66260248306037239
  0.67310359290815969  0.68356989463642448  0.69414543963768738  0.70473685877591319
  0.71521027653928515  0.72551799363476410  0.73595325501157516  0.74638982624804251
  0.75686818381924326  0.76731282142652246  0.77781367024901726  0.78821567645996504
  0.79875140450983551  0.80920330015534392  0.81974467052763522  0.83019331122463647
  0.84082661334250219  0.85156584818870673  0.86244873113259601  0.87330991051121509
  0.88408736169170621  0.89472120099536034  0.90532097305519188  0.91591172569859003
  0.92652648962164952  0.93707514024352945  0.94770225687144305  0.95819963553747844
  0.96855558338174119  0.97895197924261812  0.98944685518511821  1.00000000000000000
  0.01016046285843113  0.02693262990832187  0.04214152236326566  0.05433171132772378
  0.06551777722229905  0.07640230650769912  0.08717425770224757  0.09786732311369746
  0.10848460235719100  0.11907057411656176  0.12963466701996113  0.14012834394140483
  0.15049534674147089  0.16081086238324030  0.17108839892209921  0.18127802112563107
  0.19137108762426505  0.20145135866886710  0.21167550984172420  0.22203619822434723
  0.23244917372389248  0.24286836732046480  0.25327834355065132  0.26368470818069001
  0.27415809679643111  0.28465878964357738  0.29507915663048934  0.30530853695487531
  0.31548104292659440  0.32567493530652419  0.33585312255122673  0.34597123686198467
  0.35605838642518106  0.36615237102253517  0.37619956063336102  0.38625474834375861
  0.39641262265169769  0.40664934031958611  0.41685371546237876  0.42700452683100520
  0.43711531202140197  0.44719780300809658  0.45726340072595173  0.46744568672023257
  0.47775039250532347  0.48816018393151861  0.49858021822308352  0.50891347015061894
  0.51915533712935369  0.52929664235943008  0.53945233545394367  0.54972571467189646
  0.56002511598932625  0.57029458913063547  0.58051951561654913  0.59086925301377646
  0.60126062065481689  0.61157063083731222  0.62175524021311246  0.63192276167169981
  0.64211332121367115  0.65223099066200074  0.66241424907974611  0.67258559910174520
  0.68287059477397594  0.69306404626747387  0.70324359241126022  0.71347990255341898
  0.72374122652307260  0.73398508116255889  0.74402146209818454  0.75399336667713823
  0.76406037199293508  0.77416338693108133  0.78433758055663261  0.79447193180480358
  0.80462844827514735  0.81478318642699576  0.82514310073039754  0.83547344513001331
  0.84571506469683677  0.85582789080081223  0.86585264410368024  0.87595697930754590
  0.88593201513379605  0.89592681589990142  0.90598211290345920  0.91603402958812663
  0.92612561287554906  0.93626411666281428  0.94621606832148697  0.95622829399637754
  0.96638266429824138  0.97673059528966855  0.98796445094443575  1.00000000000000000
 -0.01965559266851832  0.12294614715995666  0.16800281514383381  0.19707793972975610
  0.22094426675021669  0.24137896115613058  0.25955901644800267  0.27610218794503999
  0.29147789846012873  0.30589552943953724  0.31939288692136730  0.33219461788074917
  0.34440897501244272  0.35620459235309077  0.36753970023328147  0.37853261658796999
  0.38911513918115009  0.39938610646259326  0.40930682670394186  0.41897897240512871
  0.42833401428228890  0.43749358711770581  0.44641788451423670  0.45519771513531182
  0.46383340278758062  0.47231677564112068  0.48071573812290208  0.48885632205421803
  0.49690613326134431  0.50475040367646906  0.51245167018121696  0.52006763559906288
  0.52749404597648963  0.53484632059813220  0.54211186665815514  0.54926691241388093
  0.55635116262781958  0.56334646673294697  0.57020367504927549  0.57697017033902398
  0.58365483471413060  0.59023364961283276  0.59673316526178966  0.60315176900844114
  0.60946850954065601  0.61574462350868886  0.62197367916731983  0.62812436834457697
  0.63417076720047261  0.64016527533929624  0.64612352085298996  0.65196458842336547
  0.65776979524541346  0.66354402617053698  0.66926569906467726  0.67493211989585644
  0.68054915699806773  0.68613119590879890  0.69168380258381956  0.69719885310701379
  0.70270108756536720  0.70817110895315671  0.71359804135995131  0.71901038983796206
  0.72442428002757275  0.72983492105013825  0.73520788597063214  0.74056198926501438
  0.74591450255549130  0.75127928287337498  0.75667193818734391  0.76208705530358611
  0.76752702962960018  0.77296909772941103  0.77845856078672826  0.78396479660043972
  0.78953206912403362  0.79517636518131130  0.80089642857286447  0.80667729782323572
  0.81256733879437038  0.81861999284796172  0.82480893694389013  0.83112711395864314
  0.83768496158423145  0.84444879215700708  0.85139790246447056  0.85877001476783232
  0.86667735481232044  0.87504971142809140  0.88435330428043379  0.89470769110965442
  0.90695580907739604  0.92241617784828578  0.94597961350175808  1.00000000000000000
   4.6206654347004530E-004  -1.0000000000000000     
 F F F F F F F F F F F F F F F F T T T T T T T T T T T T T T T T T T T T T T T T T T T T T T T T F F F F F F F F F F F F F F F F F F F F F F F F F F F F F F F F T T T T T T T T T T T T T T T T T T T T T T T T T T T T T T T T F F F F F F F F F F F F F F F F
  <DiscreteSampler_grid>
  grouped_processes
  1 # 1 for a reference and 2 for a running grid.
  10 # Attribute 'min_bin_probing_points' of the grid.
  1 # Attribute 'grid_mode' of the grid. 1=='default',2=='initialization'
  0.0000000000000000 # Attribute 'small_contrib_threshold' of the grid.
  0.5000000000000000 # Attribute 'damping_power' of the grid.
 # binID   n_entries weight   weight_sqr   abs_weight
    31   10   9.519567581343812E+007   1.782940336599012E+016   9.519567581343812E+007
    32   10   9.519567581343812E+007   1.782940336599012E+016   9.519567581343812E+007
    34   10   9.519567581343805E+003   1.782940336599009E+008   9.519567581343805E+003
    35   10   9.519567581343803E+003   1.782940336599009E+008   9.519567581343803E+003
    37   10   9.519567581343805E+003   1.782940336599009E+008   9.519567581343805E+003
    38   10   9.519567581343803E+003   1.782940336599009E+008   9.519567581343803E+003
    40   10   9.519567581343812E+007   1.782940336599012E+016   9.519567581343812E+007
    41   10   9.519567581343812E+007   1.782940336599012E+016   9.519567581343812E+007
    43   10   9.519567581343810E+007   1.782940336599011E+016   9.519567581343810E+007
    44   10   9.519567581343809E+007   1.782940336599012E+016   9.519567581343809E+007
    46   10   9.519567581343807E+003   1.782940336599009E+008   9.519567581343807E+003
    47   10   9.519567581343805E+003   1.782940336599010E+008   9.519567581343805E+003
    49   10   9.519567581343807E+003   1.782940336599009E+008   9.519567581343807E+003
    50   10   9.519567581343805E+003   1.782940336599010E+008   9.519567581343805E+003
    52   10   9.519567581343810E+007   1.782940336599011E+016   9.519567581343810E+007
    53   10   9.519567581343809E+007   1.782940336599012E+016   9.519567581343809E+007
  </DiscreteSampler_grid>
