 -0.00005709432742015  0.00059753960172801  0.00155619419719510  0.00298885537221186
  0.00493249099914524  0.00743204531314084  0.01030933141468152  0.01369481943809314
  0.01740737675497375  0.02164879230046021  0.02627391660288720  0.03109031059711140
  0.03654175072410790  0.04229162147580427  0.04818720569328171  0.05446289324193782
  0.06091091575679511  0.06753434827578873  0.07437092088155266  0.08160027822120570
  0.08911795828799496  0.09674900907587383  0.10456508155742528  0.11257777572581176
  0.12097835989499363  0.12981174996295583  0.13880544195753558  0.14804990125334389
  0.15743248208695423  0.16700940075678791  0.17647084953981262  0.18603837753606464
  0.19587829119141739  0.20595497803816018  0.21612671033810785  0.22644809266986649
  0.23697299147265116  0.24746522570454299  0.25776961255676983  0.26796987560702962
  0.27822300194722827  0.28867297344581211  0.29930829437455653  0.31010006071352864
  0.32114597672239859  0.33226712539491232  0.34361984440624060  0.35491520946877408
  0.36629064571645609  0.37787800904168101  0.38957145139647498  0.40138482117795371
  0.41332835355866249  0.42534121985491419  0.43742380910708195  0.44996104444816265
  0.46227077850635001  0.47453402094138553  0.48741475914035032  0.50034221966256431
  0.51310354264994340  0.52598516399674033  0.53931333677157511  0.55254277197017954
  0.56582433747644778  0.57906910109179832  0.59224551708084827  0.60539110478572011
  0.61859268311992210  0.63183606788025493  0.64535858883022590  0.65895259626568681
  0.67260543786642502  0.68628721574095319  0.69979816910449255  0.71330119422530669
  0.72672299108145444  0.73983601440625202  0.75322565367851069  0.76729366622576611
  0.78161094074568238  0.79630532165387036  0.81095274740431811  0.82563723734262340
  0.84040014114727302  0.85521900538246098  0.86957741642925757  0.88376595807413638
  0.89777165943531378  0.91186542194892395  0.92657992678664169  0.94130724812977451
  0.95592829044024752  0.97056303207604089  0.98525625793938321  1.00000000000000000
 -0.00241067135033124  0.01005841379057324  0.02016011284595982  0.03084225895832724
  0.04139517705402313  0.05163558078066989  0.06200117416350966  0.07243962184563649
  0.08274436027782349  0.09267706936168825  0.10278432839819662  0.11370013111791893
  0.12454325243450344  0.13463587953802811  0.14448584733598716  0.15481574147534807
  0.16526370224410783  0.17538549651058252  0.18529307088481733  0.19545607333734968
  0.20591515864790566  0.21621792933974038  0.22645862841832559  0.23696189982957860
  0.24769770050477133  0.25851965858489179  0.26929839167647207  0.28007642514624370
  0.29072064658871910  0.30212300754268129  0.31379868376028858  0.32531188655501692
  0.33663541429883487  0.34780718514611120  0.35818167779937427  0.36826532695300473
  0.37866505677653517  0.38913453869787212  0.39932439741460940  0.40915998971026379
  0.41929910115134572  0.43057022025854097  0.44169219135097609  0.45253914366053027
  0.46331564688551696  0.47420190586604100  0.48468356821270503  0.49460685545521449
  0.50463085487061687  0.51487482104470572  0.52519192203455056  0.53550365527676891
  0.54581116450733491  0.55631252947351884  0.56670939595345948  0.57683498318815041
  0.58685148930458242  0.59681899920852199  0.60708956145676107  0.61755759991330506
  0.62812336650970713  0.63901767592307201  0.64981077816983346  0.66087609786114720
  0.67180323401871878  0.68259165484678019  0.69326575526182976  0.70359466058439357
  0.71391922725406742  0.72426216308425462  0.73501092289947811  0.74609335407971644
  0.75724658396861932  0.76817185746629357  0.77883675134577302  0.78936491726685454
  0.80006892080916991  0.81085415190673360  0.82150547840090515  0.83216185918117980
  0.84222732785379884  0.85226106311256433  0.86188314694572365  0.87194928612817879
  0.88212051709918782  0.89192591969923207  0.90165977173892342  0.91156357344412886
  0.92162794537302040  0.93242010987378388  0.94355801092565095  0.95519073129055909
  0.96657790455088588  0.97793400105901318  0.98903590326449753  1.00000000000000000
 -0.00215203725641093  0.01150078106781615  0.02169118851340687  0.03062524844513142
  0.03896064850652300  0.04671022862494746  0.05411289639556618  0.06150110875488586
  0.06830064538922943  0.07488194267773758  0.08144732937050575  0.08772431799108278
  0.09393175183175120  0.10021196911035429  0.10646202123257868  0.11248668651375356
  0.11828969670923972  0.12403219747400655  0.13010157121699914  0.13644528852137933
  0.14272792403474860  0.14906034764878606  0.15560332305481431  0.16222097293080356
  0.16874626540836632  0.17534899660636893  0.18191003808662840  0.18839869503494772
  0.19473716626129345  0.20099565979352110  0.20731178178717521  0.21352231227713389
  0.21969799084718586  0.22582247690888374  0.23200209561191307  0.23830591823649222
  0.24469790214750900  0.25119901146990004  0.25776057230138233  0.26421176166610116
  0.27059884409725582  0.27697392933536991  0.28340540930246488  0.28991671164872401
  0.29638408010147899  0.30276835027103222  0.30924526160512916  0.31595191862916544
  0.32291765988473004  0.33008862988535614  0.33730795469892483  0.34443586714720498
  0.35154363124724841  0.35871475925022051  0.36612768717900557  0.37354932047307526
  0.38096232185068385  0.38854097833049256  0.39619285200843174  0.40449575444008584
  0.41285775061229324  0.42139442685153117  0.42995313408657987  0.43835992050664302
  0.44678857692585361  0.45533240884847037  0.46382792807269679  0.47232912579360886
  0.48095002029821893  0.48984835123290438  0.49892947444758207  0.50840276359238323
  0.51770224043873569  0.52751109078379543  0.53756171770839578  0.54812176041881644
  0.55907412592436712  0.57056565205517229  0.58227011732963030  0.59412013108896011
  0.60631806320394166  0.61895019362712644  0.63193792498242640  0.64524609889036710
  0.65937504023424121  0.67444099596755835  0.69077620245656834  0.70828673933705544
  0.72675623398819489  0.74643737182052539  0.76775581539724047  0.79253610280030973
  0.82093442048237475  0.85521417038562841  0.90344865653506568  1.00000000000000000
 -0.01982514553170968  0.12202853809459613  0.16856210756753809  0.19815806745055375
  0.22182507937511670  0.24243347801776260  0.26117378677624764  0.27820008137674740
  0.29397589959925174  0.30882530302467737  0.32331588903200514  0.33710536026043059
  0.34987271193788338  0.36183681487803676  0.37324389432463145  0.38394694053187622
  0.39403887090892459  0.40386002133841192  0.41372998346748285  0.42368731966034434
  0.43337937505556157  0.44255682925695611  0.45142250782861054  0.46022483659238606
  0.46859594544269345  0.47675439741932046  0.48439464019084971  0.49164434795365652
  0.49894758895902663  0.50631770358461381  0.51374104645185703  0.52106882879376359
  0.52828245105577798  0.53541578336442064  0.54258450757347265  0.54971280764493624
  0.55679627108458507  0.56368304110861900  0.57036970693040456  0.57695108848262355
  0.58348535078137864  0.59018916769305108  0.59707739140184934  0.60384464788416792
  0.61032798129801302  0.61674287504509695  0.62310504978275549  0.62941757686961730
  0.63555632704772469  0.64153746010219048  0.64736023500432160  0.65293857646890840
  0.65859760167258397  0.66428143756971780  0.66987688205634055  0.67532828300993641
  0.68073781498679142  0.68606748261101014  0.69136702131607519  0.69672130390707376
  0.70198141925574209  0.70721123499430472  0.71243080097840061  0.71757050326719052
  0.72283621088531935  0.72817562468244701  0.73386151698401081  0.73956440325180905
  0.74511018277611785  0.75048448725621197  0.75578036520765812  0.76109584007965037
  0.76646863951412869  0.77198221507464881  0.77752428411985375  0.78302451530001471
  0.78861745529349137  0.79413205895114569  0.79974113204277986  0.80538700784047401
  0.81110947143108614  0.81698790617602024  0.82299123835305465  0.82918059658765941
  0.83583009302767886  0.84303564698341948  0.85045397585775862  0.85805699562881055
  0.86625211358178489  0.87499818729936862  0.88474402582957368  0.89501256655606209
  0.90695605071174623  0.92202832634671794  0.94541855743311742  1.00000000000000000
   1.0016088863571188E-007  -1.0000000000000000     
 F T T F F T T F
  <DiscreteSampler_grid>
  grouped_processes
  1 # 1 for a reference and 2 for a running grid.
  10 # Attribute 'min_bin_probing_points' of the grid.
  1 # Attribute 'grid_mode' of the grid. 1=='default',2=='initialization'
  0.0000000000000000 # Attribute 'small_contrib_threshold' of the grid.
  0.5000000000000000 # Attribute 'damping_power' of the grid.
 # binID   n_entries weight   weight_sqr   abs_weight
    31   10   3.224490876726779E+004   1.457693904152363E+009   3.224490876726779E+004
    32   10   3.224490876726779E+004   1.457693904152363E+009   3.224490876726779E+004
    34   10   3.224490876726779E+000   1.457693904152364E+001   3.224490876726779E+000
    35   10   3.224490876726779E+000   1.457693904152364E+001   3.224490876726779E+000
    37   10   3.224490876726779E+000   1.457693904152364E+001   3.224490876726779E+000
    38   10   3.224490876726779E+000   1.457693904152364E+001   3.224490876726779E+000
    40   10   3.224490876726779E+004   1.457693904152363E+009   3.224490876726779E+004
    41   10   3.224490876726779E+004   1.457693904152363E+009   3.224490876726779E+004
    43   10   3.224490876726779E+004   1.457693904152363E+009   3.224490876726779E+004
    44   10   3.224490876726779E+004   1.457693904152363E+009   3.224490876726779E+004
    46   10   3.224490876726779E+000   1.457693904152364E+001   3.224490876726779E+000
    47   10   3.224490876726779E+000   1.457693904152364E+001   3.224490876726779E+000
    49   10   3.224490876726779E+000   1.457693904152364E+001   3.224490876726779E+000
    50   10   3.224490876726779E+000   1.457693904152364E+001   3.224490876726779E+000
    52   10   3.224490876726779E+004   1.457693904152363E+009   3.224490876726779E+004
    53   10   3.224490876726779E+004   1.457693904152363E+009   3.224490876726779E+004
  </DiscreteSampler_grid>
