 -0.00234444022835756  0.00896445927373496  0.01875023195981782  0.02906950925252751
  0.03954265696263347  0.04989580906712999  0.06023447398459962  0.07065285774989710
  0.08115257433023339  0.09168789922173450  0.10231960522469961  0.11305279518929046
  0.12370715645378923  0.13439534741265316  0.14503406814851014  0.15571626563360685
  0.16632154353805165  0.17713072389572029  0.18783620027528547  0.19834197416486488
  0.20880663442672182  0.21932846809152845  0.22971577962382411  0.24000477056050537
  0.25022106757236268  0.26061707003939549  0.27118433178868062  0.28172482293000201
  0.29223333995738149  0.30268911751534205  0.31321266373469620  0.32363138749985476
  0.33409062439633413  0.34458071588032074  0.35516793984063466  0.36571607418635277
  0.37626514497540625  0.38686004590815432  0.39725215054425267  0.40763450254415978
  0.41797003290562668  0.42840320456573339  0.43886559482815013  0.44929487348694325
  0.45978547024607991  0.47025524706464183  0.48080232872552048  0.49134061219797387
  0.50193622455817399  0.51248226656832130  0.52304882799022034  0.53361970735196473
  0.54413693975321342  0.55462512553459486  0.56501911104228086  0.57545367955903914
  0.58586390687004375  0.59644275540470193  0.60688808334904798  0.61729330307180841
  0.62773385115803382  0.63834923509585761  0.64895882649230896  0.65935988054664096
  0.66977734601815586  0.68035121687735178  0.69085111382091535  0.70135907805779485
  0.71179374728045952  0.72235114085575947  0.73299104644916346  0.74395063811969941
  0.75490756897983391  0.76589524660420460  0.77671148537334944  0.78744978242151709
  0.79815297602220070  0.80885554896761080  0.81955500242295531  0.83018785308717946
  0.84092027865205765  0.85168508065668691  0.86237538680684811  0.87289900847686708
  0.88349070890214265  0.89409505213832796  0.90462810392842663  0.91510646784832106
  0.92553972649323035  0.93603883889673045  0.94658957476976036  0.95717417009669448
  0.96786826989494712  0.97844511974622872  0.98922484065492999  1.00000000000000000
 -0.00250453783518857  0.00924338128090185  0.01911638729346639  0.02932620891285769
  0.03961548628300509  0.04993250096028576  0.06043234111915698  0.07099416373875000
  0.08152780255937415  0.09206566977151379  0.10243312764639811  0.11282063509446082
  0.12319506719550120  0.13388796071755407  0.14456650191251391  0.15514082721680900
  0.16580948293715270  0.17633887243615898  0.18686525159817122  0.19703151548668330
  0.20724688804437741  0.21767280024838162  0.22813040047594196  0.23879251264149337
  0.24939818819151788  0.26003462317299214  0.27067680174641989  0.28145651618958756
  0.29214085281117569  0.30287917844447193  0.31348478627086790  0.32408576593235938
  0.33478961326909595  0.34541165344076885  0.35600844283270355  0.36636660414717309
  0.37664292924260284  0.38707870090850777  0.39755284416749692  0.40830603575857710
  0.41891753909721618  0.42949875998872694  0.44006960301328091  0.45083528777198772
  0.46152523515081340  0.47204194440123576  0.48252213883952516  0.49329624882987277
  0.50387597712060794  0.51428558656282741  0.52468445540872111  0.53535946668195045
  0.54591854294343223  0.55663128893662939  0.56732669401584224  0.57812510415880969
  0.58877512567935575  0.59941636494014117  0.61011765328213274  0.62067753434553852
  0.63129095487621134  0.64185917669526837  0.65236573751356564  0.66284029073486672
  0.67329981756441670  0.68375402528444928  0.69433631462983136  0.70493633006017020
  0.71557769364645318  0.72613167038091342  0.73657859049592678  0.74717071154399917
  0.75780125552359712  0.76835491490301011  0.77865867057876559  0.78881594750883721
  0.79934690118789453  0.80994346990265031  0.82070073281030564  0.83127629526349556
  0.84193476863964711  0.85255964818093488  0.86309653852268431  0.87373870818305466
  0.88426452438586767  0.89477323772406947  0.90519113798933748  0.91545378901860275
  0.92596075984605641  0.93647946671692073  0.94720153396424600  0.95790383538330537
  0.96872828790388643  0.97944091154600910  0.98973399126957207  1.00000000000000000
  0.00193523048059025  0.01160874718734302  0.02299999884700279  0.03362441402501516
  0.04424535167861730  0.05469833529577155  0.06523186626777291  0.07584494597563607
  0.08641318787285004  0.09729004727824973  0.10793364804209754  0.11856566973317227
  0.12912701784656969  0.13965604097807480  0.15007485598857778  0.16044314450259811
  0.17095094201640587  0.18171234141542628  0.19226979690356086  0.20282582593860324
  0.21337874881545443  0.22410780777241276  0.23475119141353998  0.24529638212784866
  0.25586674008221910  0.26644210435873816  0.27691577252664273  0.28723769457389425
  0.29772019567769609  0.30831969127361875  0.31894497732874344  0.32952518349579840
  0.34004004611310074  0.35059399079797543  0.36082596566905090  0.37093378304222702
  0.38100461678557695  0.39130644908084194  0.40169619404122764  0.41217675490883893
  0.42269093901931865  0.43319515012893528  0.44342185747481849  0.45357260529097704
  0.46385605556201559  0.47422271796274862  0.48465511844774939  0.49501805219070583
  0.50554681515580624  0.51617373837873159  0.52675741685601296  0.53717693988636050
  0.54771161921950817  0.55834840001353747  0.56890821762016164  0.57925968179275200
  0.58973209622664824  0.60028042589224129  0.61074932335775534  0.62123147057160133
  0.63169707246330065  0.64221384519724989  0.65267857152414888  0.66308430099365023
  0.67346881270674563  0.68378862921543504  0.69411029170955685  0.70443231919426275
  0.71483279311086489  0.72528570896396360  0.73582292588762410  0.74636119550104896
  0.75698235835478545  0.76764470621675351  0.77811788559864448  0.78863053298280339
  0.79909658524565164  0.80969671120397035  0.82014469354070785  0.83056884181846435
  0.84112985044879673  0.85167938412076927  0.86221543411737289  0.87251947665502116
  0.88298904134581313  0.89337136002686879  0.90395351933983659  0.91461225145497294
  0.92525422385430778  0.93584392292366025  0.94638947200157197  0.95694503969973244
  0.96748661573490413  0.97791352499327233  0.98881816021807400  1.00000000000000000
 -0.01969040201535745  0.12271437790968633  0.16800086278148846  0.19712137753882170
  0.22105365326066473  0.24151043097222508  0.25966283325302020  0.27616458071714667
  0.29152402458820842  0.30594377337108208  0.31950939213950336  0.33236614021574518
  0.34458638981297240  0.35634561772051998  0.36761561974777990  0.37853784909264931
  0.38907158035246003  0.39934519087292103  0.40927129631106124  0.41896887254808707
  0.42837492789325593  0.43759769222820277  0.44657910178390631  0.45537975086442040
  0.46398694713749883  0.47239375872343642  0.48068661083252889  0.48875608061848647
  0.49675736715826257  0.50459195947744273  0.51227349794263988  0.51989067893317686
  0.52732680753680639  0.53467646527062340  0.54191113115395617  0.54903155244805024
  0.55607363900385354  0.56301952416565093  0.56983872658474444  0.57657633892504423
  0.58324648412133173  0.58981964806750098  0.59631620462599055  0.60275428677041398
  0.60910098271192337  0.61537639464312610  0.62159485837868222  0.62773235727368837
  0.63378508295306557  0.63980348689541289  0.64580179996324183  0.65167433079024006
  0.65750766777259240  0.66329832572728720  0.66903167104709349  0.67471270786904691
  0.68036665002815289  0.68599908363349693  0.69158673258383740  0.69712548848447509
  0.70264453071315414  0.70813654570319851  0.71359506271314033  0.71902775783422368
  0.72444582265385282  0.72985318140421795  0.73524369035925241  0.74062881649034840
  0.74601700840244412  0.75140720117040571  0.75679995980045955  0.76219932206677243
  0.76760600999866402  0.77305046046526948  0.77855367597308489  0.78407446581470075
  0.78963929852674197  0.79527507869974012  0.80098659407979877  0.80675832208209730
  0.81261637049126145  0.81861738059965605  0.82475682633024927  0.83102544765469843
  0.83755846807537127  0.84432239291064737  0.85130022619601475  0.85866076460586871
  0.86655863408894307  0.87490342402106624  0.88420519005170806  0.89452330107925859
  0.90669975094934607  0.92211189623206902  0.94565009890664153  1.00000000000000000
   6.2730037687114583E-003  -1.0000000000000000     
 F T T F F T T F
  <DiscreteSampler_grid>
  grouped_processes
  1 # 1 for a reference and 2 for a running grid.
  10 # Attribute 'min_bin_probing_points' of the grid.
  1 # Attribute 'grid_mode' of the grid. 1=='default',2=='initialization'
  0.0000000000000000 # Attribute 'small_contrib_threshold' of the grid.
  0.5000000000000000 # Attribute 'damping_power' of the grid.
 # binID   n_entries weight   weight_sqr   abs_weight
    31   10   1.000656927393256E+011   1.237056929267855E+022   1.000656927393256E+011
    32   10   1.000656927393256E+011   1.237056929267855E+022   1.000656927393256E+011
    34   10   1.000656927393256E+007   1.237056929267855E+014   1.000656927393256E+007
    35   10   1.000656927393256E+007   1.237056929267855E+014   1.000656927393256E+007
    37   10   1.000656927393256E+007   1.237056929267855E+014   1.000656927393256E+007
    38   10   1.000656927393256E+007   1.237056929267855E+014   1.000656927393256E+007
    40   10   1.000656927393256E+011   1.237056929267855E+022   1.000656927393256E+011
    41   10   1.000656927393256E+011   1.237056929267855E+022   1.000656927393256E+011
    43   10   1.000656927393256E+011   1.237056929267855E+022   1.000656927393256E+011
    44   10   1.000656927393256E+011   1.237056929267855E+022   1.000656927393256E+011
    46   10   1.000656927393256E+007   1.237056929267855E+014   1.000656927393256E+007
    47   10   1.000656927393256E+007   1.237056929267855E+014   1.000656927393256E+007
    49   10   1.000656927393256E+007   1.237056929267855E+014   1.000656927393256E+007
    50   10   1.000656927393256E+007   1.237056929267855E+014   1.000656927393256E+007
    52   10   1.000656927393256E+011   1.237056929267855E+022   1.000656927393256E+011
    53   10   1.000656927393256E+011   1.237056929267855E+022   1.000656927393256E+011
  </DiscreteSampler_grid>
