 -0.00248871251933150  0.00954586998015220  0.01988605543484903  0.03045839232215317
  0.04106595016522142  0.05153261563538015  0.06195118680249186  0.07242882566238418
  0.08290633363241165  0.09341977388361582  0.10401997687999678  0.11464851291252411
  0.12536973153055109  0.13591131112773330  0.14640703117942272  0.15694757791193856
  0.16759904531162095  0.17825697569623811  0.18878157006218965  0.19924958868224593
  0.20988489327350507  0.22056487962412694  0.23128985855343603  0.24177458445452293
  0.25226638714218974  0.26276964492967364  0.27332292390552282  0.28401091480683011
  0.29468827760036526  0.30547331319867799  0.31622421793989969  0.32704540803775461
  0.33774011571903517  0.34838770175440187  0.35887374984299614  0.36934803941256833
  0.37967032955547053  0.39000051914060951  0.40030880236939981  0.41049423622104053
  0.42070011154109505  0.43097803000350782  0.44136230165962120  0.45184183622672053
  0.46231464642656228  0.47288036019214502  0.48341214520709852  0.49398294153661548
  0.50465558790614629  0.51541952650678258  0.52613029739441053  0.53685804764372824
  0.54753916094177535  0.55817682181841433  0.56861783146606226  0.57908406189694428
  0.58960076643717052  0.60026130528161525  0.61080556447561019  0.62128872166283744
  0.63162376804016029  0.64193288783538771  0.65252600864331167  0.66319337456951555
  0.67390271725960949  0.68453300146256202  0.69506342410651345  0.70570052902974656
  0.71631107829452911  0.72701482114156324  0.73749026746796442  0.74796056919678211
  0.75855384513322355  0.76935031905093720  0.78003797399106301  0.79057082833332371
  0.80106276056172188  0.81147168712126694  0.82191744336997719  0.83228660654812192
  0.84262027253675065  0.85285184448720208  0.86318259231705485  0.87360917067712307
  0.88399239241914740  0.89434937107738499  0.90488052779920969  0.91547785408957716
  0.92595740522039760  0.93652785630961966  0.94721961993960324  0.95817103784015301
  0.96885571963708639  0.97935199838900167  0.98965760356423083  1.00000000000000000
 -0.00241211094824304  0.00938143261969813  0.01936645635385939  0.02981647433783402
  0.04039661710242874  0.05115934154666884  0.06189180277328685  0.07262668702745814
  0.08342131062911143  0.09420026127798013  0.10489333619044935  0.11527249569278132
  0.12556520038130670  0.13591681965162578  0.14627878370773043  0.15654792658632530
  0.16669321852511432  0.17701143831868871  0.18732330757154028  0.19776038813697264
  0.20813604418500370  0.21865206064637827  0.22919927485882630  0.23990092420423387
  0.25060372611267251  0.26109312708180871  0.27151428967210534  0.28209611732094636
  0.29280409160429260  0.30342723656113374  0.31403423604216074  0.32477940680502038
  0.33527612265727935  0.34578121150290686  0.35637440206553878  0.36699985539089136
  0.37759774256958240  0.38792443176774583  0.39824758414374434  0.40842144855946705
  0.41864295242697930  0.42897074238334726  0.43934907822501618  0.44982268634956724
  0.46021345424806609  0.47065492177347190  0.48110430155606049  0.49175515027786093
  0.50230647356691727  0.51293176831834952  0.52356715760485162  0.53432151626458035
  0.54500021008935640  0.55557054596290689  0.56628851037162564  0.57714359433090245
  0.58803545123199863  0.59880622795727778  0.60938886007050297  0.61994973327211378
  0.63043120086404281  0.64104862364811410  0.65164036589166185  0.66223524390471866
  0.67264549126951279  0.68303478733092404  0.69341262301867523  0.70388375736437858
  0.71454673545565461  0.72529697492581724  0.73598409932677455  0.74667313114529954
  0.75725742973397314  0.76775583759367205  0.77820750184389031  0.78866148804708580
  0.79928601471975991  0.80979264829261977  0.82036984117469469  0.83088107831978586
  0.84145203633456511  0.85206165431626468  0.86258382208989881  0.87313444447164490
  0.88375303933413196  0.89454465775414604  0.90508163247511109  0.91557590224522867
  0.92589902468356577  0.93637751565778737  0.94686421003765331  0.95737717635701647
  0.96787067571530350  0.97847149482744655  0.98924013701341851  1.00000000000000000
  0.00193311203216404  0.01137481123888081  0.02224903170868853  0.03280533336307297
  0.04328799973684311  0.05368667622213077  0.06405881876749366  0.07480770776260003
  0.08546648120439006  0.09602568418499290  0.10659644969470186  0.11705057906036495
  0.12751525546040310  0.13782337175008896  0.14804461502192026  0.15804185337104482
  0.16813936667320548  0.17840190134506645  0.18859651695584823  0.19900963888143389
  0.20943310533114337  0.22011135660469769  0.23071001534660265  0.24136226499666061
  0.25201849961347400  0.26273602746566682  0.27339042932995150  0.28407822831459623
  0.29456582745955240  0.30500784775850548  0.31547727866847347  0.32603610006830142
  0.33655683428837929  0.34698761003128026  0.35725149583303917  0.36762203419258471
  0.37808201246075612  0.38847058473902496  0.39887934086991528  0.40946612528570664
  0.42005987577871567  0.43038972365319905  0.44061371384643389  0.45091323299105318
  0.46123980037830808  0.47155080797397986  0.48194424948001302  0.49260175020203856
  0.50305653038201581  0.51360455232162838  0.52431051580042165  0.53539127710473200
  0.54619186410132692  0.55685738488662007  0.56730327665941449  0.57777389749795660
  0.58812357868988652  0.59847737646706622  0.60894115136595017  0.61939813171425695
  0.62993384416280207  0.64035433478210335  0.65077491289199851  0.66111995844095039
  0.67153413006681562  0.68201349713621739  0.69235165592127901  0.70261416209848282
  0.71295290249413867  0.72333717614673110  0.73368632339160911  0.74401477941434391
  0.75463004880886675  0.76536058372400229  0.77611560999614038  0.78672523323223420
  0.79730405550522498  0.80783446647264812  0.81854494211807460  0.82931196795617390
  0.84011926280388127  0.85083761421463533  0.86149096297992522  0.87220129723363282
  0.88281641361307250  0.89343288050329528  0.90390511334533519  0.91440366278799745
  0.92486298574719406  0.93529884642178596  0.94571733689384430  0.95622505115902534
  0.96673445475912900  0.97738951756429182  0.98853375675387611  1.00000000000000000
 -0.01959017897239446  0.12283283549645228  0.16792644854402347  0.19714966549191795
  0.22110845105598598  0.24155833831565401  0.25971813417737460  0.27625839150332854
  0.29162176371809512  0.30598802050234220  0.31947923512297821  0.33228617061769233
  0.34450989235707313  0.35627919084583587  0.36758068866846461  0.37849600314335119
  0.38902523512993337  0.39926351657487930  0.40917106226136635  0.41885580657139476
  0.42825541985077525  0.43746813112638072  0.44644197977123901  0.45522520894781343
  0.46382523731899317  0.47223415919016271  0.48054652658246871  0.48862588724134509
  0.49661952418848104  0.50446002895330810  0.51215367222153463  0.51978121053827742
  0.52721767389937113  0.53457470341920288  0.54182397606317845  0.54896012068992472
  0.55602066304941555  0.56298550954628412  0.56982836356448963  0.57658693795310711
  0.58327336849377853  0.58985857920869622  0.59636542386145663  0.60281332728955728
  0.60916092296991664  0.61543569192764758  0.62165930113047441  0.62780007971740426
  0.63385822551525017  0.63986096903098699  0.64582977589909307  0.65169837223682747
  0.65753022900340463  0.66333374625107733  0.66908251711524969  0.67477822817927857
  0.68044093760213087  0.68607394096749086  0.69166094587837468  0.69719813696796462
  0.70271545223714227  0.70819931719275253  0.71363606975126181  0.71904275526587769
  0.72444729803460040  0.72984155488943692  0.73522307376248197  0.74059754626589869
  0.74597095121225065  0.75134765080272958  0.75673511758886358  0.76214363133876950
  0.76757166693603240  0.77303558458655985  0.77854208696717575  0.78404907116587863
  0.78960096715372374  0.79522475933310199  0.80092613307834981  0.80669281085405509
  0.81254984805204455  0.81855401736400246  0.82469791166986561  0.83095261531219433
  0.83747938373809194  0.84424692263405232  0.85123723464479661  0.85863748739951462
  0.86655023524343688  0.87489701935873865  0.88419139115965439  0.89448995027379474
  0.90664685012281065  0.92201916029832154  0.94558874982896202  1.00000000000000000
   6.2690241460072434E-003  -1.0000000000000000     
 F T T F F T T F
  <DiscreteSampler_grid>
  grouped_processes
  1 # 1 for a reference and 2 for a running grid.
  10 # Attribute 'min_bin_probing_points' of the grid.
  1 # Attribute 'grid_mode' of the grid. 1=='default',2=='initialization'
  0.0000000000000000 # Attribute 'small_contrib_threshold' of the grid.
  0.5000000000000000 # Attribute 'damping_power' of the grid.
 # binID   n_entries weight   weight_sqr   abs_weight
    31   10   8.651966049173630E+010   9.820999928491792E+021   8.651966049173630E+010
    32   10   8.651966049173630E+010   9.820999928491792E+021   8.651966049173630E+010
    34   10   8.651966049173627E+006   9.820999928491791E+013   8.651966049173627E+006
    35   10   8.651966049173627E+006   9.820999928491791E+013   8.651966049173627E+006
    37   10   8.651966049173627E+006   9.820999928491791E+013   8.651966049173627E+006
    38   10   8.651966049173627E+006   9.820999928491791E+013   8.651966049173627E+006
    40   10   8.651966049173630E+010   9.820999928491792E+021   8.651966049173630E+010
    41   10   8.651966049173630E+010   9.820999928491792E+021   8.651966049173630E+010
    43   10   8.651966049173630E+010   9.820999928491792E+021   8.651966049173630E+010
    44   10   8.651966049173630E+010   9.820999928491792E+021   8.651966049173630E+010
    46   10   8.651966049173627E+006   9.820999928491791E+013   8.651966049173627E+006
    47   10   8.651966049173627E+006   9.820999928491791E+013   8.651966049173627E+006
    49   10   8.651966049173627E+006   9.820999928491791E+013   8.651966049173627E+006
    50   10   8.651966049173627E+006   9.820999928491791E+013   8.651966049173627E+006
    52   10   8.651966049173630E+010   9.820999928491792E+021   8.651966049173630E+010
    53   10   8.651966049173630E+010   9.820999928491792E+021   8.651966049173630E+010
  </DiscreteSampler_grid>
