 -0.00005785406947819  0.00059685659397548  0.00155940044681515  0.00302122012838258
  0.00497268648605260  0.00740334759139582  0.01032657117094583  0.01364745239945005
  0.01736869022986763  0.02173951971258168  0.02627589904291371  0.03103504023537666
  0.03614895201614100  0.04154309913412958  0.04735220497106152  0.05344487620630135
  0.05981027877697152  0.06663852325649565  0.07394943772616593  0.08158702273477376
  0.08945500458131408  0.09743595105938230  0.10539746393184415  0.11347844035573505
  0.12171192026417589  0.13011346059929946  0.13862385795904619  0.14735048175146304
  0.15641960177189929  0.16578626871429086  0.17537865401025107  0.18510760029221063
  0.19490085875940760  0.20479040684163333  0.21481779459730885  0.22510652898871503
  0.23548177341011678  0.24595375341958464  0.25679091120966019  0.26791225203519570
  0.27895270812241352  0.29025387677484199  0.30152637755767187  0.31279132221498401
  0.32421632891161833  0.33573288118118227  0.34718437107396916  0.35850972447628049
  0.36980264661790807  0.38106410387517409  0.39238677717988679  0.40389910505590948
  0.41542366347598603  0.42703552491171470  0.43870225784600436  0.45079937403763115
  0.46280530752162879  0.47489499648972128  0.48724797049949453  0.49977179238233782
  0.51235370869935093  0.52507593143672182  0.53798204767675084  0.55099299638944366
  0.56373412025694247  0.57639141389900594  0.58907797549463037  0.60182324431036671
  0.61462104280512153  0.62756889953662565  0.64069701610034890  0.65376921667256482
  0.66684457959998722  0.68001965176461310  0.69346416296637758  0.70745029182064612
  0.72122435349902292  0.73495683527717048  0.74858179107583600  0.76244544709923823
  0.77684680582831056  0.79126479812396944  0.80553386913083880  0.81990567037519102
  0.83440782562099414  0.84910624874130103  0.86414207113006181  0.87936708995679513
  0.89450836226712971  0.90967722655858774  0.92489360226507378  0.93999544201778784
  0.95518360897612742  0.97023456700687405  0.98515515218359029  1.00000000000000000
 -0.00246475574939075  0.00893153125090600  0.01945662419911505  0.02959575231764155
  0.04021306275921792  0.05133612766076418  0.06229690012778671  0.07258206995515672
  0.08252764217650918  0.09277714505994558  0.10325221486662635  0.11343241212147259
  0.12305161715113587  0.13274912473448966  0.14241193416445319  0.15231993668836205
  0.16228074592426411  0.17240796091560046  0.18256446677774882  0.19280624319331968
  0.20316239165110558  0.21362798459536619  0.22414481571393188  0.23471377835198245
  0.24541478901171043  0.25583507718016174  0.26593692196139718  0.27619342474850078
  0.28642883054870522  0.29632079165322867  0.30604327389454261  0.31576501961925663
  0.32565369396588162  0.33578572943977864  0.34611453717628277  0.35660855131625629
  0.36709667816958369  0.37775635774610977  0.38868875045170104  0.39938002038936904
  0.41007819131208523  0.42047848836911261  0.43074592889570829  0.44081105400865789
  0.45095539638050491  0.46142464311798870  0.47210817905561014  0.48312197259738349
  0.49431189606107712  0.50535371623663228  0.51624522236107917  0.52702278142354886
  0.53770729665941452  0.54822697273300069  0.55848404963516562  0.56887518765671685
  0.57947671152626434  0.59037882693295274  0.60140614179069274  0.61269110611156363
  0.62427753384940921  0.63589854065314855  0.64726142345970550  0.65817654340273024
  0.66897341328509252  0.67965920662499923  0.69003384844598148  0.70024076781560984
  0.71037239248632489  0.72051512362461168  0.73062138956844369  0.74059995918615640
  0.75056924855500295  0.76057161822062624  0.77058777866662798  0.78097289213288890
  0.79148391222877401  0.80225221641015321  0.81333743007911230  0.82457658915421284
  0.83573339046293249  0.84671635346707808  0.85767907959051848  0.86887259417331131
  0.88015365585182670  0.89162650283161848  0.90327674419607906  0.91485157352511948
  0.92574292705561012  0.93614979004096766  0.94668786377138703  0.95724909882591946
  0.96794235272836926  0.97841559509996590  0.98934105783530102  1.00000000000000000
 -0.00195587550409075  0.01080894374458762  0.02053426642750435  0.02912546217839336
  0.03720920284234792  0.04510384163360437  0.05248090706159947  0.05953127278248333
  0.06617860943702833  0.07278562420686194  0.07941671906814163  0.08596574660750614
  0.09245972097600140  0.09900085160835857  0.10553667046203297  0.11189381925394914
  0.11808253705269581  0.12426460462178161  0.13048097560892838  0.13662262628610072
  0.14265753315894886  0.14875757405980838  0.15500646696623493  0.16117068860502581
  0.16741350367491539  0.17368546820782921  0.18006357962037423  0.18660975995715243
  0.19328477296031163  0.20002187096949686  0.20667208988380908  0.21293404614671710
  0.21875043061804805  0.22468533810401203  0.23064026394289672  0.23667932463290919
  0.24264924244418784  0.24870534344011799  0.25478315296840248  0.26095566225251060
  0.26698519620089040  0.27310046785596781  0.27923348095437250  0.28541712627502180
  0.29171004419726243  0.29812406318649126  0.30463338834174175  0.31127723621300263
  0.31822229140205471  0.32539269136887861  0.33259228351114434  0.33982251683024012
  0.34705794872214873  0.35428317113207408  0.36150464212734790  0.36883942911904494
  0.37632483419841029  0.38422825021127360  0.39224050805117883  0.40038189807431118
  0.40853385033735307  0.41678744259491407  0.42516531322076390  0.43361625661363901
  0.44195426681013950  0.45049253606680517  0.45911350979945825  0.46799019349347670
  0.47705455654360124  0.48619442518425809  0.49529296274095069  0.50456497853274607
  0.51425877993311664  0.52465349784510307  0.53575355078039211  0.54717644182138636
  0.55866016192859047  0.57008057828857317  0.58174829435835718  0.59395121182314137
  0.60656233044329433  0.61913960735066587  0.63172624661621735  0.64518273108811264
  0.65945048993519628  0.67453178329522834  0.69069271759698947  0.70774973914676054
  0.72569946283990228  0.74482588614253331  0.76543224530056286  0.78865057938410033
  0.81697691907609471  0.85296096671014121  0.90327070621892391  1.00000000000000000
 -0.02018283856387871  0.12533096137126568  0.17244516189872516  0.20053805970933544
  0.22368831985717036  0.24425126660024807  0.26258896669728932  0.27897903974800620
  0.29439098081685883  0.30904436139746527  0.32271414654865632  0.33574762109905254
  0.34829566586975480  0.36008830995993718  0.37146176981854406  0.38260348659467774
  0.39331168824356150  0.40325934305310851  0.41276765979012064  0.42199773983746997
  0.43102782071042628  0.43999314231712627  0.44873652621774779  0.45733030716600431
  0.46569466406680676  0.47413780757016266  0.48240947278527430  0.49065043868652880
  0.49865035048343492  0.50626065708059953  0.51383449981156137  0.52126117427046492
  0.52853311836514127  0.53568245319906094  0.54271362067966256  0.54968201321073873
  0.55651622526932554  0.56327781857617820  0.57018718700935678  0.57702334321759374
  0.58384525564713841  0.59072567425744538  0.59758290350523058  0.60438990873775944
  0.61112078897614952  0.61760301540969043  0.62406947489118270  0.63026127613570371
  0.63644828963370548  0.64268488407741531  0.64881568905304432  0.65481798826416260
  0.66069081852605716  0.66642740414597679  0.67205289182973960  0.67766552224269017
  0.68341212518558592  0.68916837464437586  0.69479248903413027  0.70036158222111566
  0.70577313131629815  0.71110792467599004  0.71643178402799845  0.72179579497003898
  0.72718449978309341  0.73253399238549854  0.73782606381631433  0.74309458268164907
  0.74837129977526295  0.75354607646466165  0.75867780540879004  0.76381028605882217
  0.76902485505818985  0.77423162474817686  0.77941271889706798  0.78463763106298501
  0.78992396809703957  0.79528130719292733  0.80076041358022676  0.80635210683305358
  0.81201542648069702  0.81782511105061961  0.82378636935946414  0.82990894065731236
  0.83633510789422627  0.84305405895193397  0.84983303168057711  0.85704019683411881
  0.86474415813674843  0.87296126691803677  0.88212325813943526  0.89240755703655472
  0.90474999426735725  0.92056755488289244  0.94492347126420406  1.00000000000000000
   9.8187160182391991E-008  -1.0000000000000000     
 F T T F F T T F
  <DiscreteSampler_grid>
  grouped_processes
  1 # 1 for a reference and 2 for a running grid.
  10 # Attribute 'min_bin_probing_points' of the grid.
  1 # Attribute 'grid_mode' of the grid. 1=='default',2=='initialization'
  0.0000000000000000 # Attribute 'small_contrib_threshold' of the grid.
  0.5000000000000000 # Attribute 'damping_power' of the grid.
 # binID   n_entries weight   weight_sqr   abs_weight
    31   10   2.455411092837229E+004   9.523418736150440E+008   2.455411092837229E+004
    32   10   2.455411092837229E+004   9.523418736150440E+008   2.455411092837229E+004
    34   10   2.455411092837230E+000   9.523418736150445E+000   2.455411092837230E+000
    35   10   2.455411092837230E+000   9.523418736150445E+000   2.455411092837230E+000
    37   10   2.455411092837230E+000   9.523418736150445E+000   2.455411092837230E+000
    38   10   2.455411092837230E+000   9.523418736150445E+000   2.455411092837230E+000
    40   10   2.455411092837229E+004   9.523418736150440E+008   2.455411092837229E+004
    41   10   2.455411092837229E+004   9.523418736150440E+008   2.455411092837229E+004
    43   10   2.455411092837229E+004   9.523418736150440E+008   2.455411092837229E+004
    44   10   2.455411092837229E+004   9.523418736150440E+008   2.455411092837229E+004
    46   10   2.455411092837230E+000   9.523418736150445E+000   2.455411092837230E+000
    47   10   2.455411092837230E+000   9.523418736150445E+000   2.455411092837230E+000
    49   10   2.455411092837230E+000   9.523418736150445E+000   2.455411092837230E+000
    50   10   2.455411092837230E+000   9.523418736150445E+000   2.455411092837230E+000
    52   10   2.455411092837229E+004   9.523418736150440E+008   2.455411092837229E+004
    53   10   2.455411092837229E+004   9.523418736150440E+008   2.455411092837229E+004
  </DiscreteSampler_grid>
