  0.00902656361714499  0.01667021883666954  0.02454401983242276  0.03526919022559299
  0.04577911650232482  0.05667444063954299  0.06746629847621440  0.07783060199103174
  0.08810461366099913  0.09834343173495154  0.10857300477820003  0.11885445951212444
  0.12910783097794537  0.13959358551235340  0.15003354517580736  0.16029669372441563
  0.17067268472400160  0.18081722967659275  0.19089288608097277  0.20067597436526818
  0.21049029241643630  0.22014551859737302  0.22986781515024071  0.23982212010580023
  0.25002550162291348  0.26041552991575523  0.27101538997212932  0.28186583378304103
  0.29298067266455174  0.30404470150878349  0.31515237948919939  0.32602547100403512
  0.33682099457450970  0.34749055217279978  0.35804376970165624  0.36843335542069222
  0.37869859120178750  0.38875907342527233  0.39869898692854849  0.40883291088288032
  0.41930848834545564  0.43025751254893163  0.44138302331360818  0.45234138762901627
  0.46299277883628537  0.47360726857920926  0.48421652455402842  0.49503055576150468
  0.50570029343886258  0.51629093029935025  0.52661846981625515  0.53670842310008382
  0.54690217849065637  0.55710465488733518  0.56766325697112852  0.57832804170808416
  0.58930941328678843  0.60025604636743024  0.61141988558576488  0.62284573938588339
  0.63418108300046616  0.64547574166306898  0.65657357233291691  0.66737683812030946
  0.67807351494403989  0.68869520667861084  0.69927573253966646  0.70965248377327250
  0.71991140576326085  0.73041817643040585  0.74110157138537347  0.75166785686998361
  0.76183146423129078  0.77173334340025956  0.78177595298541691  0.79210602042627865
  0.80273613389077847  0.81348456198212404  0.82427905644613209  0.83501196315642534
  0.84578067575604765  0.85645158412107336  0.86727660272493923  0.87788078762978594
  0.88824591245437168  0.89864084007431744  0.90928276582011303  0.91996765128941049
  0.93064339037919241  0.94108665451079221  0.95143613772635294  0.96141849670495827
  0.97145265878495490  0.98160149200426139  0.99135428435716411  1.00000000000000000
  0.00753097646996192  0.01556463971589309  0.02530475722151426  0.03639405577750329
  0.04708535255507570  0.05780563800485029  0.06852401265632448  0.07921639479346078
  0.08989682081018087  0.10025246140522953  0.11049662849869110  0.12068709270811327
  0.13087994742768227  0.14107483349540761  0.15113141476162237  0.16140853693310470
  0.17159355685140554  0.18205241326652563  0.19248549404367327  0.20299706614576929
  0.21337136689170996  0.22388646736706250  0.23431904737225051  0.24454069756634403
  0.25445579567306342  0.26421676532573835  0.27411428153960909  0.28422258164057751
  0.29475024306031611  0.30504014830137316  0.31530946756898698  0.32579476748988417
  0.33645667243715432  0.34728748089100675  0.35793314674807075  0.36835448900651713
  0.37848558991856707  0.38845284343616454  0.39855359907936189  0.40888200823227061
  0.41945540860708008  0.43003499670858814  0.44047828792073562  0.45097873675235678
  0.46150030388471330  0.47201630575897036  0.48228113666460654  0.49241681571239715
  0.50257758948645925  0.51284420446222401  0.52322015852720261  0.53364287773440577
  0.54399553432381953  0.55457290562205297  0.56508899495582376  0.57560195837132988
  0.58619761138629334  0.59686898155414159  0.60768758654552668  0.61828420062833023
  0.62897779345665594  0.64001260994715448  0.65121633119148026  0.66242008117414874
  0.67310364238976694  0.68364172373504339  0.69396141629184394  0.70427178033875371
  0.71466907240348765  0.72500084648242147  0.73521974332541218  0.74530469654524945
  0.75526359111885122  0.76534399611956550  0.77539000599010999  0.78536089806936304
  0.79551268753107840  0.80593002847129913  0.81639419495294907  0.82668249842523323
  0.83688993471562811  0.84712661074636941  0.85732075316724143  0.86729668144854333
  0.87743015655132084  0.88783668433504270  0.89831750796961496  0.90879874079713785
  0.91949646112029026  0.93036504051398539  0.94114533781209153  0.95137651993849581
  0.96147745645244853  0.97152152195335351  0.98148768777165996  1.00000000000000000
 -0.00216712349856932  0.01001272759008913  0.01996081461080313  0.03030371538302200
  0.04035083914737548  0.05079063147479769  0.06153244679541956  0.07228478330135418
  0.08314172129667645  0.09390665941689574  0.10508291599507680  0.11626138995084205
  0.12728184948172167  0.13829468581315676  0.14915393717187186  0.16012021141158966
  0.17113733080217541  0.18204368394494885  0.19276104016986942  0.20326560982511183
  0.21379639775639384  0.22424171593913500  0.23479710219794356  0.24544676426784334
  0.25610314364148462  0.26678348509027527  0.27719105874162209  0.28750775518396354
  0.29767310748441705  0.30799188280713768  0.31833463839016934  0.32890658392796446
  0.33965824873661726  0.35039622429501055  0.36091702292314848  0.37097994969237219
  0.38105765456465418  0.39131002155180594  0.40194800509544976  0.41272540052661200
  0.42340655875891120  0.43374181626723451  0.44422985358560652  0.45468795878772361
  0.46499505696402393  0.47526134075745863  0.48572375406394808  0.49610646492200783
  0.50682248595062951  0.51762437291380259  0.52838732472588412  0.53913032938352135
  0.54974359601823464  0.56037556809640621  0.57100913239289341  0.58157270026054819
  0.59241270894666664  0.60333791154753014  0.61454195786718646  0.62565201456042074
  0.63633896849610661  0.64697379149302725  0.65742716927294265  0.66789470391987715
  0.67815319506580196  0.68843768153384055  0.69877907703100361  0.70898103999125872
  0.71925821730163619  0.72963752338171339  0.74021741800382457  0.75075079899389008
  0.76118277173034465  0.77178724266349674  0.78258811712089194  0.79331728965723558
  0.80370259609449624  0.81404864606581750  0.82431353233381632  0.83484545251560505
  0.84535038272991525  0.85569710448328384  0.86585760183723437  0.87597074950999387
  0.88638220467148099  0.89676879680889365  0.90697567760982145  0.91721351310309363
  0.92755423310847540  0.93799563550509613  0.94836452422782025  0.95886492456063199
  0.96920069690538291  0.97954931701760994  0.98969897290431097  1.00000000000000000
 -0.00223642332510507  0.00960806221853839  0.01990402303989966  0.03037736308413114
  0.04103058512905830  0.05176650068885964  0.06284504982080716  0.07410245953287661
  0.08555282162300563  0.09699149793994088  0.10840444138112873  0.11957209234348774
  0.13026926535371194  0.14097759635541113  0.15149463047949258  0.16190698177230542
  0.17205801745188773  0.18250015318022297  0.19271147874776751  0.20269764963006701
  0.21281192694136639  0.22297245988097911  0.23329532114730239  0.24358812446006134
  0.25402903132733667  0.26430051744224720  0.27441033831633677  0.28440736433099773
  0.29457895878316509  0.30515212954826326  0.31604132513770145  0.32743949414746171
  0.33869555671313589  0.34961874567274381  0.36013066981470138  0.37043405640907801
  0.38052292285087119  0.39069635099630606  0.40119403170135415  0.41177682617678069
  0.42241684803534763  0.43289915060295192  0.44357086917795252  0.45397904108425324
  0.46441272815018453  0.47490126937384769  0.48550716066036581  0.49595456093386298
  0.50645122649664209  0.51673172189090766  0.52710879802267185  0.53744631303195811
  0.54793008484219119  0.55858214235067194  0.56910026314713125  0.57977620910655692
  0.59032960841363280  0.60063537351952467  0.61055295993102243  0.62036964961932395
  0.63051167744127667  0.64096765613500639  0.65168523417822199  0.66266780581998608
  0.67387418118518327  0.68484216529194897  0.69547702283417034  0.70586808846749260
  0.71639314105559315  0.72676600501343458  0.73728172122330315  0.74802867912967674
  0.75823009285200937  0.76841939929361569  0.77881619112553346  0.78934846974901729
  0.79986113505197054  0.81033292248434807  0.82162044784148380  0.83276319234881113
  0.84291243398350402  0.85307267216852589  0.86351335329520207  0.87432232840092328
  0.88471006403504515  0.89487900557306821  0.90524833996802501  0.91570977247892316
  0.92644500254493989  0.93678883101936095  0.94741111469877282  0.95798136081071550
  0.96834391888844007  0.97886854948943414  0.98941338048510652  1.00000000000000000
 -0.00236805094946063  0.00982845950411851  0.02012787913015881  0.03081599264681639
  0.04142754079716858  0.05204115299710830  0.06260048233196613  0.07335484314156132
  0.08400653149326849  0.09460924655963406  0.10498828726477305  0.11543400179789570
  0.12582731678166875  0.13621255051562628  0.14645796017102883  0.15690976263077108
  0.16774092072887831  0.17874235058433824  0.18971269630950036  0.20040096345976754
  0.21124976969501014  0.22222867123121071  0.23306448939616878  0.24356696981267481
  0.25393493614938761  0.26416757091633947  0.27450705299802475  0.28465066838304487
  0.29487920594527772  0.30491720288089347  0.31544285007739559  0.32628491599987564
  0.33742863031024339  0.34832005741968730  0.35942681620537348  0.37078510407411236
  0.38187456516317325  0.39266900295209056  0.40318922192818707  0.41365083197662067
  0.42395482683949698  0.43451860436323614  0.44494192039962455  0.45540614061457413
  0.46576966225766020  0.47588846335007351  0.48615926663963693  0.49643662244799658
  0.50689878554774714  0.51719326675007971  0.52739282514696084  0.53756426499230503
  0.54775675972185212  0.55798018296771823  0.56841640823838591  0.57900634444378307
  0.58931767512920319  0.59961281397029342  0.61063269371103313  0.62196950453468658
  0.63292949665572151  0.64340186927363296  0.65403059674498587  0.66476019538952102
  0.67535358195204276  0.68605816852193202  0.69655206890838095  0.70692568434306013
  0.71717697109699641  0.72761913402448397  0.73793878004027336  0.74830439420597461
  0.75875228867714040  0.76933720609313583  0.77974987942046359  0.79005917116345992
  0.80056944368174066  0.81125930998632156  0.82187300929204976  0.83242006847282057
  0.84328389179534413  0.85432944578778647  0.86533091221025671  0.87609025492591908
  0.88664975269285473  0.89681019007442719  0.90680269107407441  0.91706800792918430
  0.92772901996601775  0.93813110683414458  0.94835693901928908  0.95854076707479663
  0.96895221908088602  0.97943294956244731  0.98982708353499060  1.00000000000000000
 -0.00238160995499047  0.00909217819828746  0.01882154028184124  0.02915981528934760
  0.03979709905647703  0.05042401842200698  0.06109863624461286  0.07210988794744380
  0.08301722900409833  0.09375896597929748  0.10436169992222988  0.11477863694350840
  0.12516141644126114  0.13564450883475779  0.14634659928558991  0.15691922431741162
  0.16734648890253526  0.17798328370670524  0.18863915423068126  0.19912179986142772
  0.20915350602801952  0.21951057934948934  0.22979880117607587  0.24046389173254715
  0.25101462225571486  0.26166757006268532  0.27244137102029525  0.28285878654561342
  0.29351339411576505  0.30402089692453849  0.31442918559952993  0.32485364442820475
  0.33528275749128850  0.34596425684164350  0.35637499534622141  0.36686901148861284
  0.37749722910221423  0.38799505347099478  0.39852404639048805  0.40909155108547746
  0.41955987110229920  0.42993010369451962  0.44008962122462464  0.45053804728360863
  0.46096166148266582  0.47156397572154135  0.48210407711994546  0.49248660950383388
  0.50296713130129311  0.51324377582694236  0.52350222990228967  0.53324391234436508
  0.54313095167645475  0.55311406265655094  0.56315446214122600  0.57329549772756283
  0.58365822573467041  0.59434221078274119  0.60494564286361363  0.61529294147105795
  0.62566065867901166  0.63610404889932814  0.64647963199363456  0.65702556914175647
  0.66759352208593647  0.67808415749478557  0.68868562037941217  0.69949830699147386
  0.71037606331476388  0.72057914315971794  0.73104692382327929  0.74223007786767559
  0.75369453785499374  0.76529616235674847  0.77672103701139306  0.78796200476841616
  0.79881616498871866  0.80936292556201117  0.81997178419728578  0.83063025203928931
  0.84196307051702401  0.85316438761261659  0.86383294198983740  0.87449203193056024
  0.88522659348866628  0.89599134692835658  0.90619578112618671  0.91642093840451122
  0.92700640771499232  0.93768790610482489  0.94816846801927834  0.95845476787961503
  0.96890955218582897  0.97936570292355596  0.98974099487537648  1.00000000000000000
 -0.00231084296223051  0.01001565286594820  0.02016156441422562  0.03045769992152168
  0.04086308218017165  0.05167397180885180  0.06227712291211739  0.07270121459460348
  0.08310208579559275  0.09374076021994766  0.10463000377926619  0.11551862502814605
  0.12628518487027907  0.13712725308210016  0.14805202603524395  0.15912966140562051
  0.16999719749630862  0.18063259910818183  0.19138921498010417  0.20218894754615169
  0.21292033033284644  0.22316648048666984  0.23323122824981321  0.24317449852160752
  0.25352976985578896  0.26414593889656190  0.27483433725475503  0.28512780414032102
  0.29548703847537394  0.30614394717250287  0.31695952092228541  0.32767259708174401
  0.33835859699013471  0.34918303492075603  0.35972686944904120  0.37040246547890121
  0.38076598900192238  0.39120592671420534  0.40175046238757917  0.41249401339286224
  0.42338117593095503  0.43415284113349140  0.44514261670813698  0.45602777326295518
  0.46696983786258595  0.47771489987132754  0.48826491885427681  0.49843325377560127
  0.50847663875552351  0.51856430318896829  0.52900244011033781  0.53947785742498511
  0.55019037230594792  0.56091004501092923  0.57165822194178662  0.58238655671890693
  0.59309111185160945  0.60366386953412587  0.61395176438819454  0.62418045233052344
  0.63440114738566900  0.64461066142126633  0.65490142838800203  0.66517387657320604
  0.67538234049371582  0.68543597125715761  0.69543312696955495  0.70546136418616268
  0.71548503426394761  0.72559103411074566  0.73584154273151359  0.74619978072171411
  0.75654808107662530  0.76694400453664990  0.77737644827743613  0.78779709572324363
  0.79853251062021646  0.80954437460153583  0.82056977224566530  0.83145305496710031
  0.84205047185496251  0.85263255727146259  0.86339803193125397  0.87422967200924773
  0.88487043617927152  0.89532034436797048  0.90560615800123390  0.91577259314481785
  0.92615922264234818  0.93643357132725569  0.94694326578390464  0.95733686187850076
  0.96815932054087961  0.97890399888055424  0.98944463665740245  1.00000000000000000
 -0.00232856848069951  0.00972651140738033  0.01973265741919018  0.03030481866397798
  0.04069582047778388  0.05116627171396976  0.06154645332987551  0.07176432102581605
  0.08199108540548565  0.09224492165182721  0.10261667018995331  0.11316089377500747
  0.12361507367030766  0.13422408700019881  0.14487285544163905  0.15555143650680181
  0.16618774112107215  0.17673624762356019  0.18742661440186631  0.19823515958378135
  0.20905810984412057  0.21974369885807130  0.23030365727372934  0.24082390049115066
  0.25142878747197700  0.26199189035564269  0.27241580191930398  0.28273324577260722
  0.29307848132041825  0.30334658754027766  0.31368399140900971  0.32386554999759559
  0.33422982673688512  0.34478389368545398  0.35548052701855148  0.36623554649351536
  0.37693552053379575  0.38770475775132174  0.39832964379951918  0.40892149293660512
  0.41959081105797769  0.43019237257846382  0.44066054878620148  0.45110157209687046
  0.46162305381992808  0.47215743168662927  0.48262736798317474  0.49309801589708063
  0.50357918823466552  0.51386408793092142  0.52417970319726948  0.53451017865437034
  0.54516757139525129  0.55586028114867425  0.56644516952885171  0.57691140921805462
  0.58739071277240318  0.59788745909880070  0.60835578666009205  0.61875140030085252
  0.62922521068551251  0.63981338128025267  0.65031426911722068  0.66063658364016520
  0.67089357379406112  0.68138829565187109  0.69196702042077340  0.70244433408086571
  0.71285772942936143  0.72341617697976635  0.73392377129007547  0.74445058542119757
  0.75497833933811920  0.76562858523885202  0.77627714758039268  0.78757596992328205
  0.79871231753767746  0.80982150952548548  0.82051531867052330  0.83133218797991204
  0.84174567947204548  0.85232405479388063  0.86287634945009550  0.87367259887020643
  0.88458049029001251  0.89561850668158571  0.90613018484293273  0.91690851428271614
  0.92765075327337720  0.93825297742220737  0.94848423048896602  0.95891833290608675
  0.96934385868450401  0.97973542827872362  0.98976548013903520  1.00000000000000000
  0.00921086983447952  0.01663834252178508  0.02646747356039969  0.03766015547986384
  0.04862567009610207  0.05930745258629147  0.06974460495144354  0.07971295194695187
  0.08993983772053114  0.10040433116569417  0.11112476703249924  0.12159183921032786
  0.13215177292374275  0.14268866803276684  0.15331937192543660  0.16399340983186778
  0.17465185130799815  0.18535127167857682  0.19591079624746480  0.20637398834769685
  0.21691288514146567  0.22746219237005863  0.23799076396475263  0.24835140590760793
  0.25876225430434074  0.26916083566032439  0.27963350705623041  0.29020721952354150
  0.30085742592118753  0.31158653124882468  0.32237183658905233  0.33305475333415729
  0.34345758448606006  0.35386125169193416  0.36435752925761350  0.37487558576329583
  0.38507220203138653  0.39539167106101031  0.40589068010061913  0.41659569297173277
  0.42738626623326181  0.43827231942703326  0.44906610028738597  0.45963697841562101
  0.46977374200275673  0.47988148660931940  0.48997437226340851  0.50027035038340351
  0.51083000469882212  0.52130473249010756  0.53183226885272716  0.54257192969933243
  0.55360104437852420  0.56457565993314074  0.57531454376885183  0.58621304800198726
  0.59728075813094128  0.60794771466303110  0.61819736991455831  0.62857570623359793
  0.63895514850108670  0.64950806230840974  0.65993468922756549  0.67000594658703216
  0.68021198845794761  0.69055212902344598  0.70122758510377481  0.71199370807690787
  0.72244430478901844  0.73300182163140881  0.74344413062790093  0.75371668431662364
  0.76403798650993604  0.77436298401556869  0.78461341399792695  0.79485923543130055
  0.80495133768998683  0.81495088092217016  0.82515922952898635  0.83541449487002328
  0.84610046803090078  0.85652467932628573  0.86689823118572185  0.87759510043592548
  0.88834637479386225  0.89917754646320991  0.90958305769980941  0.92003489616234047
  0.93025371580600291  0.94043827900660049  0.95071033879720579  0.96094999487834187
  0.97116136531816522  0.98109435469457351  0.99130275921119548  1.00000000000000000
 -0.01687273981219430  0.11975247927348891  0.18254252766608101  0.22785231611548926
  0.25827649859376178  0.28125109918169600  0.30056231480489642  0.31728279148335009
  0.33227554905647394  0.34561455890089376  0.35808424390497590  0.36958722478010303
  0.38045686344461888  0.39068428521647380  0.40047955572565574  0.40985176766261799
  0.41884755684669850  0.42743298609127856  0.43571963740687525  0.44372675448908383
  0.45147536147016754  0.45904045277271738  0.46639257308082099  0.47365027975755625
  0.48076936138296666  0.48761788291476044  0.49432383281629638  0.50092353705030834
  0.50734767763241639  0.51367062384111928  0.51987870462934160  0.52595314216108058
  0.53191362147328869  0.53783926728842635  0.54363594415392025  0.54931895978628986
  0.55492174847187237  0.56045455850356496  0.56591017982373881  0.57130869616365088
  0.57666821591884132  0.58197379210224509  0.58721520689857087  0.59241437095969907
  0.59759053717495336  0.60273249666854367  0.60784710609349690  0.61289156789521348
  0.61792246427362163  0.62291061084475141  0.62786017747209100  0.63277590701370245
  0.63765618855734363  0.64250016264329235  0.64731231280522616  0.65210833505516586
  0.65691765166823513  0.66173349888076971  0.66654921499933739  0.67137351046263227
  0.67619484184512235  0.68099983712755763  0.68580490443045894  0.69062098833256302
  0.69545393351168139  0.70031403327056396  0.70516762177215908  0.71007735723937038
  0.71505213353512698  0.72008333104569289  0.72515864155489995  0.73029629326785439
  0.73549619716890213  0.74074186938137343  0.74602866429361725  0.75140401668045953
  0.75692352641400418  0.76251269139129474  0.76814267496703170  0.77391011640680907
  0.77993079230694595  0.78606962342942799  0.79241665266975103  0.79909662719201335
  0.80589757853290156  0.81303287660348433  0.82062752798179583  0.82863161056381274
  0.83731801134611972  0.84672937015704108  0.85723501329008311  0.86901251172518457
  0.88299731415962113  0.90085233864972036  0.92994269113018413  1.00000000000000000
   1.1332164431930387E-038  -1.0000000000000000     
 F F F F F F F F F F F F F F F F T T T T T T T T T T T T T T T T T T T T T T T T T T T T T T T T F F F F F F F F F F F F F F F F F F F F F F F F F F F F F F F F T T T T T T T T T T T T T T T T T T T T T T T T T T T T T T T T F F F F F F F F F F F F F F F F
  <DiscreteSampler_grid>
  grouped_processes
  1 # 1 for a reference and 2 for a running grid.
  10 # Attribute 'min_bin_probing_points' of the grid.
  1 # Attribute 'grid_mode' of the grid. 1=='default',2=='initialization'
  0.0000000000000000 # Attribute 'small_contrib_threshold' of the grid.
  0.5000000000000000 # Attribute 'damping_power' of the grid.
 # binID   n_entries weight   weight_sqr   abs_weight
    31   10   1.354315136092371E-025   3.806720402766298E-050   1.354315136092371E-025
    32   10   1.354315136092371E-025   3.806720402766296E-050   1.354315136092371E-025
    34   10   1.354315136092371E-029   3.806720402766300E-058   1.354315136092371E-029
    35   10   1.354315136092371E-029   3.806720402766297E-058   1.354315136092371E-029
    37   10   1.354315136092371E-029   3.806720402766300E-058   1.354315136092371E-029
    38   10   1.354315136092371E-029   3.806720402766297E-058   1.354315136092371E-029
    40   10   1.354315136092371E-025   3.806720402766298E-050   1.354315136092371E-025
    41   10   1.354315136092371E-025   3.806720402766296E-050   1.354315136092371E-025
    43   10   1.354315136092371E-025   3.806720402766298E-050   1.354315136092371E-025
    44   10   1.354315136092371E-025   3.806720402766296E-050   1.354315136092371E-025
    46   10   1.354315136092371E-029   3.806720402766298E-058   1.354315136092371E-029
    47   10   1.354315136092371E-029   3.806720402766298E-058   1.354315136092371E-029
    49   10   1.354315136092371E-029   3.806720402766298E-058   1.354315136092371E-029
    50   10   1.354315136092371E-029   3.806720402766298E-058   1.354315136092371E-029
    52   10   1.354315136092371E-025   3.806720402766298E-050   1.354315136092371E-025
    53   10   1.354315136092371E-025   3.806720402766296E-050   1.354315136092371E-025
  </DiscreteSampler_grid>
