  0.00762953209400588  0.01409407383736853  0.02359776554957712  0.03404062164244145
  0.04441178503730633  0.05481555270400867  0.06523599620573507  0.07583386232811085
  0.08647549354968115  0.09700687237289611  0.10739607321169789  0.11774489392715218
  0.12814171400760008  0.13858783615929565  0.14912184348421589  0.15971019753541491
  0.17027824347562528  0.18074200822834188  0.19125432649783569  0.20191299189862080
  0.21265743574731646  0.22333993483782758  0.23412736603489070  0.24483669474888681
  0.25553446442341710  0.26592180405662741  0.27632095416516989  0.28662490094573656
  0.29703574931118182  0.30740658289106482  0.31781843510935925  0.32831909739991844
  0.33884597785758097  0.34944864439692430  0.36000557927707072  0.37063647529726867
  0.38119460941094419  0.39181043649766606  0.40245715638559509  0.41308463785160171
  0.42347636122840077  0.43378896782795678  0.44414495683033761  0.45449711966785883
  0.46475095077906620  0.47493047215456502  0.48512891644861822  0.49540290012841048
  0.50580261883495747  0.51611447507865815  0.52653104520725513  0.53696880509727363
  0.54748046671796524  0.55783646306420853  0.56811029606672614  0.57827904290257126
  0.58848398747409558  0.59863639229848353  0.60882867011297948  0.61906698527945736
  0.62942742515060712  0.64001828371787217  0.65064305270129752  0.66110935604919707
  0.67152330461384135  0.68209588087857975  0.69264897298455652  0.70327051355141068
  0.71375855723456461  0.72432521119929383  0.73499763820084552  0.74553776536408334
  0.75608556467527643  0.76655746556065218  0.77719596655649148  0.78776253599103030
  0.79837573280981133  0.80892115589465952  0.81946983659777139  0.82996021270749321
  0.84035290388639372  0.85058322995736269  0.86077175462707878  0.87109225167348125
  0.88170070063085348  0.89240652343191884  0.90315603979699044  0.91391135154213565
  0.92467333989220846  0.93536271311893326  0.94591184787084193  0.95645468005335421
  0.96726655005221041  0.97816792835212973  0.98916952129271218  1.00000000000000000
  0.00745141338708623  0.01525876578526044  0.02583911855768540  0.03702490973807231
  0.04768520817263336  0.05817688765599380  0.06886729718722288  0.07963145036101679
  0.09032909604314489  0.10089621526771858  0.11138302877953672  0.12179753058839027
  0.13225637193364456  0.14274136783673463  0.15316976640514110  0.16355020730250525
  0.17393305891912458  0.18432564261129886  0.19464890558638723  0.20490003915162378
  0.21513296277852087  0.22529440523783395  0.23549582532142277  0.24581415720275235
  0.25617429405695058  0.26659108808210186  0.27697830644995086  0.28748319025900765
  0.29788546779797009  0.30838596831954862  0.31889734499899136  0.32935395768227044
  0.33971662501570010  0.35003598989295509  0.36038958244025826  0.37076269133668716
  0.38108013804621366  0.39145921023918739  0.40187238038570200  0.41244879252670907
  0.42316946597528921  0.43398191803490649  0.44471483860189820  0.45518253428711491
  0.46549832775952893  0.47571451938475917  0.48597676892682018  0.49630613453918970
  0.50667598029657068  0.51712344721703274  0.52758964664363350  0.53815346904441008
  0.54870120397637456  0.55914611756218913  0.56957219940089565  0.58000574739630217
  0.59042625807454208  0.60081307314367050  0.61140128279124228  0.62226384605271812
  0.63314319385554729  0.64386289961257526  0.65435164911504107  0.66476024349480323
  0.67513468762161233  0.68560138796496384  0.69598782473576881  0.70634694061895809
  0.71665685283098668  0.72708117947660900  0.73737700944288154  0.74767038463317503
  0.75809945228354592  0.76861228651131186  0.77914208210496638  0.78955484236373685
  0.80000435097039380  0.81036864776484940  0.82071882603191726  0.83115020983288035
  0.84169940176987756  0.85224614426297651  0.86264403988940452  0.87289923167738015
  0.88323746761780186  0.89359373069418768  0.90403950263647415  0.91451970150435780
  0.92513750157551788  0.93577081127390926  0.94626797936598228  0.95671490062014841
  0.96732465295447378  0.97809942618808210  0.98898413920321870  1.00000000000000000
 -0.00242465647296507  0.00923197483958913  0.01928637358523490  0.02991676650337253
  0.04060676411682985  0.05105489457467027  0.06154307075602343  0.07201263487768453
  0.08256654260631643  0.09301120846090452  0.10355222139758345  0.11426293940967054
  0.12500362093344380  0.13581342274230776  0.14655350310859952  0.15714870778756984
  0.16763940650446862  0.17800383871328831  0.18840732993222811  0.19878123856176194
  0.20926728199849068  0.21966019558233363  0.23004043776575514  0.24045608296222010
  0.25091932495893488  0.26160398671282409  0.27224447784915740  0.28291048926765311
  0.29348273042514544  0.30411447622739052  0.31467193320753140  0.32507646560153686
  0.33548307853074533  0.34602514248713356  0.35653455186095601  0.36681646823691583
  0.37701211884023172  0.38742120597891916  0.39783280454864262  0.40833238379756015
  0.41876268775148640  0.42941640487481053  0.44002480994637860  0.45053389993056109
  0.46110823362755260  0.47175245132597254  0.48244629936781519  0.49321137746265431
  0.50393148808842825  0.51471280437879530  0.52546376031519093  0.53623959843929347
  0.54681860204508481  0.55722474315405046  0.56767773012259204  0.57823475202257990
  0.58893064212575419  0.59966427752636275  0.61044691442583854  0.62120464728561553
  0.63179358439768862  0.64234959872190733  0.65294921314563648  0.66349518275975017
  0.67392355090473122  0.68437092227755614  0.69485389842043044  0.70534064279477626
  0.71574091158715947  0.72605639829149360  0.73642786409506633  0.74679472341639330
  0.75737526424328971  0.76799835100235547  0.77861842154300331  0.78926872883888444
  0.80009581291964238  0.81088111605186153  0.82167668828788187  0.83226593618249745
  0.84264865376566445  0.85295371010652099  0.86317627626168947  0.87358417301398050
  0.88387140400165831  0.89418452230637357  0.90470207163241234  0.91537003071967471
  0.92618043989666277  0.93685897047000599  0.94749291123602386  0.95825111422996390
  0.96886269164656691  0.97940708848180169  0.98970242975246769  1.00000000000000000
 -0.00245087027177346  0.00967890069492766  0.01966098822488597  0.03009088343880557
  0.04051304555691144  0.05118318486220472  0.06181722096971369  0.07227026717498949
  0.08271515881262688  0.09306557378920301  0.10355734491214480  0.11397215396809635
  0.12437738055414829  0.13477053377248951  0.14527140181193582  0.15586048865808999
  0.16633724737326047  0.17676920884549793  0.18714941436856947  0.19781376899999978
  0.20851000858731558  0.21919068554977189  0.22982753376206155  0.24030431892118428
  0.25082492585759686  0.26118725781301472  0.27147734386786254  0.28160517523840811
  0.29173876165544033  0.30219961483158431  0.31256853824991132  0.32306181414756113
  0.33346910941511793  0.34404444563476655  0.35473652123187366  0.36562940850180931
  0.37667101415406856  0.38749678719943792  0.39823139677096686  0.40881417334670100
  0.41945040276359996  0.42991188205027231  0.44033137311870224  0.45081986809865532
  0.46128624980601607  0.47197726129212003  0.48259237140528077  0.49342773659625194
  0.50414276097036914  0.51504326098084430  0.52594536308469064  0.53676313921128083
  0.54759173878655409  0.55814688158195547  0.56869606875070977  0.57913490348323138
  0.58965716678446856  0.60019888455809700  0.61059164199007832  0.62112211251240301
  0.63147359087441024  0.64198271158702169  0.65231370636317909  0.66273471465629430
  0.67308439461674907  0.68340398873200348  0.69373604998132843  0.70417706827104043
  0.71464991676795342  0.72529645558852296  0.73585463289508790  0.74644768418532925
  0.75689518707374681  0.76734077648178856  0.77799131700848501  0.78876996003227617
  0.79959192572144577  0.81045431829543724  0.82141138948759918  0.83222760518914207
  0.84279672255623195  0.85330457561370732  0.86379511755840610  0.87435088315197240
  0.88499749001908112  0.89560086150039930  0.90627215418455109  0.91689784062123358
  0.92742481103948837  0.93781685255217173  0.94815943158900540  0.95847653744216266
  0.96879872163574088  0.97912319868744513  0.98960356765747337  1.00000000000000000
 -0.00254935717935659  0.00967551392759681  0.02003579509770154  0.03059840594081836
  0.04123545120503266  0.05194546682568018  0.06268900955955271  0.07336745156689173
  0.08408100046812907  0.09480291357463745  0.10540967330336258  0.11574138205651861
  0.12601675307631130  0.13639226877696015  0.14688387730054905  0.15745386145374576
  0.16801808905511803  0.17864483661748912  0.18913349970454219  0.19956984304058195
  0.21007212361977859  0.22078188788786673  0.23148346045414492  0.24213503320533264
  0.25293266916733453  0.26391414494560000  0.27478540927200445  0.28548971064199341
  0.29622886202056037  0.30700794090357164  0.31776180201996179  0.32841801046587138
  0.33904624520690657  0.34969249647430489  0.36032815358423403  0.37087924651246484
  0.38121367043459109  0.39151928859483037  0.40197733652260242  0.41242166310031847
  0.42281952739362727  0.43330885224755955  0.44400522900612033  0.45474119075307112
  0.46531823631973634  0.47602810098299297  0.48671450158702739  0.49745781992052379
  0.50798950019958400  0.51848750772922647  0.52896484983083047  0.53946376081094694
  0.54993273282210831  0.56025589027368150  0.57058861435192554  0.58099845706594389
  0.59148839593662494  0.60190103452910482  0.61229532048728974  0.62272042721157017
  0.63317819169450251  0.64368713015931134  0.65390043003416654  0.66413751542564059
  0.67445127864628562  0.68479490008762323  0.69507977235308271  0.70532902115849860
  0.71583612268852315  0.72633984237061899  0.73685087780017644  0.74737017639813086
  0.75794086873775701  0.76845799743014631  0.77905676835999971  0.78965153485767936
  0.80019903146010130  0.81069119933660183  0.82128831369653921  0.83199579872332030
  0.84253059161752519  0.85296101374205280  0.86330032850016736  0.87356328258716731
  0.88394650873555125  0.89450618659578196  0.90518119102935712  0.91585551963919831
  0.92639855503518609  0.93696483400639086  0.94745669209343986  0.95797361342317533
  0.96852157791069704  0.97894966501748559  0.98945347066776823  1.00000000000000000
 -0.00231134364201608  0.00939976042031448  0.01945173697095452  0.02998081728322119
  0.04053459239073331  0.05113153224891966  0.06187069615189482  0.07260411694449641
  0.08324762521634532  0.09380547709601217  0.10438110054209802  0.11516994339624226
  0.12590274938825718  0.13663011069170711  0.14735062134074481  0.15794953764815831
  0.16854476964719883  0.17894869775550890  0.18942792405460226  0.19997270483222399
  0.21053085240363939  0.22101617091780229  0.23143624149049588  0.24197609805485457
  0.25248195934096274  0.26298096980511265  0.27348652667816498  0.28413229180533034
  0.29475778468595792  0.30535924708677303  0.31591970942876235  0.32646656851489120
  0.33689942927573396  0.34733081480449268  0.35779748021131175  0.36827732617182729
  0.37876390819028549  0.38945826357736651  0.40022065891557135  0.41092574444977514
  0.42151235152485461  0.43193293747422101  0.44227846165935364  0.45259994129363967
  0.46296462223167445  0.47336666690164447  0.48384329260763470  0.49435599207235975
  0.50481082339137628  0.51523980876848186  0.52582685364636050  0.53654815195551497
  0.54723200286432216  0.55785277243485787  0.56848429330928862  0.57908624658058172
  0.58959053733173394  0.59998122818988753  0.61039036932496182  0.62086342128370731
  0.63150415577803598  0.64232277575042795  0.65309939643464532  0.66393999498272949
  0.67454110986674642  0.68515832130158250  0.69557346718726409  0.70607766069664157
  0.71658170661781995  0.72704286828790554  0.73743269030073488  0.74786412352171827
  0.75826557281586981  0.76861849679795047  0.77908865080795409  0.78961233754695659
  0.80022308780372209  0.81076452966935120  0.82128548061159046  0.83182599024975568
  0.84254522411237098  0.85329883397525719  0.86384210901752834  0.87422466073129823
  0.88450094362874676  0.89493266598373611  0.90538667114446381  0.91587628155649159
  0.92623922431689842  0.93664136599459191  0.94714205134669482  0.95765353763629357
  0.96807293137364681  0.97848413980596582  0.98919367113273915  1.00000000000000000
 -0.00258575384597092  0.00967872205694584  0.02009094203492418  0.03087625881194027
  0.04163385274261154  0.05228573811129196  0.06295302012714435  0.07361755148002401
  0.08436245057963884  0.09507971074584330  0.10573940969660402  0.11633590406247923
  0.12695381884317600  0.13748096426362721  0.14804860887358745  0.15857152090217860
  0.16918074087873450  0.17962115528125544  0.19000039024973964  0.20032580349049584
  0.21068435853560177  0.22124520992867400  0.23177226151772276  0.24236928850970538
  0.25292585182342642  0.26337493478332130  0.27373291899384161  0.28410045082270458
  0.29452394156444378  0.30505385702724402  0.31534691365266926  0.32585629355373191
  0.33628324810278865  0.34690786076934421  0.35743021567311767  0.36803269602129429
  0.37848882999094574  0.38914038079762681  0.39956749396950558  0.41007114145908219
  0.42056087290982636  0.43114650462506593  0.44162732844048475  0.45200602756006719
  0.46234619002412447  0.47269402881910066  0.48307783688858896  0.49360983224674598
  0.50411033142013950  0.51453469518874784  0.52496133603053363  0.53546530650160329
  0.54609015623421775  0.55663801589853990  0.56717794963807699  0.57769068940765222
  0.58824089820744341  0.59882162525333127  0.60926510402120715  0.61963619820724902
  0.63008409199026483  0.64068283575812435  0.65136474981049042  0.66206704258235183
  0.67284842380466270  0.68353387405615318  0.69427385333157110  0.70491263197252085
  0.71562268690481645  0.72632899028711151  0.73704870941793632  0.74770906013573124
  0.75809609788126198  0.76840353441050024  0.77876477016053480  0.78905796064923583
  0.79949142309023946  0.80988333122191924  0.82056244190830951  0.83131162305223583
  0.84212720513128891  0.85291952793202319  0.86369636230011959  0.87461690865149444
  0.88533539416402818  0.89601181377672123  0.90638451801462272  0.91678547021699341
  0.92722408604556295  0.93762476182756416  0.94804139671211496  0.95845484954393012
  0.96902370918880221  0.97945236709959249  0.98972978543537793  1.00000000000000000
 -0.00245666243144883  0.00972704297104558  0.02008112267303980  0.03100048689725026
  0.04192372207511338  0.05300325857590294  0.06408302306457227  0.07488348321919822
  0.08562354573842261  0.09611895809794659  0.10661234706022357  0.11703242162072634
  0.12757293783661300  0.13804955877811428  0.14861113747304058  0.15907860157538770
  0.16951589091368460  0.17988352173512243  0.19030008267372750  0.20089232139164481
  0.21137465192609345  0.22180803455469697  0.23222966796725991  0.24267154697336177
  0.25320817951465885  0.26372548117558559  0.27429080692050634  0.28488791781874145
  0.29550426793961837  0.30604748556579914  0.31655046440202306  0.32704221571836245
  0.33759855529879418  0.34816819570202057  0.35864172899768476  0.36905385540778801
  0.37951667531534444  0.39011942580630310  0.40077706907731092  0.41137677989870286
  0.42183004910469474  0.43228725559638259  0.44272353753245103  0.45317685165903948
  0.46365855554962460  0.47413647496054478  0.48472788865219002  0.49531518409446035
  0.50594932789128888  0.51657335337299681  0.52698397673017894  0.53735365458406248
  0.54786391933701528  0.55855726761815572  0.56906889101692937  0.57953243368718343
  0.58987323491093568  0.60026497474167673  0.61058808420862742  0.62107937485788434
  0.63161985193663550  0.64201517319917678  0.65236257800433117  0.66275803615531870
  0.67330206981117313  0.68385390381344091  0.69436843535982529  0.70488068548079441
  0.71534967015309137  0.72578519225114246  0.73630159144602902  0.74679742682245409
  0.75736346535786991  0.76795261677293980  0.77862688431724625  0.78938897909490624
  0.79997783815534240  0.81072344826036968  0.82126708486046929  0.83185962858115747
  0.84225501542651526  0.85268562143484095  0.86328649898855825  0.87391338041690569
  0.88467061641114408  0.89529710004790464  0.90593335498651262  0.91672874489188760
  0.92716882566598058  0.93782978787605353  0.94831206203218121  0.95887532075189530
  0.96913165631038123  0.97927768909404111  0.98960855032239847  1.00000000000000000
  0.00827810856129246  0.02669820473833541  0.04196234625979063  0.05419895282351531
  0.06569771218703765  0.07679933970721879  0.08767408137182986  0.09843336530237236
  0.10905843800993771  0.11949600162458085  0.12979333502493243  0.14006121596602533
  0.15022006296782467  0.16036982336919575  0.17054502856266637  0.18075701185935655
  0.19094772545512220  0.20113185679708831  0.21142522463353244  0.22178632409406232
  0.23207585572499681  0.24239359533920332  0.25271697192886772  0.26295419920255764
  0.27316278806898869  0.28331471916160189  0.29357809345252572  0.30384510275077636
  0.31408483619633443  0.32434612420241737  0.33468100878653301  0.34515350151700447
  0.35571016330360494  0.36616101369289450  0.37657154205704013  0.38691771416882792
  0.39729511730585371  0.40766451928337732  0.41800083879467659  0.42835386076412668
  0.43870738401305370  0.44895315413049602  0.45922155577484636  0.46951556331016064
  0.47981367213749065  0.48990505443684274  0.49983726992582189  0.50990352490434887
  0.52003610095031760  0.53004572813103312  0.53999156899953227  0.55007209805970425
  0.56031829358954732  0.57046605905766889  0.58051373943415296  0.59064229429887782
  0.60075575877486020  0.61090071030210324  0.62106351161738860  0.63128979244561489
  0.64155729631602043  0.65175631242126031  0.66196658818155585  0.67230219488172793
  0.68275190716564693  0.69306646625680635  0.70319274391890185  0.71338918691082542
  0.72358183319754121  0.73374637130976572  0.74362898945746292  0.75358443171696976
  0.76378328394136830  0.77390334170792918  0.78400574879666718  0.79409996272802774
  0.80429034477397965  0.81454476686528865  0.82457611397045649  0.83472471715725538
  0.84485473565711988  0.85497798921847301  0.86509039827488798  0.87516398750304136
  0.88535394589366800  0.89535799374953173  0.90547918484180756  0.91566124860705878
  0.92595693465774453  0.93623164616439825  0.94631440232631303  0.95628642916245299
  0.96648636637878493  0.97669430140936275  0.98797658538061606  1.00000000000000000
 -0.01959023824297833  0.12334547426180942  0.16842306646599156  0.19750149539448866
  0.22139465002977116  0.24179699802543969  0.25985257805405360  0.27628429465863452
  0.29158800698548348  0.30595382874564753  0.31942640147169288  0.33220400516230941
  0.34438347924576873  0.35612384965510491  0.36739527734785488  0.37830083319051455
  0.38880813962975280  0.39902956982043902  0.40896177300329434  0.41872134909612790
  0.42820527531695968  0.43743968589149373  0.44640384270793526  0.45517639199861515
  0.46378715591976516  0.47223084612118577  0.48059328892936037  0.48876263289577243
  0.49683254752584716  0.50471816387902535  0.51240808906929713  0.52000290650822445
  0.52741313981188687  0.53477407304814228  0.54205941583197903  0.54924019329700069
  0.55633547618503398  0.56331218692330731  0.57015217768864290  0.57691415716468597
  0.58359433332228106  0.59015317642455967  0.59662369796218162  0.60302828206715020
  0.60933823885142202  0.61558061839528933  0.62178369347335161  0.62793691085763004
  0.63402184247451210  0.64004562160391709  0.64602791806585125  0.65187347703523202
  0.65770235792315657  0.66348585870169952  0.66918979092296971  0.67482530045537514
  0.68043294119545028  0.68602216825689111  0.69158130601467349  0.69711868822314849
  0.70264006955242753  0.70814028116727723  0.71360972264573463  0.71904227270055554
  0.72447703016705634  0.72989060519937188  0.73530137875883883  0.74069507202921836
  0.74609338734019193  0.75150080522933715  0.75690690573913266  0.76232424778004548
  0.76774935607866612  0.77320082061070194  0.77869266580983298  0.78421889972877690
  0.78978710304849897  0.79543460191414950  0.80115963266978785  0.80694563317209078
  0.81281831836374752  0.81882778164541548  0.82495713878950261  0.83121511392700875
  0.83773809123330578  0.84450224340045366  0.85148819858656610  0.85888604765241194
  0.86679585248612567  0.87516710106475004  0.88446028592768244  0.89480160643766526
  0.90699805523151256  0.92245256924258201  0.94614200227550183  1.00000000000000000
   4.5705658461414373E-004  -1.0000000000000000     
 F F F F F F F F F F F F F F F F T T T T T T T T T T T T T T T T T T T T T T T T T T T T T T T T F F F F F F F F F F F F F F F F F F F F F F F F F F F F F F F F T T T T T T T T T T T T T T T T T T T T T T T T T T T T T T T T F F F F F F F F F F F F F F F F
  <DiscreteSampler_grid>
  grouped_processes
  1 # 1 for a reference and 2 for a running grid.
  10 # Attribute 'min_bin_probing_points' of the grid.
  1 # Attribute 'grid_mode' of the grid. 1=='default',2=='initialization'
  0.0000000000000000 # Attribute 'small_contrib_threshold' of the grid.
  0.5000000000000000 # Attribute 'damping_power' of the grid.
 # binID   n_entries weight   weight_sqr   abs_weight
    31   10   5.243455043093246E+007   9.456412266489972E+015   5.243455043093246E+007
    32   10   5.243455043093245E+007   9.456412266489970E+015   5.243455043093245E+007
    34   10   5.243455043093248E+003   9.456412266489974E+007   5.243455043093248E+003
    35   10   5.243455043093246E+003   9.456412266489963E+007   5.243455043093246E+003
    37   10   5.243455043093248E+003   9.456412266489974E+007   5.243455043093248E+003
    38   10   5.243455043093246E+003   9.456412266489963E+007   5.243455043093246E+003
    40   10   5.243455043093246E+007   9.456412266489972E+015   5.243455043093246E+007
    41   10   5.243455043093245E+007   9.456412266489970E+015   5.243455043093245E+007
    43   10   5.243455043093246E+007   9.456412266489972E+015   5.243455043093246E+007
    44   10   5.243455043093245E+007   9.456412266489966E+015   5.243455043093245E+007
    46   10   5.243455043093248E+003   9.456412266489974E+007   5.243455043093248E+003
    47   10   5.243455043093245E+003   9.456412266489962E+007   5.243455043093245E+003
    49   10   5.243455043093248E+003   9.456412266489974E+007   5.243455043093248E+003
    50   10   5.243455043093245E+003   9.456412266489962E+007   5.243455043093245E+003
    52   10   5.243455043093246E+007   9.456412266489972E+015   5.243455043093246E+007
    53   10   5.243455043093245E+007   9.456412266489966E+015   5.243455043093245E+007
  </DiscreteSampler_grid>
