  0.00922517322724196  0.01540203674159984  0.02448628530947047  0.03526483893475045
  0.04555935992112607  0.05608924601383999  0.06660911739688836  0.07700832142582478
  0.08741062412212360  0.09768379373009772  0.10808262305892445  0.11857585092828406
  0.12928642638447366  0.13998371347430486  0.15060417434021087  0.16110773765717318
  0.17151807239078140  0.18189387274584554  0.19218434570339998  0.20245060288856684
  0.21266363977418076  0.22296676026157378  0.23338706061826137  0.24393759171348947
  0.25433593782476904  0.26457208395738335  0.27467405165589887  0.28481353265669423
  0.29501916149794294  0.30523761816878547  0.31542652114769903  0.32557100565255137
  0.33570474352550900  0.34587276565659364  0.35595785239986644  0.36598047081947710
  0.37593350679877457  0.38592016556102765  0.39600223072916069  0.40628849173669213
  0.41668329836119455  0.42699730611786224  0.43731693406697958  0.44780207998779625
  0.45843322653698765  0.46907702353546649  0.47977188036239843  0.49055938540678257
  0.50127604308721663  0.51182580214131845  0.52223158960342053  0.53253730230227725
  0.54276515733482844  0.55296696905256282  0.56308708188505763  0.57328839284794320
  0.58357337270249365  0.59396589200593808  0.60433923940327361  0.61467983960091932
  0.62511471101004834  0.63557265285952680  0.64590468962268732  0.65612499669112401
  0.66632630357195521  0.67662538067092892  0.68704313546616869  0.69752417160127467
  0.70798830226254650  0.71843105148425712  0.72892738132827750  0.73947376986046354
  0.75011860466035185  0.76057707979750433  0.77094854405210755  0.78128600197769060
  0.79169700451620695  0.80200335104006926  0.81214681775889419  0.82237187849747762
  0.83273561104759319  0.84325504298443588  0.85381747920112039  0.86445682010242064
  0.87501830368788036  0.88553126774699720  0.89602385643002458  0.90646011683194172
  0.91678133226543013  0.92707075318423104  0.93760662302203746  0.94819440617530537
  0.95894784993573245  0.96969734794896001  0.98040971677565947  1.00000000000000000
  0.00750764757549689  0.01474183178355397  0.02473305566545963  0.03551274193138865
  0.04596688219536130  0.05640579907111213  0.06694454145333339  0.07770464786174867
  0.08854485727497299  0.09939494007257681  0.11005838948349395  0.12065323615376759
  0.13130535770631532  0.14192812656294559  0.15255856066144577  0.16309654744017926
  0.17355489089650913  0.18389572618238662  0.19435043096056467  0.20500575579651040
  0.21569310062163491  0.22631607493563480  0.23691833190529363  0.24749249517394054
  0.25792062782124653  0.26828960702066268  0.27875669379694956  0.28934882810390122
  0.29994075971436257  0.31052323274598731  0.32099522134621117  0.33129839216390894
  0.34151213452062401  0.35173865865806714  0.36208722143733207  0.37241935699694206
  0.38272449296915023  0.39298232399912852  0.40327884117792956  0.41366689541516288
  0.42421178736422283  0.43484240793894352  0.44541548340644738  0.45589720956765456
  0.46643784552162498  0.47705825881710645  0.48774599055313134  0.49845451856172573
  0.50911073651044025  0.51977799467244579  0.53042316097401776  0.54101054931977577
  0.55144377276902179  0.56184099417093469  0.57229810457248798  0.58270784265515163
  0.59305188146221943  0.60332662525787872  0.61362787355901516  0.62396584252676668
  0.63447997691346036  0.64511246092124930  0.65569974204576975  0.66615270609239285
  0.67659876938140195  0.68704998835959685  0.69741449593806859  0.70764754810933950
  0.71794029632241685  0.72832394341117357  0.73890703708520866  0.74967623167941744
  0.76018371307938071  0.77085839169125892  0.78136110298118477  0.79201358066983230
  0.80229694175052613  0.81257588230518063  0.82299464944171974  0.83361297193398642
  0.84441089321373852  0.85522986619987573  0.86577962602457514  0.87625336823009414
  0.88663946363521451  0.89701315188398134  0.90734572494084409  0.91764387208099418
  0.92807908935870409  0.93851252423204878  0.94875752494312215  0.95896382966561355
  0.96906146055473530  0.97899964130890793  0.98935497735798161  1.00000000000000000
 -0.00258818527253689  0.00979803036111440  0.02019904588495972  0.03095890805211670
  0.04162871761898760  0.05221981376832433  0.06271498529152694  0.07312340104630058
  0.08345122372225483  0.09397597244709756  0.10459953052018034  0.11527998090876600
  0.12601775128103684  0.13664827208862307  0.14716995639961838  0.15739177009666502
  0.16775083316325612  0.17824173016750375  0.18881541760296575  0.19940347827640262
  0.21012240098188012  0.22110658909796135  0.23179785849218246  0.24227631997252561
  0.25271477865709369  0.26317432493719251  0.27364038849743150  0.28409773381070119
  0.29467319970348876  0.30528094279652263  0.31579598209016763  0.32624623377270562
  0.33687848403087833  0.34752650841073213  0.35814920827649654  0.36868398231521282
  0.37918696232374494  0.38972023483928653  0.40029292346367096  0.41091959393399807
  0.42153487171077531  0.43201625046043474  0.44248321459930740  0.45302398055849191
  0.46363338543441579  0.47433002217902298  0.48504572420703795  0.49579780867740497
  0.50647182756647069  0.51701719359588594  0.52736331227303035  0.53756963183807627
  0.54783038111917104  0.55823879633844609  0.56866153112729778  0.57914297348618882
  0.58960935455921659  0.60020819549987081  0.61078557998106542  0.62136092495222550
  0.63210467729302822  0.64311144430662959  0.65390273913115660  0.66460198297889006
  0.67515460345644063  0.68591327422563386  0.69650692684879667  0.70697731124124408
  0.71748773722704695  0.72809072573493860  0.73871178602449239  0.74935125060790775
  0.75970460239625703  0.77016084127742612  0.78047721740823806  0.79096611988407384
  0.80140696064258443  0.81190873595935020  0.82235051784054591  0.83262669796831801
  0.84276980341657592  0.85294801691261291  0.86309611251282936  0.87329739065542544
  0.88383611674779428  0.89437550629835161  0.90518164730495776  0.91588764193454630
  0.92658005607560989  0.93739811185451127  0.94792118801224090  0.95854835330973975
  0.96891644755223882  0.97929671152813769  0.98973160358629519  1.00000000000000000
 -0.00243227337807154  0.00934016906815763  0.01916571559016295  0.02991976939957441
  0.04074604785541453  0.05140790522556109  0.06201700146622127  0.07250084732302915
  0.08316723699655441  0.09360077880048069  0.10417979916240934  0.11476226301426608
  0.12529079825342984  0.13579938001544681  0.14625563647879217  0.15684472863815443
  0.16748758270016550  0.17805065591208449  0.18853170784290782  0.19910725893346223
  0.20983997741928326  0.22060111608935717  0.23137685276023007  0.24216974458361989
  0.25278198878720765  0.26336174757801706  0.27384332811029805  0.28422618369152713
  0.29440891427012333  0.30447761180720717  0.31469236724037059  0.32485903899133106
  0.33514453337129552  0.34547317510721826  0.35594583452287626  0.36640449638988060
  0.37686635246179950  0.38754510409355025  0.39810176537306030  0.40864406572842760
  0.41905157910141239  0.42955990765234620  0.44018200621358272  0.45086982026828881
  0.46143655862033350  0.47198637371933266  0.48259203613132967  0.49336531469670003
  0.50395560780544935  0.51441790913515673  0.52486032635376989  0.53525035621128969
  0.54569727808732937  0.55609636997316092  0.56664737091655526  0.57719222167764794
  0.58784047259934435  0.59873177264232069  0.60961499455174328  0.62054310047211980
  0.63133496745889184  0.64211741050870497  0.65288115827561777  0.66364254938140832
  0.67434664436850345  0.68488388474913575  0.69542238339637963  0.70608198182786985
  0.71685670055220907  0.72772737615335925  0.73857108885245171  0.74939831243151289
  0.76009872644964893  0.77063258322457917  0.78104333905867096  0.79157040377835275
  0.80211457026065180  0.81267650662055413  0.82280138309479467  0.83293516923393096
  0.84324070526935047  0.85346368646910997  0.86380007323760244  0.87404612897526324
  0.88462232750305625  0.89530433370958939  0.90595686756921001  0.91663455298096586
  0.92724374831541101  0.93771975530774576  0.94813194971341608  0.95858309507415518
  0.96903144418233222  0.97950944622257718  0.98974314469685087  1.00000000000000000
 -0.00254268735695953  0.00976817352727745  0.02001808821920838  0.03074298476269120
  0.04149262187405609  0.05208632375031633  0.06264209544241288  0.07339176162173072
  0.08408651024284641  0.09469911964074490  0.10537217669306399  0.11604390302952894
  0.12664528438394279  0.13721834637035416  0.14784975357759661  0.15855109314136015
  0.16926824307882357  0.17994385934556406  0.19064231342710025  0.20125849641552318
  0.21190228917866030  0.22253635821918497  0.23320093155970664  0.24403550262082604
  0.25479474418320508  0.26542603950071009  0.27593865729324540  0.28643329624482766
  0.29702610521012018  0.30759613836396366  0.31825418895975521  0.32881549305884072
  0.33929423268733222  0.34965320269250649  0.36005431216833744  0.37037692851734583
  0.38083764723557090  0.39127125882946895  0.40166629616335181  0.41201536429651076
  0.42240013437474316  0.43285317784058103  0.44339025865864101  0.45397029075173190
  0.46462145213487677  0.47531055469583322  0.48613606185867403  0.49711510363817546
  0.50784055356981916  0.51846569635363782  0.52898905858096779  0.53949858602244838
  0.54997213848053605  0.56030748322613588  0.57061769199662737  0.58082104356031572
  0.59112778228030183  0.60145585853618799  0.61176644720375872  0.62198729926090879
  0.63258431802326442  0.64327924093043543  0.65394880301394498  0.66445929614694399
  0.67513676168752490  0.68581441320416492  0.69636379331885778  0.70693986913214601
  0.71764419317833761  0.72835238687218962  0.73872662958979585  0.74899752946788023
  0.75909248734267720  0.76920034182433006  0.77944353492317264  0.78955008853230435
  0.79992788225169620  0.81042957244765512  0.82102893603853233  0.83161044876505952
  0.84191455292229089  0.85229067006552961  0.86266788831824304  0.87301914416384785
  0.88359432976903707  0.89407917290509908  0.90466152068389105  0.91524804649707803
  0.92607565575854267  0.93698289830609560  0.94744673215227271  0.95798803941542665
  0.96853073207084728  0.97909540475456902  0.98951965009503240  1.00000000000000000
 -0.00253737288882284  0.00943181689497846  0.01944027876188441  0.02993524683428950
  0.04038984852120561  0.05094982306788216  0.06149836614844931  0.07230526341395352
  0.08303049253485825  0.09360649289825652  0.10414106094436473  0.11477592272087521
  0.12533861577193742  0.13573128965971154  0.14605333571615270  0.15644885649643259
  0.16686585706848467  0.17746405744991833  0.18833421444651963  0.19950204936008156
  0.21057018096689167  0.22146429965807246  0.23224730402479349  0.24302929476685045
  0.25370889848094053  0.26438779865916251  0.27502898443568768  0.28571226778956443
  0.29617237025886073  0.30652036049568904  0.31688172305519907  0.32731496126413834
  0.33792528633347524  0.34853761732106392  0.35914450477013615  0.36986747070152204
  0.38048073696357876  0.39106592218747033  0.40170274394589478  0.41234416499519683
  0.42309149386446154  0.43377692990608369  0.44454977406933782  0.45530682027675579
  0.46592113406283836  0.47642126728709883  0.48687734468256227  0.49732704308547504
  0.50785293289153211  0.51845263266744568  0.52912413110568457  0.53978367296744412
  0.55038149106853373  0.56100743392638619  0.57177123455437573  0.58253456364629896
  0.59320663318733058  0.60369713733992869  0.61409825342427748  0.62442972982710043
  0.63484462913422857  0.64536289707388816  0.65594588924059571  0.66649206608468881
  0.67697764164759200  0.68732092310749526  0.69756357564080274  0.70788200194968454
  0.71826347577673899  0.72866308537423685  0.73905176613536372  0.74963572141939094
  0.76040920761002506  0.77124832974858937  0.78194223653541473  0.79252869327264941
  0.80307403871272431  0.81361179381478110  0.82402007715298353  0.83450081241888596
  0.84496131235813488  0.85548367747008780  0.86597987061987736  0.87652697765893095
  0.88699075202967648  0.89759525254508798  0.90829123769694098  0.91893110020025215
  0.92918567729924806  0.93935434557188624  0.94951634462153522  0.95973872653145054
  0.96987089727264564  0.97999383040184063  0.99006731573788176  1.00000000000000000
 -0.00246787942006115  0.00958740810600220  0.01986174505015242  0.03026498234241370
  0.04077643450046820  0.05110646003732094  0.06142295841532963  0.07170796163931198
  0.08181900272867938  0.09216858669080590  0.10247989640703374  0.11320986455884539
  0.12400004116976236  0.13446701940021266  0.14485345989417847  0.15507409341681791
  0.16539575125932307  0.17563887144950929  0.18596464679839542  0.19672099890626904
  0.20725359275572519  0.21778014188446410  0.22839883787892884  0.23932508566385333
  0.25028981269688383  0.26091785736762196  0.27169379001881094  0.28224402523409481
  0.29271843365836786  0.30294468368659794  0.31331022874286790  0.32344962156579077
  0.33374625481388553  0.34394513765455720  0.35417422536087906  0.36445159081734285
  0.37474388967580036  0.38533253259981431  0.39595484104998740  0.40676626352840350
  0.41751074059342663  0.42843452566760609  0.43927575736569746  0.44990393854463401
  0.46041356838125874  0.47076641212529113  0.48125066749081180  0.49175359313015621
  0.50227158541307282  0.51297422080326804  0.52352772108668844  0.53442386613990756
  0.54527090592015837  0.55610621302020180  0.56674106697413562  0.57747205993506290
  0.58816757738755299  0.59897491777267764  0.60960496849236945  0.62029302405210396
  0.63072682572624417  0.64112800487429089  0.65143987663647085  0.66170163714797847
  0.67210179762169919  0.68259598516797981  0.69308961407424130  0.70361130419772622
  0.71425812213820672  0.72492471874431819  0.73553152755359086  0.74608155857948921
  0.75667706635289134  0.76734938892773075  0.77805977085852307  0.78898467297050479
  0.79965777318464815  0.81038434992668273  0.82099054555625561  0.83148478023846684
  0.84192253744209999  0.85230572664197801  0.86284481228264021  0.87333700962399374
  0.88391176466597643  0.89448619833396159  0.90489057429942055  0.91526574928221471
  0.92587542070183104  0.93653067237189958  0.94718681280224248  0.95782324981651024
  0.96859776955475352  0.97926464447428829  0.98969587698814010  1.00000000000000000
 -0.00246734024289682  0.00973407419211360  0.02013879229702067  0.03085744042824748
  0.04163710685943298  0.05215424779212562  0.06271351916388432  0.07296578995138031
  0.08326728874461213  0.09342005610612697  0.10354081263196972  0.11411501017961476
  0.12483569026585088  0.13574093500086848  0.14639947176353885  0.15714479183672281
  0.16787727949734288  0.17843925142092196  0.18917077141810840  0.19981840200546383
  0.21033324465531475  0.22066573703357412  0.23104891427590546  0.24158103264222530
  0.25181978508168679  0.26205274814431356  0.27233822472325009  0.28294303786799957
  0.29346920139574140  0.30395472475946311  0.31436533112634035  0.32490084836454552
  0.33551835595719914  0.34612873376242664  0.35658884709945671  0.36693924371453379
  0.37737083591041720  0.38805834755867891  0.39877056006848538  0.40943800732006663
  0.42012595449665613  0.43088328979582602  0.44170502027817860  0.45253412092818635
  0.46327733043131786  0.47382066332055245  0.48411738058411780  0.49446961986174520
  0.50494554234104960  0.51550470984885233  0.52592266708764523  0.53643856584507510
  0.54689343099069754  0.55726150755073822  0.56755597072056407  0.57778413523753325
  0.58813490827805615  0.59859816725961734  0.60923228154483744  0.62010063748358923
  0.63068193336961498  0.64121020672303919  0.65163585312800731  0.66213320780929996
  0.67260449244600462  0.68303552588893746  0.69361916422944281  0.70430611904921991
  0.71497295562269303  0.72552097791839099  0.73599050093191376  0.74653944891288793
  0.75707343227760759  0.76756843812746789  0.77807387104370185  0.78865411077976311
  0.79931562826932034  0.81002569591372187  0.82078602152057722  0.83172511604583388
  0.84230134640030252  0.85281657943387557  0.86308593506362996  0.87342722513168669
  0.88385549970926780  0.89416732710619962  0.90462601141900567  0.91500184807947615
  0.92564940801594808  0.93626894598135324  0.94700269293026640  0.95759903886462727
  0.96808816195404956  0.97865055447279237  0.98930002340626710  1.00000000000000000
  0.00922143947717347  0.01606617389084376  0.02573490697796377  0.03667711795448790
  0.04701784463193700  0.05705181752774455  0.06712658813325489  0.07737780929746375
  0.08774124925628654  0.09832274000308515  0.10883429696957400  0.11955450779713409
  0.13007456119656219  0.14058220540077507  0.15093194182825051  0.16109483816520678
  0.17132175587846149  0.18174264588024708  0.19222035648433555  0.20244916960266046
  0.21273990049114222  0.22316717515175097  0.23365025247626731  0.24421748702202006
  0.25488863405830980  0.26586427818317476  0.27661417642400449  0.28708313459714646
  0.29730896579030675  0.30758363302978819  0.31804875637501040  0.32866458156061235
  0.33912753928484485  0.34952210252693461  0.35999764299086984  0.37057233140230744
  0.38111305181721311  0.39158220851236047  0.40197704942861151  0.41239189913204238
  0.42292351547492507  0.43354698933044766  0.44407288240069814  0.45454490082825139
  0.46516841710511914  0.47586680332690218  0.48645842956037638  0.49681105983710039
  0.50730986283622459  0.51787321658062158  0.52857613623404420  0.53922740693692950
  0.54978235399769904  0.56038568962037771  0.57081707332049703  0.58135458763000392
  0.59196140257270602  0.60256489158637072  0.61314171304670795  0.62354599688914358
  0.63396330945276824  0.64431836082148675  0.65457703592182326  0.66483992850726881
  0.67520444064288343  0.68566534224738729  0.69613610144675964  0.70663894386389481
  0.71716820627248234  0.72766886772813544  0.73799256964450677  0.74827122633857512
  0.75860770523042476  0.76896216013165453  0.77943661790182994  0.78981476545975782
  0.80016880749761743  0.81059866164842842  0.82102441112357316  0.83145166933589054
  0.84164271946596025  0.85172672511369540  0.86167452926005639  0.87186210476073300
  0.88222301331924657  0.89275811622404422  0.90326331131921267  0.91373021375534469
  0.92440881965610466  0.93506062102787613  0.94555375672840292  0.95607223080242043
  0.96681632229600589  0.97757949806517253  0.98869820080085524  1.00000000000000000
 -0.01706597538944982  0.11981032009059488  0.18228678723561703  0.22759368107421521
  0.25799696226578583  0.28096816226066929  0.30018721798357018  0.31688405353982591
  0.33188674544840990  0.34515356420644655  0.35763449332672365  0.36918102435662037
  0.38018574441821773  0.39050723528527925  0.40035918290433825  0.40974567340102247
  0.41878239441396797  0.42743579172557994  0.43578918305458025  0.44383536722053701
  0.45159769044660580  0.45917500849205356  0.46651104087278339  0.47370916437002919
  0.48076081628966683  0.48756097980365698  0.49425065920830252  0.50080013631911002
  0.50718053838178134  0.51346433458454943  0.51967152519978999  0.52574801011363725
  0.53170005806644938  0.53758221222019076  0.54334209326919924  0.54900707197910126
  0.55463050002092407  0.56020695647324292  0.56571859215556408  0.57115900073567882
  0.57654148353039725  0.58187109689563454  0.58712278354418035  0.59231904318025286
  0.59748861672022247  0.60260671026862800  0.60767091874877222  0.61268978345347380
  0.61768052554115171  0.62264196150580753  0.62756889772073476  0.63246752020379537
  0.63734794851115617  0.64221459984631968  0.64707390536828824  0.65191408001702766
  0.65674475996746073  0.66158332508685236  0.66642379707497368  0.67126081088125888
  0.67610995912347183  0.68095605291932360  0.68580407465705695  0.69067541921535758
  0.69556124463654834  0.70046020389054664  0.70537599476832480  0.71030077759671384
  0.71527963418489793  0.72029410922297465  0.72535439864241469  0.73048138899941251
  0.73568724789018269  0.74095898171322638  0.74628323890874937  0.75169198026076645
  0.75723396399985343  0.76284623008086783  0.76854176509525751  0.77440748484847755
  0.78048488100717806  0.78664064196356032  0.79298422357431397  0.79962596980874001
  0.80642732238938530  0.81358563815860552  0.82116780035548986  0.82916657912692915
  0.83781180125607835  0.84714135208184349  0.85757034785016006  0.86928116539778277
  0.88336344345742568  0.90113282047301613  0.93010586215896029  1.00000000000000000
   2.4751276310274620E-039  -1.0000000000000000     
 F F F F F F F F F F F F F F F F T T T T T T T T T T T T T T T T T T T T T T T T T T T T T T T T F F F F F F F F F F F F F F F F F F F F F F F F F F F F F F F F T T T T T T T T T T T T T T T T T T T T T T T T T T T T T T T T F F F F F F F F F F F F F F F F
  <DiscreteSampler_grid>
  grouped_processes
  1 # 1 for a reference and 2 for a running grid.
  10 # Attribute 'min_bin_probing_points' of the grid.
  1 # Attribute 'grid_mode' of the grid. 1=='default',2=='initialization'
  0.0000000000000000 # Attribute 'small_contrib_threshold' of the grid.
  0.5000000000000000 # Attribute 'damping_power' of the grid.
 # binID   n_entries weight   weight_sqr   abs_weight
    31   10   1.340482096273632E-025   7.857135925909039E-050   1.340482096273632E-025
    32   10   1.340482096273634E-025   7.857135925909071E-050   1.340482096273634E-025
    34   10   1.340482096273632E-029   7.857135925909041E-058   1.340482096273632E-029
    35   10   1.340482096273634E-029   7.857135925909071E-058   1.340482096273634E-029
    37   10   1.340482096273632E-029   7.857135925909041E-058   1.340482096273632E-029
    38   10   1.340482096273634E-029   7.857135925909071E-058   1.340482096273634E-029
    40   10   1.340482096273632E-025   7.857135925909039E-050   1.340482096273632E-025
    41   10   1.340482096273634E-025   7.857135925909071E-050   1.340482096273634E-025
    43   10   1.340482096273632E-025   7.857135925909039E-050   1.340482096273632E-025
    44   10   1.340482096273634E-025   7.857135925909071E-050   1.340482096273634E-025
    46   10   1.340482096273632E-029   7.857135925909041E-058   1.340482096273632E-029
    47   10   1.340482096273634E-029   7.857135925909071E-058   1.340482096273634E-029
    49   10   1.340482096273632E-029   7.857135925909041E-058   1.340482096273632E-029
    50   10   1.340482096273634E-029   7.857135925909071E-058   1.340482096273634E-029
    52   10   1.340482096273632E-025   7.857135925909039E-050   1.340482096273632E-025
    53   10   1.340482096273634E-025   7.857135925909071E-050   1.340482096273634E-025
  </DiscreteSampler_grid>
