  0.00189889722899575  0.01251415339421301  0.02399589788256102  0.03472111844128212
  0.04523898851394815  0.05558489852511930  0.06583895657766259  0.07619548654629500
  0.08642288748387833  0.09674462350515994  0.10698310572106856  0.11727107136811826
  0.12748812874361379  0.13765195197279645  0.14780966955950264  0.15794832492779573
  0.16803105558254966  0.17805647405664951  0.18820132202020859  0.19837119895364139
  0.20859237701916503  0.21875976390755139  0.22888530292444945  0.23907457720348255
  0.24924829962039882  0.25937137308757535  0.26949827040172469  0.27958732273890541
  0.28973860931408069  0.29971760705821088  0.30972767152166070  0.31978888943870110
  0.32988513797274777  0.34003310885595217  0.35011072968840512  0.36029407712106570
  0.37042907632157129  0.38073201342125795  0.39117755087694300  0.40164079328176144
  0.41205861193281690  0.42235057198789033  0.43255323158102393  0.44273606995340226
  0.45283181880742712  0.46288737973734329  0.47291420652831689  0.48304535374078184
  0.49332869020368847  0.50352360778687988  0.51354284925489535  0.52348580533874645
  0.53345568511907271  0.54345043649979952  0.55345666248062042  0.56350101403202013
  0.57359333816730895  0.58374932461687401  0.59392430940920682  0.60402867933845061
  0.61405863313736297  0.62408405371984343  0.63424276099584709  0.64442903033512122
  0.65458639746763814  0.66482852389723579  0.67520059151539491  0.68561177171331855
  0.69596720619983721  0.70630348859297942  0.71672365828880980  0.72714705061728246
  0.73743230806186499  0.74768890150188438  0.75796454828848903  0.76823829013165790
  0.77857599061978600  0.78899303511362384  0.79947926461862817  0.80990483125066326
  0.82016032980785236  0.83035423527333041  0.84052770765939955  0.85075974623244321
  0.86109254635572863  0.87144354738603258  0.88181966767739806  0.89223187366881196
  0.90271509698936270  0.91329279519790418  0.92396961503457964  0.93479906032097793
  0.94599912803758923  0.95817361956419289  0.97443321342789180  1.00000000000000000
  0.00144302836680885  0.01453563912748538  0.02748324081090457  0.03877314529517357
  0.04957289568140337  0.06009548753867777  0.07061276240056313  0.08098296843354927
  0.09128173468546887  0.10161777634272037  0.11187692342077799  0.12200309200356448
  0.13218776766430335  0.14236717657261075  0.15262911588454461  0.16280824991942888
  0.17305586164014727  0.18335462926461674  0.19353020038380869  0.20374571222065763
  0.21386868015007934  0.22383720229318460  0.23377657203607866  0.24368978165474861
  0.25366665022756724  0.26383239571055223  0.27403076336426913  0.28451869424275994
  0.29484343159688126  0.30499669393565049  0.31502592359364873  0.32485704033800955
  0.33469558584564324  0.34464236901451761  0.35462234985715335  0.36467411649833892
  0.37477592655830017  0.38504361028211032  0.39542317814982586  0.40568436081977499
  0.41588313466140403  0.42604515176076518  0.43627528066071763  0.44645436250428572
  0.45657362507554189  0.46668559087902062  0.47679346554988800  0.48699654372404722
  0.49713371326870748  0.50716878416940048  0.51723548895105043  0.52740206453160832
  0.53765720513773352  0.54778227709343286  0.55779216682740951  0.56777826822669553
  0.57784394220971658  0.58801925495655005  0.59841903137086772  0.60878568886470652
  0.61908222784535671  0.62923910560450991  0.63934610478198994  0.64942211905225466
  0.65946210783437975  0.66951103971742176  0.67961239074112212  0.68965232227782336
  0.69966777890482557  0.70973104395255859  0.71992063461664357  0.73001201295373985
  0.74012573418089189  0.75027006084195447  0.76059449300984461  0.77099673583300921
  0.78146595149363063  0.79182995247339982  0.80211010017736761  0.81232091144462981
  0.82269542320790845  0.83301316914053758  0.84311874939975595  0.85328705940553939
  0.86354082471624416  0.87380544600814469  0.88409785734888779  0.89433358651752126
  0.90469951595264586  0.91501864076058226  0.92553928186587253  0.93619162530340660
  0.94726978678715479  0.95912306055346630  0.97269912161525918  1.00000000000000000
 -0.00247501692021129  0.00952831355919345  0.01994889762752124  0.03059638533385337
  0.04136122073868961  0.05202699290973290  0.06260030745180639  0.07314288725962421
  0.08364197028814235  0.09411805266927203  0.10456298400086454  0.11518232297756439
  0.12579439597969108  0.13635787209677991  0.14676863999512577  0.15716150296315304
  0.16763208901467191  0.17817042885048207  0.18883119694386316  0.19958432219074315
  0.21020207784105316  0.22043241020240703  0.23066787904885214  0.24134259560617566
  0.25199416965260485  0.26253655100000517  0.27294748877210062  0.28372194763214326
  0.29421898496390309  0.30453334471280225  0.31494383966994099  0.32533919667762695
  0.33565244270439754  0.34588769222351679  0.35619019105457167  0.36654957414843514
  0.37679633830206199  0.38732090175837042  0.39781947898083753  0.40835264969607588
  0.41908319928153703  0.42980054638985254  0.44052120756744778  0.45102283653483255
  0.46166429257476510  0.47222102529592291  0.48285092288461817  0.49334988612706548
  0.50386230313690106  0.51428069776249452  0.52473579657356750  0.53535998863616874
  0.54606506181372683  0.55685283200186453  0.56760386943350782  0.57840017046102721
  0.58914767021301251  0.59978660175380971  0.61023968620852864  0.62042590686801169
  0.63069069079986229  0.64096478299785919  0.65156825203168101  0.66220059337006176
  0.67314413801160600  0.68408762991431626  0.69483625731138987  0.70559558493515895
  0.71628399839297596  0.72694405379211369  0.73737601880318238  0.74770924862520693
  0.75811549844921489  0.76850334981324431  0.77915873589946372  0.78990541996568475
  0.80063015740007282  0.81119648593592353  0.82153827918832611  0.83185433628194150
  0.84184495711586038  0.85188227955125728  0.86232219701819146  0.87288297954209659
  0.88365009875632505  0.89420081596524692  0.90486167846851440  0.91559792210586444
  0.92614509000642786  0.93693026275653279  0.94759612044728703  0.95827433215773750
  0.96874028522573652  0.97920412770428999  0.98960565768744424  1.00000000000000000
 -0.00225522320192592  0.00931820958365824  0.01912059636111565  0.02947309962567393
  0.03979708718390188  0.05017709580023709  0.06050436621167814  0.07094888032181146
  0.08140442298189929  0.09174396100485505  0.10197181475382286  0.11248022679799149
  0.12310021439403800  0.13374900110114776  0.14434758556066965  0.15510048402691518
  0.16582597487387554  0.17644868525152055  0.18703925471469110  0.19751420056739533
  0.20802821025712337  0.21853944981000975  0.22912516494303206  0.23974681994340316
  0.25026985441116084  0.26090709779224552  0.27151054523465595  0.28221561804391870
  0.29286662208048253  0.30341238563503786  0.31400435614639760  0.32461231331083890
  0.33526345000630381  0.34588629223310208  0.35646315925278110  0.36704582657190282
  0.37762697751726487  0.38814297457479596  0.39865157180174421  0.40914312466860819
  0.41978165263606176  0.43036335232062017  0.44103547977739282  0.45166663581481953
  0.46243790718194827  0.47312358207447786  0.48378186872365270  0.49435151162815216
  0.50483053573841175  0.51539700892212503  0.52592606791603891  0.53646404616795629
  0.54684094700245534  0.55716502225930831  0.56761686053086091  0.57817377199066211
  0.58887697195491762  0.59955784112557586  0.61028138123620046  0.62100347694660729
  0.63162851692305677  0.64226981690759488  0.65264875092826724  0.66296064692465406
  0.67341033193367550  0.68392552734212531  0.69438163438689848  0.70473466826773046
  0.71534657470150464  0.72595906218969908  0.73653877239655074  0.74700860847206829
  0.75769765314733972  0.76839655465779333  0.77910741486021950  0.78952202315375408
  0.79989186106098753  0.81008593793068429  0.82051460729713821  0.83086612485767286
  0.84132247294506346  0.85177292002769012  0.86224124319597717  0.87284471406714614
  0.88328850488734179  0.89352885395878168  0.90394003632379027  0.91438605106555804
  0.92498039923545705  0.93554513247277227  0.94632547745385232  0.95712027275640432
  0.96788413439339260  0.97866408277579753  0.98940443062041172  1.00000000000000000
 -0.00257289482241885  0.00953735728916896  0.01975246274598817  0.03028204783485352
  0.04101892988596202  0.05201950432192854  0.06304436627465389  0.07383832364668762
  0.08464336548770651  0.09526030492413137  0.10585150206228443  0.11636253323756532
  0.12702208850484292  0.13770858996478766  0.14836932608476322  0.15899716056398167
  0.16973424402353374  0.18030021777520233  0.19077788276221916  0.20084631920817869
  0.21089203408373070  0.22110853156854129  0.23142911589879223  0.24201554717178173
  0.25257284978017730  0.26328417878757016  0.27372035976520376  0.28396952362645400
  0.29428440409133877  0.30462672748459840  0.31500290998911840  0.32557657889718006
  0.33605718626236869  0.34663197612878360  0.35719124680388281  0.36770659934502897
  0.37823182143037704  0.38849358099665643  0.39882710061512111  0.40911067140150698
  0.41943118071822144  0.42985088817760775  0.44028789794761758  0.45085775390877936
  0.46145298615742897  0.47195622912501034  0.48243730250852768  0.49297622225047638
  0.50346681758221379  0.51392517002211258  0.52438675508177157  0.53478372145933972
  0.54520773035041081  0.55550324864226830  0.56599939481916695  0.57645697990181766
  0.58703354540297614  0.59737896782206457  0.60774191482146767  0.61821075235431644
  0.62872450199200747  0.63909001791670039  0.64938946435382128  0.65960697649388733
  0.67005464307321638  0.68061068580173956  0.69125689273197255  0.70201005627241941
  0.71267189018699462  0.72344902856685711  0.73415506962445165  0.74486208193967385
  0.75571327724738302  0.76635156643811952  0.77688518551998687  0.78739314968507279
  0.79801906181964899  0.80883090229203014  0.81965153819378889  0.83041291283763807
  0.84119152051179746  0.85183918488400068  0.86249945152568364  0.87291748055282126
  0.88335942784990673  0.89383305928766832  0.90440653611528454  0.91505353003090451
  0.92574907941811846  0.93650720425004064  0.94721266784739755  0.95798592342245037
  0.96855506266068625  0.97919910569082680  0.98959331737529177  1.00000000000000000
 -0.00240323563276345  0.00940124506132026  0.01940420505734235  0.02997242691634986
  0.04033401027157396  0.05076637387436627  0.06114515364359398  0.07174239344663144
  0.08230326247615638  0.09281899010495442  0.10341179364019991  0.11397265113365956
  0.12461581151455495  0.13516898779573164  0.14570089719157203  0.15630329951691840
  0.16691884636629697  0.17747463233027172  0.18794675699137942  0.19845520209412926
  0.20903344321050030  0.21955822840048689  0.23007694068874629  0.24054987122815483
  0.25100846624402623  0.26148369163546492  0.27195757430675532  0.28235330037842277
  0.29264816260925819  0.30305728783924107  0.31349917081763262  0.32396383254751510
  0.33447076824276883  0.34502361898256562  0.35551602598048782  0.36606860433017419
  0.37656039394545782  0.38726452691186430  0.39796668552468023  0.40863541574552426
  0.41918196217621850  0.42960295637002383  0.43999678786881918  0.45038769824133223
  0.46057440817375001  0.47081396441084689  0.48104474755184651  0.49137036928417199
  0.50181076901030086  0.51227487459661969  0.52270835781888647  0.53309019799190238
  0.54344380386180247  0.55412848950736038  0.56463060201888382  0.57523632331433427
  0.58560834834646502  0.59602940914010205  0.60639477263705233  0.61685952812026856
  0.62739288151374462  0.63806315155303595  0.64870902409456133  0.65927048006922129
  0.66968301433417998  0.67995896548779156  0.69040200295105691  0.70093187894510811
  0.71146404662995089  0.72186190490431434  0.73245477256433478  0.74330200760182885
  0.75415044942295084  0.76470168423202645  0.77547132782825601  0.78635259262578516
  0.79716700087883952  0.80784463062312772  0.81864859728554240  0.82961793570303932
  0.84025542768127781  0.85076313398011139  0.86112228656170753  0.87153055004007307
  0.88185334313978936  0.89225955470944995  0.90286726257241678  0.91375595281338307
  0.92470451165874534  0.93566817258541013  0.94650167214421421  0.95722515475256964
  0.96801346588721626  0.97871597982874448  0.98942462579152390  1.00000000000000000
 -0.00248859583297495  0.00950331304019121  0.01960617942129592  0.02993892304045836
  0.04019544874090189  0.05038673882686716  0.06061046189059657  0.07130205593299586
  0.08195559061442523  0.09281426622799827  0.10349121001699053  0.11403090940748190
  0.12453381538386857  0.13484889592341126  0.14528209060539443  0.15557076028231795
  0.16592021224942244  0.17629126589166011  0.18662775771000639  0.19708460830604563
  0.20755798989645799  0.21829110223808851  0.22887871954575414  0.23920438441992661
  0.24958935323499953  0.26014486292054084  0.27074253203917881  0.28110554913430769
  0.29139441618312084  0.30191955199896242  0.31236655912244382  0.32277656915035269
  0.33325602784881003  0.34390522691380093  0.35465728340589581  0.36512211533819094
  0.37561299056702480  0.38607893160694751  0.39660937167063903  0.40727070310313901
  0.41775003443111058  0.42819080774673535  0.43860028839117837  0.44914943687477843
  0.45967079259038218  0.47015440584492341  0.48065927201921022  0.49133677294933531
  0.50215080584935656  0.51313832235406309  0.52398158229871639  0.53452547634390113
  0.54501732174519690  0.55551803379282605  0.56599837618331506  0.57636038899732289
  0.58697505743984424  0.59769932151293803  0.60847629239836520  0.61913295567429161
  0.62983907095497038  0.64040412619191356  0.65097188767609970  0.66154962364010250
  0.67222425973350619  0.68285091173572043  0.69358817624856184  0.70444126188993927
  0.71531812766370606  0.72605881812198292  0.73691592394560990  0.74775634560993265
  0.75854474454138221  0.76921354771915917  0.77983262483900073  0.79045185647366445
  0.80104965928184302  0.81176163587281713  0.82232194675717496  0.83279619945294303
  0.84311587989954062  0.85360499288703728  0.86399879527758261  0.87439399046930377
  0.88453692373385129  0.89479992654016183  0.90527080421479278  0.91593045699309716
  0.92650996848963829  0.93701431543381519  0.94760044206276794  0.95810663292703813
  0.96867274354475241  0.97913272169380894  0.98958414646279058  1.00000000000000000
 -0.00236497085890509  0.00913228484521529  0.01918942893564458  0.02967713059272721
  0.04034938657344013  0.05106634036168609  0.06169012999722294  0.07215989441677391
  0.08257596765191744  0.09303451077105117  0.10329976574662300  0.11369409773495633
  0.12401632200471184  0.13469609262962703  0.14528353671461955  0.15568911265038551
  0.16603111073367460  0.17643952554701592  0.18684304230133753  0.19712453858183898
  0.20740427285772528  0.21790767339275963  0.22851516873241326  0.23920055275612745
  0.24981739275752232  0.26042895090470630  0.27096983863177626  0.28164395728586650
  0.29227429830433510  0.30278397968596671  0.31321908200781601  0.32374727533612313
  0.33432297510920883  0.34482726333285735  0.35538664455363500  0.36612491290310473
  0.37678842025327491  0.38729259685920897  0.39765380724303734  0.40814326241833837
  0.41868128765934459  0.42927818673395390  0.43978779993206646  0.45025458154726722
  0.46063879423041076  0.47106396317124588  0.48145656700426098  0.49197234489895209
  0.50252530186889188  0.51309543329342511  0.52359139082863582  0.53406449579812487
  0.54452079695845934  0.55499471461561822  0.56535100144347139  0.57580074548523164
  0.58619153026261583  0.59681308715294068  0.60745723674069585  0.61812845031054264
  0.62876718204346260  0.63950782286144059  0.65025355985989697  0.66084850484530211
  0.67130211450926369  0.68172294010299139  0.69218901216950846  0.70265245786644748
  0.71325517008247175  0.72392970127519751  0.73442954460775467  0.74478683829168335
  0.75524826841290349  0.76597432286476652  0.77662627145130547  0.78725477609709260
  0.79788367536072247  0.80865002555354992  0.81928682669668096  0.82993930423454698
  0.84073721003784085  0.85164367369560223  0.86257844514997750  0.87366011424290924
  0.88450797398692937  0.89521789067410229  0.90572731422918007  0.91626442841762334
  0.92659773424119829  0.93697292583870950  0.94747791570313133  0.95822957023456612
  0.96859621244222160  0.97916359715046786  0.98957516302466741  1.00000000000000000
 -0.00172350550817447  0.01349730096386591  0.02573924396883193  0.03657928581222298
  0.04715528662363338  0.05762187494984317  0.06816713070783534  0.07868227012828360
  0.08914383872393940  0.09972970628486079  0.11024213598778021  0.12092406771344931
  0.13162378344298487  0.14245396065005908  0.15303320823455319  0.16338107991243128
  0.17359367350141908  0.18383406898232141  0.19411471229214905  0.20441439035945008
  0.21470607800095504  0.22510462438780848  0.23561768699558516  0.24624116469037660
  0.25683199604792351  0.26747893435711095  0.27807134136202855  0.28870102666315856
  0.29926539327172769  0.30988271865517764  0.32048762387090529  0.33103633549054867
  0.34145151344525770  0.35179435716391838  0.36212228456774803  0.37246745229208211
  0.38285887367435228  0.39337623230175067  0.40386605452593782  0.41438518435864913
  0.42485813723513222  0.43532205432838328  0.44572115408446211  0.45607924562848179
  0.46643029817395010  0.47686420600170409  0.48745768907064119  0.49819310205862355
  0.50884304108721301  0.51941855008748772  0.52991444037977375  0.54034724898665798
  0.55073076863334391  0.56104331615547265  0.57141136424412786  0.58179773914137545
  0.59223087848766320  0.60279410386296961  0.61333005736341994  0.62375772519023331
  0.63396314784873065  0.64414916873183414  0.65447711014868049  0.66491848895088190
  0.67532422899901068  0.68580273645050394  0.69635133794635462  0.70701501990953253
  0.71757585634360732  0.72812443988503728  0.73867608196321088  0.74922902979068984
  0.75972829718933221  0.77029035079255537  0.78078655200114744  0.79122122329604050
  0.80163673375355027  0.81202793137679086  0.82248535857841321  0.83296539405007952
  0.84349597585089409  0.85399910910699384  0.86436421397367713  0.87480039207580340
  0.88513507583765816  0.89541003513330197  0.90572691662903215  0.91594101418160379
  0.92618635291567386  0.93636658525872152  0.94687896992994436  0.95747558138825117
  0.96799623876381224  0.97837324137616433  0.98908368049534967  1.00000000000000000
 -0.01961640281875176  0.12208526481617009  0.16761345613386436  0.19680333610360501
  0.22078914698032628  0.24124598510998194  0.25932629348353115  0.27578813519473355
  0.29117756745297546  0.30559615747489605  0.31916015300916240  0.33208779677250294
  0.34438506268447100  0.35616844645080692  0.36742546421552125  0.37831598150105239
  0.38882540089796164  0.39906981581512152  0.40899376840293761  0.41866530199953389
  0.42806660870262087  0.43727417045393924  0.44624357503368473  0.45501477622553860
  0.46362798968929153  0.47205408972814478  0.48037199097979200  0.48845257931582720
  0.49644251920910248  0.50430659517133791  0.51200816753477196  0.51964289100312466
  0.52709046531044257  0.53449578360903827  0.54178118734630398  0.54895305947534023
  0.55604257466635210  0.56304029698282210  0.56992498016704274  0.57672018069988873
  0.58342159627542611  0.59000050914832780  0.59649188537304931  0.60291736413762020
  0.60924167430490539  0.61550249614129371  0.62170334704151442  0.62784830188577567
  0.63391763847555227  0.63994239879340054  0.64594242284437253  0.65183347874255237
  0.65769824631043949  0.66352621910307186  0.66929505448770132  0.67500555711777088
  0.68067017921506212  0.68629532695062712  0.69187426332187063  0.69740673478402893
  0.70292145757473457  0.70838647417399225  0.71379828388865596  0.71919563349288984
  0.72461118516881107  0.73003540779491194  0.73542390244710487  0.74078205151304510
  0.74612528359436303  0.75147698542401342  0.75685565649305719  0.76225593833254568
  0.76767955601837479  0.77312023574029587  0.77864442274268530  0.78413282425688324
  0.78966972917951295  0.79526799139578164  0.80094874550761996  0.80671134146286150
  0.81259711050635608  0.81865605607567060  0.82485338914554951  0.83116902866068254
  0.83771226133118692  0.84447753832273520  0.85146277109954349  0.85887508038294202
  0.86680808892519157  0.87515152862105816  0.88441865264725605  0.89471957974957594
  0.90697426704919148  0.92244162900155735  0.94596871017191353  1.00000000000000000
   1.1474504360887965E-005  -1.0000000000000000     
 F F F F F F F F F F F F F F F F T T T T T T T T T T T T T T T T T T T T T T T T T T T T T T T T F F F F F F F F F F F F F F F F F F F F F F F F F F F F F F F F T T T T T T T T T T T T T T T T T T T T T T T T T T T T T T T T F F F F F F F F F F F F F F F F
  <DiscreteSampler_grid>
  grouped_processes
  1 # 1 for a reference and 2 for a running grid.
  10 # Attribute 'min_bin_probing_points' of the grid.
  1 # Attribute 'grid_mode' of the grid. 1=='default',2=='initialization'
  0.0000000000000000 # Attribute 'small_contrib_threshold' of the grid.
  0.5000000000000000 # Attribute 'damping_power' of the grid.
 # binID   n_entries weight   weight_sqr   abs_weight
    31   10   6.250232144311094E+005   7.660411637938796E+011   6.250232144311094E+005
    32   10   6.250232144311093E+005   7.660411637938796E+011   6.250232144311093E+005
    34   10   6.250232144311094E+001   7.660411637938802E+003   6.250232144311094E+001
    35   10   6.250232144311094E+001   7.660411637938802E+003   6.250232144311094E+001
    37   10   6.250232144311094E+001   7.660411637938802E+003   6.250232144311094E+001
    38   10   6.250232144311094E+001   7.660411637938802E+003   6.250232144311094E+001
    40   10   6.250232144311094E+005   7.660411637938796E+011   6.250232144311094E+005
    41   10   6.250232144311093E+005   7.660411637938796E+011   6.250232144311093E+005
    43   10   6.250232144311094E+005   7.660411637938799E+011   6.250232144311094E+005
    44   10   6.250232144311093E+005   7.660411637938796E+011   6.250232144311093E+005
    46   10   6.250232144311095E+001   7.660411637938802E+003   6.250232144311095E+001
    47   10   6.250232144311094E+001   7.660411637938802E+003   6.250232144311094E+001
    49   10   6.250232144311095E+001   7.660411637938802E+003   6.250232144311095E+001
    50   10   6.250232144311094E+001   7.660411637938802E+003   6.250232144311094E+001
    52   10   6.250232144311094E+005   7.660411637938799E+011   6.250232144311094E+005
    53   10   6.250232144311093E+005   7.660411637938796E+011   6.250232144311093E+005
  </DiscreteSampler_grid>
