 -0.00005606826870197  0.00060030708261487  0.00155228968311107  0.00296781480037553
  0.00491721237997178  0.00735506744864212  0.01011356500492439  0.01351624417166172
  0.01740121356421465  0.02165215651990689  0.02631141142403795  0.03116810096162491
  0.03630338018332810  0.04172553568958215  0.04741276668117921  0.05340027820671924
  0.05964188849818631  0.06610252870084572  0.07287260381373135  0.07982661846636387
  0.08710748717367998  0.09469627002083086  0.10257818563369549  0.11067318221292867
  0.11890284603840734  0.12728333918858237  0.13589542424984138  0.14484011708608321
  0.15402044908839316  0.16335860637216176  0.17284393328685072  0.18242474354808852
  0.19191759827840948  0.20139394712048547  0.21108990578289349  0.22083440841740920
  0.23089399872927696  0.24101128958086962  0.25140365160784128  0.26208574923934541
  0.27267774852533810  0.28315091500105738  0.29367748279878564  0.30432655474306769
  0.31511323140110059  0.32608477912642353  0.33719793469218295  0.34856046914085198
  0.36018270818119047  0.37198461051229625  0.38382495746065348  0.39567081232213969
  0.40764535084854436  0.41984682682981317  0.43217646405897986  0.44455244305572783
  0.45723839036790759  0.46998340056718296  0.48278660054344436  0.49588608675185730
  0.50920227371783711  0.52238915458753499  0.53579119108283113  0.54939484765671154
  0.56285197242145868  0.57621955773434452  0.58956721462904949  0.60286027660913344
  0.61596276811660144  0.62900532905782491  0.64195286362952342  0.65473349055184460
  0.66757732155866156  0.68060049836043490  0.69381614779397982  0.70721518014140450
  0.72057712593914713  0.73384568040046250  0.74706630283777486  0.76054310181804807
  0.77431165493700627  0.78807616404402969  0.80196956171581302  0.81528799293012777
  0.82931876491091350  0.84426234273517553  0.85974971291369506  0.87487481463488370
  0.88991959420263134  0.90516165636974533  0.92064511088335133  0.93636916381238089
  0.95242794032443145  0.96833617088371560  0.98415679898461550  1.00000000000000000
 -0.00256201647073463  0.01049029254712524  0.02134535289316456  0.03160273342721956
  0.04148073075000515  0.05168063667233433  0.06194681639281303  0.07191641761773256
  0.08164701000271010  0.09198138068550549  0.10256140823150574  0.11270592663028936
  0.12292994829897885  0.13386555722316298  0.14508582187720490  0.15616095995275961
  0.16696440124843823  0.17735060020741153  0.18771168402095620  0.19819842125317222
  0.20854925280124423  0.21878879312478142  0.22894311273198559  0.23948025731874475
  0.25020961509954798  0.26083637032631068  0.27143895804759727  0.28189982111597417
  0.29227072210281352  0.30247934593601838  0.31270403026122545  0.32279764978019049
  0.33269457813088127  0.34243470509035806  0.35236743266618520  0.36256483396162836
  0.37276737040757618  0.38296657440015613  0.39299362221118739  0.40316689346164003
  0.41367997517318444  0.42414224059307581  0.43453033747015418  0.44500371644023251
  0.45543305425247754  0.46569820562599151  0.47618965810938141  0.48726136670649944
  0.49887526084452222  0.51047159072678161  0.52184754268838274  0.53305164377785885
  0.54409389670250441  0.55498538274960252  0.56565964426074788  0.57594224777913450
  0.58592805439218010  0.59578212872630332  0.60577713404207645  0.61596974531770865
  0.62626860807628937  0.63662113269729015  0.64728092638964629  0.65837654229172227
  0.66961458959881903  0.68096766377564111  0.69248303860200855  0.70436434414274030
  0.71575325322771322  0.72664015163698303  0.73737079998137334  0.74790516196454049
  0.75839208981583528  0.76878850417565647  0.77922225269926793  0.78966196104661723
  0.80037569343904325  0.81146638826472139  0.82213080374299286  0.83288260864189090
  0.84353023432105512  0.85418891896307381  0.86477701292626052  0.87535861676795745
  0.88594327182361632  0.89658353516236655  0.90718403578999884  0.91774889317897890
  0.92811346603613210  0.93868924668113740  0.94963554809036044  0.96054685896964376
  0.97067443074687243  0.98048009328891017  0.99004018880907618  1.00000000000000000
 -0.00214134466625563  0.01149156578848090  0.02177185075476004  0.03119727339195388
  0.04003571278977640  0.04789721768155183  0.05548113510967755  0.06277759662878493
  0.06991706755022578  0.07692955199700163  0.08376694486034113  0.09040461974395855
  0.09695639709419918  0.10341368621293030  0.10979725997013104  0.11613700308868757
  0.12245509608295860  0.12879158008882116  0.13509833443057398  0.14130886938123638
  0.14759064885058837  0.15399656530119152  0.16044291513663816  0.16685470148925677
  0.17319792477246690  0.17961364592283904  0.18604714144121978  0.19241257791859581
  0.19876693449472010  0.20514899653560434  0.21150344259388054  0.21778446493849749
  0.22396312091465476  0.23021633495160657  0.23665910153032155  0.24325296131805879
  0.24983996381003415  0.25597070657486137  0.26203499753550052  0.26823655563087995
  0.27468420888634554  0.28134183069282381  0.28799569794624996  0.29455157870670090
  0.30107612433688874  0.30764281056916515  0.31439204402707849  0.32129813432086674
  0.32821757326602113  0.33520030849610832  0.34212487923142471  0.34908393399068055
  0.35608282778660200  0.36331035112121640  0.37064441613803040  0.37802553051083682
  0.38549819899131382  0.39286316252473691  0.40042688871419579  0.40809685510834309
  0.41598043864826079  0.42376737441293183  0.43158637786977377  0.43953882505602337
  0.44759502361304460  0.45574625617109998  0.46433672147671678  0.47317305417221256
  0.48219853832408194  0.49144987012531394  0.50097285855706064  0.51064054144355131
  0.52027873336585406  0.53000634769863053  0.53986518887013579  0.54992606097772101
  0.56009245339334135  0.57091065190182999  0.58225962692963962  0.59381407044561652
  0.60551941556421840  0.61790243454480354  0.63051371220746810  0.64418221399345255
  0.65845184794656941  0.67370570495156834  0.68992301523431687  0.70720893627637904
  0.72602947525525019  0.74638768803266198  0.76909152586942775  0.79446215994721214
  0.82328901709102298  0.85698672017596300  0.90405897692915438  1.00000000000000000
 -0.01995087251640434  0.12379528479098814  0.16833574010542671  0.19725297925615051
  0.22081604002635660  0.24083155130920039  0.25848846661164865  0.27512902691215724
  0.29095044417456439  0.30560799692911089  0.31934938402257829  0.33298920238470786
  0.34682321257902082  0.35999182426518672  0.37212089276008048  0.38368333179637787
  0.39492097395643316  0.40528433324378932  0.41513890775888401  0.42469721539134553
  0.43398590796929093  0.44294322967197453  0.45179331833542824  0.46058853234928171
  0.46946898282936178  0.47827012000999963  0.48675713000865550  0.49515248741232559
  0.50321924113551364  0.51114145203001959  0.51890453341244047  0.52636713735607665
  0.53361203766749699  0.54072269132734885  0.54768790560879821  0.55452726934412633
  0.56127375243642086  0.56788383703857948  0.57429734139663446  0.58061487554887548
  0.58689335170565515  0.59308681703476340  0.59923089995091250  0.60532196986952802
  0.61129446559332512  0.61741865578442556  0.62369871201577987  0.62990817681025768
  0.63596467553746250  0.64184903556195916  0.64763531520365758  0.65334104356674738
  0.65892267531002557  0.66443513305538848  0.66991158444495791  0.67529080551241827
  0.68077531920806245  0.68623850650671436  0.69147765187901977  0.69661098258121268
  0.70178115839166355  0.70697472401909545  0.71215240111459976  0.71740284221357675
  0.72263204142484139  0.72780124607763108  0.73295346054276578  0.73812772652461756
  0.74329089657565384  0.74841148981408423  0.75365133342149881  0.75903585664005535
  0.76435325454329328  0.76975954500237620  0.77523850642039305  0.78075375924412205
  0.78635072468341571  0.79190351459322861  0.79769684656045858  0.80358867491027797
  0.80959340161475313  0.81573229258397906  0.82200666151582880  0.82845595795387628
  0.83517806824276442  0.84226197152510229  0.84954406717420583  0.85720916529151170
  0.86543601953335181  0.87405661671390755  0.88388039623103853  0.89471212323509897
  0.90714658973786311  0.92226425811609158  0.94546758297568356  1.00000000000000000
   9.9795622865370226E-008  -1.0000000000000000     
 F T T F F T T F
  <DiscreteSampler_grid>
  grouped_processes
  1 # 1 for a reference and 2 for a running grid.
  10 # Attribute 'min_bin_probing_points' of the grid.
  1 # Attribute 'grid_mode' of the grid. 1=='default',2=='initialization'
  0.0000000000000000 # Attribute 'small_contrib_threshold' of the grid.
  0.5000000000000000 # Attribute 'damping_power' of the grid.
 # binID   n_entries weight   weight_sqr   abs_weight
    31   10   3.789786974740588E+004   1.721318533497090E+009   3.789786974740588E+004
    32   10   3.789786974740588E+004   1.721318533497090E+009   3.789786974740588E+004
    34   10   3.789786974740589E+000   1.721318533497091E+001   3.789786974740589E+000
    35   10   3.789786974740589E+000   1.721318533497091E+001   3.789786974740589E+000
    37   10   3.789786974740589E+000   1.721318533497091E+001   3.789786974740589E+000
    38   10   3.789786974740589E+000   1.721318533497091E+001   3.789786974740589E+000
    40   10   3.789786974740588E+004   1.721318533497090E+009   3.789786974740588E+004
    41   10   3.789786974740588E+004   1.721318533497090E+009   3.789786974740588E+004
    43   10   3.789786974740588E+004   1.721318533497090E+009   3.789786974740588E+004
    44   10   3.789786974740588E+004   1.721318533497090E+009   3.789786974740588E+004
    46   10   3.789786974740589E+000   1.721318533497091E+001   3.789786974740589E+000
    47   10   3.789786974740589E+000   1.721318533497091E+001   3.789786974740589E+000
    49   10   3.789786974740589E+000   1.721318533497091E+001   3.789786974740589E+000
    50   10   3.789786974740589E+000   1.721318533497091E+001   3.789786974740589E+000
    52   10   3.789786974740588E+004   1.721318533497090E+009   3.789786974740588E+004
    53   10   3.789786974740588E+004   1.721318533497090E+009   3.789786974740588E+004
  </DiscreteSampler_grid>
