 -0.00244591165971343  0.00969608289215596  0.01974757645504154  0.03037564974121276
  0.04081186277795303  0.05113810223403408  0.06150099601452974  0.07179482078866123
  0.08213794923423018  0.09255935947332779  0.10305121386705828  0.11364435137126186
  0.12414604383854433  0.13472268018299857  0.14519593905788311  0.15593497918184748
  0.16651103619057028  0.17714209399225367  0.18764729704114536  0.19814686801566617
  0.20879899156528478  0.21913261576992110  0.22944860540116233  0.23986702650697317
  0.25024198014936533  0.26084141114695941  0.27130252883228223  0.28181504753690390
  0.29223285347445788  0.30267818621746317  0.31325583582535521  0.32385131485019580
  0.33445206489692253  0.34519897179374348  0.35591359321590238  0.36655657840620304
  0.37713962357454173  0.38763063562758182  0.39819494607153350  0.40856070242399584
  0.41897968839549055  0.42916085243046692  0.43945413371350106  0.44988445835925539
  0.46038113447195173  0.47112199450368347  0.48190482173831256  0.49278007231841975
  0.50350951377740438  0.51423399439282247  0.52492427766497429  0.53564023613345457
  0.54625712094360035  0.55683983524830605  0.56734903738608211  0.57792551960957561
  0.58854854663308087  0.59922500223526609  0.60990229925954054  0.62049696242247043
  0.63097640430547708  0.64142731235771000  0.65194332465779425  0.66242701444064478
  0.67294118410695580  0.68353100454978244  0.69424659613626116  0.70487774165989892
  0.71546966257690781  0.72592073598025586  0.73631425381566828  0.74666640822953023
  0.75708602961540283  0.76756493402430204  0.77795214558314452  0.78823656267481468
  0.79865725860836945  0.80925688767955994  0.81981686705490686  0.83032351898226475
  0.84074878580643941  0.85132518502796306  0.86172389190466536  0.87211197196442902
  0.88262237418786615  0.89321026540219228  0.90369317359954038  0.91417635505715300
  0.92485375856255547  0.93575525211979171  0.94653566369235298  0.95727333035489970
  0.96794294342144072  0.97861815427275156  0.98928045447716906  1.00000000000000000
 -0.00253385351292292  0.00959334671897218  0.01994831176478338  0.03048640457206499
  0.04112039938826603  0.05175069817736867  0.06235823656316044  0.07312290372884922
  0.08385449980756760  0.09481956275884558  0.10574430906194630  0.11656228416402024
  0.12725221196217637  0.13789915529505509  0.14847031036677757  0.15897046348980659
  0.16943346326469441  0.17990219895450102  0.19030842215338997  0.20057583562155934
  0.21092474910090150  0.22139020164392587  0.23193544235323441  0.24248402588163087
  0.25301163415180433  0.26356182501550829  0.27421641567896143  0.28489642543209270
  0.29570743268300809  0.30635837096188279  0.31696561871793549  0.32738529851820314
  0.33788786363463263  0.34839768973009555  0.35896083098532511  0.36943451703371627
  0.38005209162265668  0.39067645396191197  0.40113186512323512  0.41145804264619418
  0.42187731151424018  0.43238830737714556  0.44286384164072001  0.45320400400842070
  0.46358029287557767  0.47403100116257468  0.48445915063021211  0.49485491034782236
  0.50523213148050106  0.51561974596988924  0.52597512157645576  0.53618795542845543
  0.54653679985402015  0.55706252253529487  0.56782544812170765  0.57867841307836176
  0.58952804000608960  0.60043451279914306  0.61116239877762735  0.62173176361023308
  0.63216367826877584  0.64258199442563102  0.65311380734166347  0.66354089899491653
  0.67404509987853656  0.68458325656955532  0.69511448857552627  0.70562668410275853
  0.71608384018581772  0.72650381789905771  0.73701956225400711  0.74758019087072958
  0.75819301707911224  0.76877595101487195  0.77933171416505853  0.78993429570498164
  0.80052315317834566  0.81102300148622375  0.82164979825476547  0.83215770913492493
  0.84277113890467992  0.85338708967014887  0.86393207433886599  0.87450466403117655
  0.88485689186460326  0.89527336369723221  0.90561425508898463  0.91597868665942994
  0.92644654239314206  0.93676626992029277  0.94726908455875969  0.95789096667737039
  0.96858503926332817  0.97916966548298257  0.98956612131262367  1.00000000000000000
  0.00198853834502055  0.01114389622005949  0.02201851132520490  0.03251251385815896
  0.04307654698730098  0.05353180656368356  0.06400779457562061  0.07434413077478486
  0.08476034625206121  0.09525348430748046  0.10587871759358672  0.11671626239022496
  0.12756198603625632  0.13852158016133806  0.14945626153935060  0.16033192190556267
  0.17120089926120099  0.18166236531011687  0.19203867451867912  0.20219003730353297
  0.21253974753558805  0.22294318067065219  0.23341950729579444  0.24394672691516392
  0.25444117700427615  0.26487299704266548  0.27534910635089960  0.28588336647309864
  0.29641112957832577  0.30674181575180176  0.31701183909579034  0.32739177107699424
  0.33783863829277244  0.34819388872553630  0.35839704660253607  0.36865658943217794
  0.37903652521248793  0.38953139499177825  0.40007486174228124  0.41079805725538993
  0.42140257965530326  0.43191141229432850  0.44237931153647647  0.45304396869525670
  0.46372668920218207  0.47442829900239619  0.48516961879928611  0.49600870502327066
  0.50649074425529583  0.51692470096154108  0.52723052712247953  0.53746506900897695
  0.54765702163841501  0.55774768624365012  0.56803085655560881  0.57829072777825430
  0.58857538658177699  0.59876199898902605  0.60910148738409897  0.61941527690485532
  0.62963562717145638  0.63975105080654071  0.64996519197408775  0.66047583807721322
  0.67090153045291812  0.68144926640574455  0.69196771655682077  0.70256627057412235
  0.71311360083766018  0.72362951213394666  0.73416403411188158  0.74475493305675922
  0.75545767034446065  0.76619148142079607  0.77695902039570408  0.78763910646058011
  0.79826976952001216  0.80884980659020023  0.81939055104160585  0.82990915482475425
  0.84054797721011365  0.85113420136821538  0.86161747239628228  0.87186329327066925
  0.88239301034397444  0.89298682068871227  0.90340584239085497  0.91367561650755857
  0.92409508643923077  0.93471251230768682  0.94527263343425338  0.95585820200448246
  0.96661502689383705  0.97736892552430477  0.98856289551525123  1.00000000000000000
 -0.01971853779862258  0.12301048024962302  0.16811220721404102  0.19720997372431850
  0.22113140106498222  0.24154329743755507  0.25966990341808205  0.27619520720864765
  0.29157000815805861  0.30597233553652237  0.31951734553617561  0.33236974929586738
  0.34460467568125763  0.35635702429498634  0.36762740669592536  0.37852908229850896
  0.38904321751147225  0.39928321327018163  0.40920088394077880  0.41889511182152356
  0.42829273967408121  0.43751442209101377  0.44648879302731775  0.45528242332154883
  0.46388799970706940  0.47232423561417886  0.48066093538211296  0.48875959324525936
  0.49677018480207541  0.50459492542596540  0.51227161132375043  0.51987468964982142
  0.52729749532579595  0.53463958676406020  0.54187408921316071  0.54899775418083641
  0.55604356638578811  0.56299518683907968  0.56982360846320845  0.57657174119713406
  0.58324447923917033  0.58981314213483582  0.59630858385933116  0.60274534963143944
  0.60908909876284922  0.61536588544346804  0.62158836203777135  0.62773300311254876
  0.63379496601676122  0.63980772338145975  0.64579626393238398  0.65165687212103152
  0.65748353207701982  0.66327429704753516  0.66900438522360051  0.67467700166512268
  0.68031916451085594  0.68593609632908581  0.69150657610638777  0.69702783254779432
  0.70252422808550308  0.70799120757954814  0.71344218670291171  0.71887256887491779
  0.72429937608824058  0.72972017160701463  0.73511789375470626  0.74049919981894297
  0.74587165734441274  0.75124519770565612  0.75663534690237300  0.76204723574316968
  0.76747671328109690  0.77292679131220743  0.77843489858409765  0.78395687353267718
  0.78952186547634751  0.79515860039513497  0.80088037923581734  0.80667097693560286
  0.81256073955441244  0.81859659951294483  0.82475844526527631  0.83104235087190093
  0.83757023999255575  0.84434126343870852  0.85133438042384069  0.85872012046525137
  0.86661137619046680  0.87491990079581372  0.88416990477219037  0.89443833658268690
  0.90661932884812502  0.92207538172093528  0.94564287096379029  1.00000000000000000
   6.2849214501262329E-003  -1.0000000000000000     
 F T T F F T T F
  <DiscreteSampler_grid>
  grouped_processes
  1 # 1 for a reference and 2 for a running grid.
  10 # Attribute 'min_bin_probing_points' of the grid.
  1 # Attribute 'grid_mode' of the grid. 1=='default',2=='initialization'
  0.0000000000000000 # Attribute 'small_contrib_threshold' of the grid.
  0.5000000000000000 # Attribute 'damping_power' of the grid.
 # binID   n_entries weight   weight_sqr   abs_weight
    31   10   6.634812531767324E+010   7.659653392112527E+021   6.634812531767324E+010
    32   10   6.634812531767324E+010   7.659653392112527E+021   6.634812531767324E+010
    34   10   6.634812531767323E+006   7.659653392112525E+013   6.634812531767323E+006
    35   10   6.634812531767323E+006   7.659653392112525E+013   6.634812531767323E+006
    37   10   6.634812531767323E+006   7.659653392112525E+013   6.634812531767323E+006
    38   10   6.634812531767323E+006   7.659653392112525E+013   6.634812531767323E+006
    40   10   6.634812531767324E+010   7.659653392112527E+021   6.634812531767324E+010
    41   10   6.634812531767324E+010   7.659653392112527E+021   6.634812531767324E+010
    43   10   6.634812531767324E+010   7.659653392112527E+021   6.634812531767324E+010
    44   10   6.634812531767324E+010   7.659653392112527E+021   6.634812531767324E+010
    46   10   6.634812531767323E+006   7.659653392112525E+013   6.634812531767323E+006
    47   10   6.634812531767323E+006   7.659653392112525E+013   6.634812531767323E+006
    49   10   6.634812531767323E+006   7.659653392112525E+013   6.634812531767323E+006
    50   10   6.634812531767323E+006   7.659653392112525E+013   6.634812531767323E+006
    52   10   6.634812531767324E+010   7.659653392112527E+021   6.634812531767324E+010
    53   10   6.634812531767324E+010   7.659653392112527E+021   6.634812531767324E+010
  </DiscreteSampler_grid>
