 -0.00005442476414815  0.00059798244444747  0.00154585443322339  0.00299026458459979
  0.00490853935133320  0.00732638458271149  0.01018638454369782  0.01356551340989799
  0.01734455293205924  0.02142255214613378  0.02581913858193126  0.03060508715714135
  0.03575514392593684  0.04124095300987939  0.04717320904323954  0.05333542701770917
  0.05966974864045745  0.06623501115467878  0.07311037234497499  0.08034185533928227
  0.08793634505301769  0.09574422928786114  0.10379689833963614  0.11215044477961034
  0.12066301097251669  0.12939763871426138  0.13842897231926288  0.14762864359965150
  0.15692715501716012  0.16631474975266985  0.17563856824818214  0.18484272148160003
  0.19415690962279494  0.20357423221088378  0.21310129892480598  0.22289674528186929
  0.23293126972915248  0.24308121062197888  0.25346278948138068  0.26400678367397268
  0.27453458009584625  0.28523862507260467  0.29597788201027031  0.30686473525981545
  0.31806609832037330  0.32929652291543582  0.34098630103996697  0.35273703547042529
  0.36449149920790075  0.37644398173556282  0.38844220868366292  0.40031272908759075
  0.41222222264300012  0.42425643232239457  0.43641032762024901  0.44841741424572878
  0.46037920508369828  0.47233485017091703  0.48458164006418453  0.49690676114097654
  0.50919153171127107  0.52161358694349669  0.53420907511779703  0.54715112997646265
  0.55990186552754639  0.57268178500856892  0.58592693435873788  0.59935317583522152
  0.61252528017379348  0.62572601648206694  0.63896666122517753  0.65232050489600624
  0.66567602446445184  0.67896331770895557  0.69241213609708163  0.70683511552623579
  0.72089375915700826  0.73472622217458872  0.74858227110963305  0.76254242508971293
  0.77657909842726092  0.79082850668895144  0.80524677092862684  0.81974909731626289
  0.83421144263331737  0.84859999877686609  0.86327189390294234  0.87783446919916774
  0.89231871480673608  0.90701472457371901  0.92219956103325518  0.93767072334701806
  0.95320676646374214  0.96878650983761772  0.98439161371695705  1.00000000000000000
 -0.00208598594761902  0.00879995759353914  0.01754954956950255  0.02675710548623456
  0.03633486403845013  0.04618605097914738  0.05628030613287895  0.06628657325595458
  0.07673853127173066  0.08730713365443535  0.09801452140454546  0.10856550344505900
  0.11885492151398322  0.12942706423806527  0.14044316146010133  0.15133717733590740
  0.16170722348329186  0.17162988850781563  0.18150483403208903  0.19159908013481766
  0.20187951440658655  0.21224138470919607  0.22269636951541155  0.23328047830262458
  0.24390076866328964  0.25450771167091923  0.26507209955317312  0.27570368585529159
  0.28596972058251785  0.29648138728844886  0.30756871820512088  0.31820751505884393
  0.32832670302155476  0.33833922018176976  0.34883449332170169  0.35982804896102027
  0.37101541867578869  0.38257168355959437  0.39403779678519041  0.40510844730890089
  0.41569783108350072  0.42603732497816094  0.43646070788909286  0.44702978638961599
  0.45781678380348795  0.46890314345159012  0.47998405588611665  0.49032680213436042
  0.50077608672584439  0.51163368635778639  0.52261007147628591  0.53338751191441702
  0.54411466966063959  0.55488147534381527  0.56568626298452962  0.57620074631027485
  0.58701445705611432  0.59808506375060222  0.60894641392198434  0.62001276310325582
  0.63124939556729620  0.64274758253451059  0.65393501320474756  0.66505378491456102
  0.67507276260286775  0.68546999173348622  0.69614657951309522  0.70679393320091544
  0.71749278208290768  0.72788426223664793  0.73854194877074952  0.74895491938517122
  0.75955986279664034  0.76969710684167636  0.77963706584282244  0.78948641144032572
  0.80005389751285083  0.81085689768814173  0.82130335444451885  0.83165808028716792
  0.84217060912360375  0.85248906860347518  0.86300607623945114  0.87337894409332339
  0.88346495578250195  0.89341053241356294  0.90387813281060325  0.91451100051244316
  0.92532679764189640  0.93614045722758654  0.94735996643803744  0.95862361622832437
  0.96884778489100087  0.97933447719338196  0.98951404467586113  1.00000000000000000
 -0.00211925401319568  0.01102453643443362  0.02135463087135194  0.03052174333847494
  0.03900488062022641  0.04686390615989519  0.05417342920660322  0.06142257462046866
  0.06852406018051550  0.07546334796621135  0.08230526736390943  0.08906799354411465
  0.09572194892631962  0.10224378149112133  0.10862580035211562  0.11489352945063207
  0.12114728315433362  0.12754442830094892  0.13408611632074108  0.14065562711522683
  0.14704803007103431  0.15306929779089079  0.15901806594069751  0.16496246698146769
  0.17100154276192661  0.17725240024607847  0.18367233458641102  0.19008273499564624
  0.19632380098308033  0.20233858408324587  0.20825322830091592  0.21443438341562976
  0.22075020848362253  0.22719959321547106  0.23344150282398760  0.23963064001366829
  0.24588370177390012  0.25234491004548004  0.25901259819633626  0.26575895443550795
  0.27232036819647537  0.27875974136647308  0.28543452222745980  0.29214908994417138
  0.29892173273840145  0.30565038393062105  0.31237521761216919  0.31905399186732336
  0.32563493817162076  0.33223645265514506  0.33877808160268380  0.34546450520954503
  0.35229277493506178  0.35933023868586100  0.36652050383573337  0.37389275898803287
  0.38126698872506232  0.38876242351628787  0.39639466484732500  0.40429236941221675
  0.41232252092497756  0.42011862152945317  0.42779675750107027  0.43552316642442662
  0.44355737998785927  0.45185640807447774  0.46023349805624164  0.46897030945173751
  0.47809160207861207  0.48776854945484893  0.49769591692130821  0.50761081955866938
  0.51752893974280867  0.52774909656521296  0.53847252700500181  0.54971111822516727
  0.56130676406715252  0.57306572178885296  0.58502189434307361  0.59709186120137814
  0.60947369612472746  0.62218901549667427  0.63563460718288234  0.64994571528742340
  0.66523210159785806  0.68083926483822721  0.69702417776767522  0.71374318013407190
  0.73142778816784804  0.75107088317522630  0.77214278393469171  0.79591605783523689
  0.82326170277203403  0.85739152244066275  0.90456671659138954  1.00000000000000000
 -0.01988226330006914  0.12344007242352041  0.17052522507518458  0.19872175600124894
  0.22255712419488252  0.24365828128338879  0.26246316852041734  0.27968662781356313
  0.29535565286497933  0.30964782385530865  0.32266272116585176  0.33516280350899019
  0.34756398584113340  0.35907574824784028  0.36983629002502832  0.38019084673923109
  0.39043727786843041  0.40043142814541000  0.41030627988613799  0.41994286864790531
  0.42977604898776606  0.43919140336326107  0.44799193479534882  0.45663205644624366
  0.46510555396574821  0.47351595600082236  0.48172724922799526  0.48977841851805537
  0.49766001517791353  0.50550823473082274  0.51342675701251861  0.52108986503347177
  0.52841297713540192  0.53559295109921312  0.54271358468259912  0.54968632905203529
  0.55661421032992642  0.56340513276820670  0.56983628236974637  0.57611537393706647
  0.58231571248934877  0.58852953687204823  0.59469942915842067  0.60080343291877780
  0.60683250945340050  0.61278422894367512  0.61868466454940763  0.62456092368939897
  0.63055401629583063  0.63669010671599546  0.64269849862651185  0.64854665046198146
  0.65424566112220084  0.65984859953276609  0.66548736521543039  0.67109690859947424
  0.67672388271584660  0.68234240159881598  0.68786851513798097  0.69328507581790688
  0.69865179872636196  0.70401329974809479  0.70938703562834238  0.71480797184972822
  0.72027538347905107  0.72583371157398346  0.73133876193761249  0.73682078344282875
  0.74230959169197019  0.74791958615811893  0.75374331020818242  0.75972463065275286
  0.76566505199853496  0.77145339226280085  0.77690490686385749  0.78239474416014043
  0.78786489352646250  0.79356044440623374  0.79942703727714670  0.80540864130181300
  0.81141036636488051  0.81746057192598975  0.82365716221596497  0.83003746240240206
  0.83663569988773412  0.84340604634720107  0.85035914021552383  0.85751957035017656
  0.86516913937037720  0.87335243373951488  0.88256195366236390  0.89316137723728295
  0.90557786585464362  0.92162773763208994  0.94536642669666127  1.00000000000000000
   9.9822308290293925E-008  -1.0000000000000000     
 F T T F F T T F
  <DiscreteSampler_grid>
  grouped_processes
  1 # 1 for a reference and 2 for a running grid.
  10 # Attribute 'min_bin_probing_points' of the grid.
  1 # Attribute 'grid_mode' of the grid. 1=='default',2=='initialization'
  0.0000000000000000 # Attribute 'small_contrib_threshold' of the grid.
  0.5000000000000000 # Attribute 'damping_power' of the grid.
 # binID   n_entries weight   weight_sqr   abs_weight
    31   10   2.570085835168426E+004   1.046096211148592E+009   2.570085835168426E+004
    32   10   2.570085835168426E+004   1.046096211148592E+009   2.570085835168426E+004
    34   10   2.570085835168427E+000   1.046096211148592E+001   2.570085835168427E+000
    35   10   2.570085835168427E+000   1.046096211148592E+001   2.570085835168427E+000
    37   10   2.570085835168427E+000   1.046096211148592E+001   2.570085835168427E+000
    38   10   2.570085835168427E+000   1.046096211148592E+001   2.570085835168427E+000
    40   10   2.570085835168426E+004   1.046096211148592E+009   2.570085835168426E+004
    41   10   2.570085835168426E+004   1.046096211148592E+009   2.570085835168426E+004
    43   10   2.570085835168426E+004   1.046096211148592E+009   2.570085835168426E+004
    44   10   2.570085835168426E+004   1.046096211148592E+009   2.570085835168426E+004
    46   10   2.570085835168427E+000   1.046096211148592E+001   2.570085835168427E+000
    47   10   2.570085835168427E+000   1.046096211148592E+001   2.570085835168427E+000
    49   10   2.570085835168427E+000   1.046096211148592E+001   2.570085835168427E+000
    50   10   2.570085835168427E+000   1.046096211148592E+001   2.570085835168427E+000
    52   10   2.570085835168426E+004   1.046096211148592E+009   2.570085835168426E+004
    53   10   2.570085835168426E+004   1.046096211148592E+009   2.570085835168426E+004
  </DiscreteSampler_grid>
