  0.00188155619072132  0.01225811738008518  0.02381381818660573  0.03455112263173078
  0.04510850825561546  0.05532603269332054  0.06543946412590244  0.07536987832769171
  0.08549064381115103  0.09542899532456638  0.10545697558505202  0.11545563943961505
  0.12544584806652942  0.13562274010064795  0.14568193091439893  0.15599862693988795
  0.16619255147433007  0.17657092078567349  0.18686034498048271  0.19707405467187727
  0.20716358811568542  0.21717304461048997  0.22711373552289738  0.23701585963377425
  0.24691367999841313  0.25689702512752022  0.26691646475555447  0.27703465874312588
  0.28725060071090092  0.29735564738251763  0.30739586314015122  0.31739539394687910
  0.32747281897046238  0.33761605875135536  0.34780030852093313  0.35804256055257605
  0.36838334856971183  0.37876484733005289  0.38919621787728031  0.39945355091877205
  0.40955316438752226  0.41959611943863651  0.42963395546325439  0.43973702648751251
  0.44970758579220504  0.45976531675800258  0.46997097243923219  0.48027846567964211
  0.49060765901263609  0.50080127251377071  0.51097318000750847  0.52114590392401638
  0.53123981704062340  0.54125345862042229  0.55120120093719605  0.56121229080034374
  0.57119986861896133  0.58121111085199273  0.59120194456636599  0.60128933086298508
  0.61146127394832983  0.62172938493817065  0.63207443747428893  0.64243070436442584
  0.65281811492155706  0.66326632501613081  0.67381721663152738  0.68442229556626510
  0.69499245206272531  0.70547849314688937  0.71581613146398271  0.72606598487914309
  0.73628775105082789  0.74646249698841372  0.75668585604389105  0.76702108833624616
  0.77740322209029200  0.78773991347922567  0.79794059088780067  0.80808428306982871
  0.81825461270269750  0.82842576559873193  0.83868212028346212  0.84897558713230947
  0.85936130751473705  0.86988588293680846  0.88044384709221812  0.89096454628468336
  0.90154132221435879  0.91217726145047884  0.92297757697156602  0.93388560217540295
  0.94534828987983854  0.95773784526868289  0.97436987541452480  1.00000000000000000
  0.00152708953301557  0.01430313153469850  0.02725473085644794  0.03873180830104121
  0.04974538588559013  0.06044447779024782  0.07104891476744156  0.08146243013894444
  0.09180079674910278  0.10214706341643148  0.11253872342761831  0.12300375660095136
  0.13348007344717125  0.14383161543450296  0.15412330464960541  0.16443443474761427
  0.17489473715979101  0.18548680441645238  0.19614915306558597  0.20694223619589569
  0.21771225037529374  0.22840412553381503  0.23895711225912961  0.24938297299127285
  0.25969266957999604  0.27002472492382618  0.28040156485070206  0.29078796323073108
  0.30103246998909566  0.31126957364401053  0.32160760234719404  0.33201534687353901
  0.34248058050472324  0.35296835145708305  0.36354973341507424  0.37416042589923904
  0.38479160102869342  0.39542723988874917  0.40601108430407146  0.41653922430304385
  0.42697622419321851  0.43732219150054003  0.44760005138882186  0.45784623549387382
  0.46802447879739767  0.47818089550722437  0.48834232461784799  0.49852809074273030
  0.50868152144149470  0.51882022274187789  0.52905303672092940  0.53933414792904877
  0.54959569629189231  0.55988283865962740  0.57022896823521507  0.58055439171181289
  0.59083872584263553  0.60119986367046330  0.61169165322231278  0.62215608997164307
  0.63245133599817016  0.64266289171277569  0.65292763705730983  0.66321613480987374
  0.67347491913032109  0.68365286148336546  0.69391257996890510  0.70428487952093066
  0.71468312204506124  0.72506544415286833  0.73537267871783063  0.74563480651741421
  0.75584872746285037  0.76612267957024982  0.77653840887651637  0.78704746658010782
  0.79752879173271096  0.80802580858978423  0.81842974830164950  0.82881393698959460
  0.83900795409200157  0.84920611100037757  0.85949170398463237  0.86984019724883133
  0.88022640350365267  0.89056861634675133  0.90109623833875629  0.91179566258120093
  0.92255492531163297  0.93339462678215468  0.94447179043620066  0.95600149558966030
  0.96810537291907961  0.98182718469635610  0.98755321124039452  1.00000000000000000
 -0.00244483885210344  0.00946949238687718  0.01981212534939139  0.03033532375489027
  0.04098597498762061  0.05165393013851264  0.06234380115245810  0.07276695968413760
  0.08312519329946962  0.09375343724453007  0.10436487433558600  0.11489753543483776
  0.12550389577213936  0.13613643865503641  0.14666783394877211  0.15682180386045633
  0.16701397106661781  0.17725996366121796  0.18752774615385709  0.19796913930798063
  0.20838776526455122  0.21898863617397210  0.22954545459533221  0.24021268481058722
  0.25062232978488724  0.26091084750521865  0.27112902966453079  0.28166567334132431
  0.29232244324544160  0.30314392555575775  0.31381973549680559  0.32440732000934053
  0.33495709793031875  0.34567328806362496  0.35631139632642900  0.36698823372228440
  0.37767048180701357  0.38852144082937878  0.39922654510190209  0.40990967876129125
  0.42062108213140670  0.43143042584886698  0.44210032941968586  0.45276160440020002
  0.46333846324073658  0.47393256774772297  0.48431019168200340  0.49461356106646698
  0.50493608441684268  0.51534454117648076  0.52570151105318275  0.53601785391334966
  0.54626621247369833  0.55673495265924511  0.56728053428806802  0.57788699119358600
  0.58844056319496307  0.59900876094583222  0.60964997020191802  0.62026617408739504
  0.63079685701870269  0.64130885847786867  0.65197000303883246  0.66266875957456384
  0.67335742390208653  0.68391348008261088  0.69441427862628446  0.70509206473262565
  0.71573300983012333  0.72645652899073876  0.73677004204005214  0.74712483222204784
  0.75744833891864727  0.76801740349496350  0.77854878367141378  0.78915004235239661
  0.79969298476131945  0.81024955595038239  0.82080867854097306  0.83124471481036799
  0.84154039039818884  0.85178792276920579  0.86217071055076600  0.87272738892737423
  0.88332329144553012  0.89390695608378667  0.90435128343444304  0.91479783902867462
  0.92528140846321438  0.93578790987094140  0.94636331043369937  0.95697042391834120
  0.96771434060660544  0.97845990834657437  0.98926032373253303  1.00000000000000000
 -0.00246605127170925  0.00923969818254808  0.01925795161739347  0.02975905794221196
  0.04025652436809842  0.05089211555543585  0.06148908931374097  0.07205784670775807
  0.08253039092841638  0.09317343111713183  0.10384887451211143  0.11447049481299913
  0.12500925632515414  0.13563410768233827  0.14635024218358714  0.15700639406853534
  0.16769183108722813  0.17832812455237884  0.18894778168809742  0.19951817443510303
  0.21010487830787417  0.22058906030494285  0.23102674301784695  0.24131837155793567
  0.25159971491604655  0.26207025394592509  0.27257152772107329  0.28330664443066472
  0.29392948820376841  0.30458440261069109  0.31513848153978330  0.32565364853387907
  0.33614071381975874  0.34651678619444531  0.35684225682620402  0.36715989120960296
  0.37744471879621538  0.38770290411025093  0.39799876479233298  0.40849837976000070
  0.41901065484809086  0.42941819556186517  0.43978616951875599  0.45022123245889761
  0.46070137782390919  0.47125404962998207  0.48192511214735423  0.49271503637915615
  0.50334198069393576  0.51373181442569471  0.52405261519968194  0.53439197972005170
  0.54471679248045368  0.55509400986854129  0.56560479811890108  0.57607782854803424
  0.58651367188797843  0.59687899104603659  0.60739646961861227  0.61777993657288888
  0.62807068054068349  0.63840390643415967  0.64879400227841599  0.65924848091549881
  0.66984454863304477  0.68062974511116003  0.69134963222145795  0.70183159175809595
  0.71228223732271068  0.72272601072897613  0.73326226682450624  0.74378794065107667
  0.75442702662575556  0.76529984203086865  0.77616435093622105  0.78706713545827356
  0.79782225867073142  0.80849479410114722  0.81909899450019186  0.82968611085945998
  0.84055557839839823  0.85131609942255293  0.86197715387151130  0.87258071448651120
  0.88346233159736232  0.89424470151056124  0.90492593920109243  0.91544689532751267
  0.92620130342628126  0.93691367738181053  0.94737672996680833  0.95787005135725256
  0.96835566838373532  0.97902170814267153  0.98951217849993034  1.00000000000000000
 -0.00251040075555857  0.00986230172725426  0.02013949840392275  0.03084107714888065
  0.04126633407725883  0.05169967138498554  0.06213119886345648  0.07280729262169595
  0.08337372678191804  0.09408738453726032  0.10475252711207124  0.11531495184292921
  0.12592404665766813  0.13655476356569915  0.14721847821172523  0.15768113366420317
  0.16821959536539408  0.17883031880273090  0.18947663705604137  0.20004356469430998
  0.21053188895689201  0.22097442650376040  0.23142003875367029  0.24190857092709758
  0.25257371378415816  0.26320190030074264  0.27389830284729705  0.28460320014765661
  0.29520006954744182  0.30580461661830799  0.31656065308255499  0.32742456597898151
  0.33810781457103989  0.34873447448722567  0.35936347619646164  0.36987772541615810
  0.38020703522235061  0.39058628247202309  0.40114596665803226  0.41166951708021504
  0.42219652370043104  0.43268495573648130  0.44310684790448068  0.45347441802943944
  0.46395427874389555  0.47451404566660121  0.48510816544077989  0.49565372902597538
  0.50621770355778806  0.51684234569809040  0.52735359798087700  0.53789783332165497
  0.54841580494874187  0.55900880412986043  0.56971024862717456  0.58044995725244697
  0.59117262657383718  0.60179267612633258  0.61232678094107873  0.62280257697911690
  0.63317307422245472  0.64361446576839032  0.65421989470116071  0.66482372809772639
  0.67526520787966826  0.68569705385447099  0.69627405017312449  0.70682464134951717
  0.71724917124700616  0.72772768292535039  0.73837087606630458  0.74902559220257370
  0.75936515070166666  0.76952873225490270  0.77972504020781164  0.79010925563606993
  0.80078802395125248  0.81143484432457902  0.82212528690206566  0.83281132941911007
  0.84346635225285727  0.85412336446314885  0.86450999481361390  0.87497261076449850
  0.88533151822077127  0.89584102852311609  0.90621444114158667  0.91665848273240769
  0.92711419421247987  0.93760640195771039  0.94807550204420876  0.95851330539713075
  0.96893644330903939  0.97935343849793188  0.98967712532011909  1.00000000000000000
 -0.00231842183519726  0.00877996776149434  0.01829205418876619  0.02848498389677693
  0.03880771998357337  0.04932505503511836  0.05980229133958103  0.07039398072304992
  0.08087043139226774  0.09140248359773644  0.10202728252866405  0.11266746585348081
  0.12327087270461107  0.13384323974913850  0.14443469424946259  0.15489808532395399
  0.16544966605497249  0.17611465741100835  0.18657224489238938  0.19689522190698683
  0.20703924529537784  0.21750777040714531  0.22800865103613946  0.23860042555423766
  0.24918166276359757  0.25970335562307528  0.27032469126274650  0.28077385569124819
  0.29132234634299736  0.30184831282652647  0.31234055176881387  0.32273361711803750
  0.33306862394150777  0.34357692542140239  0.35408568844689020  0.36470177559936323
  0.37527832008566586  0.38596930814035696  0.39671130514777636  0.40745800380866676
  0.41796190817687073  0.42856025619264826  0.43912847886760231  0.44966671852614670
  0.46008295272879418  0.47038461705288587  0.48088883321989262  0.49143238788357396
  0.50197672954521355  0.51265748730017180  0.52327226037454810  0.53391715973440668
  0.54449476998908342  0.55511797162723597  0.56572691017002907  0.57615721275715859
  0.58661394142974810  0.59719196736125602  0.60779764634130584  0.61823541223395273
  0.62870626394592743  0.63923751270632789  0.64973228983859577  0.66028225707033683
  0.67083521141783908  0.68151757633715593  0.69211173763244083  0.70267485213053893
  0.71314414849546093  0.72367460808935158  0.73422456751963294  0.74487534171960645
  0.75543008336670237  0.76605679194709975  0.77679363710257088  0.78754034439351772
  0.79826516014943460  0.80887742058917067  0.81959058697011977  0.83037973365730400
  0.84118437781471778  0.85192336951181680  0.86265391054680673  0.87357578540473513
  0.88435444636317795  0.89497179475136290  0.90535829962767456  0.91570549997000172
  0.92607668334043181  0.93637768906544716  0.94679688094206726  0.95733175708266272
  0.96791261450420585  0.97859454674777158  0.98915894419772599  1.00000000000000000
 -0.00264369619090570  0.01002953035232909  0.02077763373849268  0.03169076606791432
  0.04258953689459710  0.05320703956828057  0.06372060672497960  0.07450931199695499
  0.08530007815629098  0.09605678550136300  0.10671182851309600  0.11743891593304170
  0.12812043590400887  0.13868569290187688  0.14911404895143099  0.15945055544568559
  0.16979254841291563  0.18015366490111495  0.19064225816484556  0.20129092289497688
  0.21195261231538742  0.22257283606357231  0.23323746437961748  0.24396520894834320
  0.25461317351446011  0.26511692593722669  0.27551744631089098  0.28595932232844495
  0.29631632946610842  0.30673338987962218  0.31712236364772411  0.32743519889530237
  0.33759640756974219  0.34778804881185821  0.35828499214277482  0.36894281101616477
  0.37949095882182865  0.38998131275765630  0.40048801649763938  0.41110335131665710
  0.42159595809157202  0.43202872480549892  0.44248504294970148  0.45302573588781803
  0.46368138992087560  0.47430648527001346  0.48485492375873579  0.49550072988912125
  0.50607072598972080  0.51683074271574436  0.52740807454227534  0.53801664194585519
  0.54851640705639282  0.55908934474644234  0.56960166170014981  0.58006476288610942
  0.59048506837973014  0.60095345720085991  0.61147503548163740  0.62198464625721261
  0.63230879171025500  0.64252293738402921  0.65275198239139809  0.66324182996083236
  0.67381630120471114  0.68435690266737903  0.69487966893011677  0.70522715182359486
  0.71585494840045161  0.72655164434257347  0.73729259287931359  0.74793969791410309
  0.75844449173205852  0.76894940944213952  0.77940222623716771  0.78977251983257646
  0.80005048126438694  0.81029213387267884  0.82076708725089065  0.83138195442429830
  0.84187623760630137  0.85229576759212478  0.86282905746383787  0.87336355549709788
  0.88383259022981597  0.89415101106443551  0.90446418800064587  0.91493332902216729
  0.92569926119923718  0.93660304757020574  0.94734773081353374  0.95818733014491719
  0.96877585099064456  0.97947975365875284  0.98971769721671421  1.00000000000000000
 -0.00251080950389790  0.00969182358056370  0.01991756069000096  0.03051052814250106
  0.04111992750388808  0.05168414007787885  0.06221387129708579  0.07274988944388910
  0.08317889911376589  0.09356160156404392  0.10393377666196829  0.11457190327244124
  0.12511920876937194  0.13564882540746240  0.14617268407937645  0.15668031027430535
  0.16712705378459414  0.17748795425547415  0.18798186797438143  0.19836225438755817
  0.20891007929820546  0.21939231370873208  0.23008714307966721  0.24054436935995813
  0.25101823488862918  0.26134597680240290  0.27167438287696921  0.28195310592802880
  0.29227239748197420  0.30262788972562582  0.31300265089468332  0.32333447346641619
  0.33370039772381882  0.34401990454180043  0.35444247131876583  0.36514684546176596
  0.37587428935295081  0.38659444465786696  0.39728892801326510  0.40791125583357474
  0.41857329507432733  0.42917326324546240  0.43984220824434184  0.45047631505092434
  0.46094720610544621  0.47152204751103949  0.48202772989267967  0.49260197370470526
  0.50306372891150730  0.51344923538517151  0.52384922362253383  0.53434809643804904
  0.54481229991062297  0.55536480255983334  0.56597115450934432  0.57654947216228880
  0.58707169374401047  0.59768735586964006  0.60825104814565856  0.61887463611431726
  0.62952907392641622  0.64039381032809384  0.65128794887803509  0.66225862039427563
  0.67314809168318868  0.68407271380425738  0.69458569346687515  0.70500308616362706
  0.71532527334897100  0.72574744159373361  0.73638216178121507  0.74695164224781097
  0.75758845797077257  0.76840718000470121  0.77924658908059363  0.79009087332091521
  0.80065586585587223  0.81123965076466575  0.82181917660785475  0.83230620031375113
  0.84276315439085148  0.85322348628343236  0.86359301050718296  0.87401511576136204
  0.88449147691169527  0.89496921604935009  0.90549996133470512  0.91590704791190769
  0.92637374642374115  0.93673312890096949  0.94715195804021057  0.95756308761547249
  0.96805553308256809  0.97847236704955198  0.98921682254920185  1.00000000000000000
 -0.00142334945552815  0.01367069153767357  0.02615279260096351  0.03720521258795791
  0.04807514495543461  0.05881938329002059  0.06952605695053823  0.08022719039667109
  0.09087078637993903  0.10151898172047578  0.11208972057850061  0.12265726893567623
  0.13317971034943440  0.14371117612918008  0.15446853641693353  0.16518926098254444
  0.17599326209055505  0.18668430907000091  0.19751824787176164  0.20829083897910763
  0.21885018419173152  0.22928251724065446  0.23977017479509188  0.25022397100895227
  0.26062875173289984  0.27114759706862407  0.28198093112228345  0.29271453057185437
  0.30315066904229437  0.31355359999900317  0.32402229565914431  0.33446532430844905
  0.34491520246571306  0.35544431563837103  0.36607176635739741  0.37680610961417887
  0.38741674818131239  0.39814863791241711  0.40881127512069393  0.41943189807764486
  0.42992892566451313  0.44028965022207317  0.45088459774944234  0.46138972689805208
  0.47185681124099432  0.48232440756868239  0.49298715827170525  0.50362471579702395
  0.51410959325650607  0.52457260976166409  0.53503464552418989  0.54562711877109715
  0.55616954042767452  0.56669849162078312  0.57711573263157656  0.58743054814976281
  0.59776643894884951  0.60802176952130416  0.61844047783143818  0.62882288275379294
  0.63914399819494649  0.64927938962551623  0.65944552121827715  0.66970062196221447
  0.68016320880192549  0.69073096315559246  0.70133336107711719  0.71185453691254064
  0.72221350787880267  0.73256434271578019  0.74288448565946741  0.75326478398627184
  0.76354213180943897  0.77378984339194190  0.78410728862758727  0.79458909280016277
  0.80498177354609357  0.81534207357318955  0.82577744384870733  0.83628448045091208
  0.84664056760015205  0.85686254180088439  0.86706389964618535  0.87730568612954329
  0.88747675286848182  0.89765763281194044  0.90786157901652675  0.91811488203123837
  0.92832752321233492  0.93859644476822846  0.94871445928093812  0.95881876015725276
  0.96876795787502701  0.97893015137421158  0.98931365465512977  1.00000000000000000
 -0.01972276355622129  0.12225793325382622  0.16725815405827005  0.19637535130393458
  0.22041636764332984  0.24098970760601893  0.25926167378799470  0.27579413342500292
  0.29110841596163251  0.30542088918346821  0.31893738225551077  0.33182214295072909
  0.34409676343037859  0.35592851628037941  0.36734390269772832  0.37838187007749330
  0.38896667887890585  0.39922027106573449  0.40915587498623329  0.41886059132945275
  0.42824833400730061  0.43743128045235430  0.44639891106661311  0.45524881768797210
  0.46392223802449672  0.47239208160355850  0.48070393536026973  0.48876292872439714
  0.49673429714621126  0.50454857420574228  0.51225283142485845  0.51989105047485018
  0.52733860049512571  0.53470999107076678  0.54196823220563473  0.54910833956647465
  0.55616095342453287  0.56310573938758934  0.56992501278636754  0.57666737519284506
  0.58334841129218040  0.58993889684376233  0.59645599576039587  0.60290774176783035
  0.60925051638305194  0.61552587407032988  0.62172888479594735  0.62784117493133751
  0.63386792881591558  0.63986209370040947  0.64582029526368745  0.65166554483045946
  0.65748172030657492  0.66325749662084610  0.66897942030341573  0.67465812548678195
  0.68031059873933986  0.68593448530120849  0.69150745773371680  0.69702418263828381
  0.70252520741873337  0.70801679524297612  0.71346038465076200  0.71890043922624103
  0.72433294079409971  0.72973739096387769  0.73511934130728496  0.74050036090523264
  0.74589047321780322  0.75129301266154080  0.75670450079166252  0.76211180177595206
  0.76753304944632661  0.77296720074448555  0.77844740348883212  0.78396197060618078
  0.78955210674047949  0.79520975538047600  0.80093068894615116  0.80669107554565600
  0.81253273402901938  0.81855393825037370  0.82473640365268153  0.83102283878902061
  0.83757219518689996  0.84432698309287235  0.85130616405321602  0.85871113692404044
  0.86662431869141821  0.87502485333376345  0.88438182886768069  0.89479323729341931
  0.90695874442869140  0.92230003119642856  0.94584846153027746  1.00000000000000000
   1.1474516563817590E-005  -1.0000000000000000     
 F F F F F F F F F F F F F F F F T T T T T T T T T T T T T T T T T T T T T T T T T T T T T T T T F F F F F F F F F F F F F F F F F F F F F F F F F F F F F F F F T T T T T T T T T T T T T T T T T T T T T T T T T T T T T T T T F F F F F F F F F F F F F F F F
  <DiscreteSampler_grid>
  grouped_processes
  1 # 1 for a reference and 2 for a running grid.
  10 # Attribute 'min_bin_probing_points' of the grid.
  1 # Attribute 'grid_mode' of the grid. 1=='default',2=='initialization'
  0.0000000000000000 # Attribute 'small_contrib_threshold' of the grid.
  0.5000000000000000 # Attribute 'damping_power' of the grid.
 # binID   n_entries weight   weight_sqr   abs_weight
    31   10   6.112094076847516E+005   1.209810484047880E+012   6.112094076847516E+005
    32   10   6.112094076847518E+005   1.209810484047882E+012   6.112094076847518E+005
    34   10   6.112094076847518E+001   1.209810484047881E+004   6.112094076847518E+001
    35   10   6.112094076847520E+001   1.209810484047882E+004   6.112094076847520E+001
    37   10   6.112094076847518E+001   1.209810484047881E+004   6.112094076847518E+001
    38   10   6.112094076847520E+001   1.209810484047882E+004   6.112094076847520E+001
    40   10   6.112094076847516E+005   1.209810484047880E+012   6.112094076847516E+005
    41   10   6.112094076847518E+005   1.209810484047882E+012   6.112094076847518E+005
    43   10   6.112094076847516E+005   1.209810484047880E+012   6.112094076847516E+005
    44   10   6.112094076847518E+005   1.209810484047882E+012   6.112094076847518E+005
    46   10   6.112094076847518E+001   1.209810484047880E+004   6.112094076847518E+001
    47   10   6.112094076847520E+001   1.209810484047882E+004   6.112094076847520E+001
    49   10   6.112094076847518E+001   1.209810484047880E+004   6.112094076847518E+001
    50   10   6.112094076847520E+001   1.209810484047882E+004   6.112094076847520E+001
    52   10   6.112094076847516E+005   1.209810484047880E+012   6.112094076847516E+005
    53   10   6.112094076847518E+005   1.209810484047882E+012   6.112094076847518E+005
  </DiscreteSampler_grid>
