  0.00924198842367513  0.01514131706230333  0.02427311481743191  0.03458270774830659
  0.04462616122498737  0.05473119166599778  0.06508754192338095  0.07567415979480972
  0.08621385573982555  0.09665337860032022  0.10692633748243746  0.11716378645633135
  0.12737244818884835  0.13769998030207389  0.14809550544651545  0.15844628334962063
  0.16877335725598300  0.17912077654428341  0.18945996942629312  0.19975482996797836
  0.21021184184093811  0.22085366152302627  0.23140604628819153  0.24170312620100926
  0.25204044061811565  0.26248965098903709  0.27278652254611752  0.28291131698871869
  0.29311174928169353  0.30364276888473785  0.31426691279215963  0.32479308337436924
  0.33517874868492736  0.34544858292967628  0.35570727344087533  0.36601463962664188
  0.37631419274869471  0.38661806167405210  0.39695803764068571  0.40735733788344825
  0.41779679511860962  0.42814755569301161  0.43851559059862716  0.44894299146006100
  0.45939247713497527  0.46983880127384792  0.48027394116750566  0.49075978603767839
  0.50126135642403846  0.51179006414348083  0.52242372856221553  0.53311070569830121
  0.54373906695044627  0.55427805523148921  0.56479144191850317  0.57529858197563477
  0.58576398165191257  0.59614728609564127  0.60652235521120945  0.61681342714337162
  0.62702919879856567  0.63721554181725104  0.64745516144035331  0.65768110634672106
  0.66780062120893013  0.67790195118125751  0.68805078058419844  0.69825129690060694
  0.70840874111967189  0.71868186994596961  0.72915775173279229  0.73973811923942634
  0.75029563966370472  0.76064307842833823  0.77109642452222638  0.78162580980861107
  0.79220544546060134  0.80275352939708011  0.81334621786951788  0.82397772786917800
  0.83463034849761264  0.84524626209350262  0.85583243859129177  0.86616448148250069
  0.87637184135406998  0.88680056060520640  0.89724919591431196  0.90771248528448900
  0.91806065244659507  0.92843711912316818  0.93869638755926177  0.94904545882365343
  0.95940848278043667  0.96994484828064254  0.98040131419082854  1.00000000000000000
  0.00733332868602647  0.01514108069892534  0.02573187241437640  0.03701808885357107
  0.04771214141141464  0.05825955393913608  0.06872961627964307  0.07917680932589261
  0.08959326032945077  0.10007142316112159  0.11075016267872262  0.12159625708908421
  0.13230674275560891  0.14288969190090736  0.15355150443755108  0.16426926894569310
  0.17488145615396247  0.18546176587575169  0.19622989828643445  0.20702846471119490
  0.21767158453888663  0.22820860277995750  0.23877518839621251  0.24935132349519207
  0.25983832226175374  0.27041695842187402  0.28101767185180188  0.29159476078293295
  0.30202041424800286  0.31235337608319352  0.32263017761027951  0.33290640483846379
  0.34327526566557398  0.35395024711106265  0.36466323702128461  0.37526359862945202
  0.38574736072066285  0.39622068526353066  0.40659911355558775  0.41689524561355767
  0.42708148773375854  0.43732748530361182  0.44771215764213412  0.45814425217910898
  0.46858893216595499  0.47894679869688123  0.48935708090685776  0.49972838785489232
  0.51004595294484401  0.52035046320315859  0.53076958994130519  0.54133303048227699
  0.55190996948912430  0.56251571500606889  0.57317808932663206  0.58384620071234028
  0.59445039442302194  0.60501723445754385  0.61555950684708038  0.62610203196489478
  0.63658193456879364  0.64699256880827183  0.65727872959147238  0.66749041473804038
  0.67785398821355691  0.68836310943552081  0.69899423483560252  0.70967907193812818
  0.72030944049669410  0.73086531827796042  0.74132938122556924  0.75175135458577691
  0.76215234296663348  0.77250392225043885  0.78281328601585387  0.79310041627648498
  0.80340714171159366  0.81372377263764151  0.82402610179382407  0.83439860007900779
  0.84494286425119502  0.85564220387044421  0.86643080872124900  0.87723826336617350
  0.88805090856232705  0.89879686236654566  0.90933032181928797  0.91973747123735572
  0.92987366570352836  0.94004543076686065  0.95034206901251328  0.96057446547737546
  0.97062002535456293  0.98064665096361903  0.99194879735796726  1.00000000000000000
 -0.00253792656226103  0.00961098270334786  0.02000841378750726  0.03050585301255881
  0.04107499750622985  0.05162482678427583  0.06228717540584229  0.07279498935242171
  0.08330310191536754  0.09376946774481458  0.10443167555410984  0.11526976865861553
  0.12599634438603810  0.13657547042955229  0.14713030701272112  0.15769189771611772
  0.16813709675357946  0.17835952604881153  0.18861564962424007  0.19887859658395129
  0.20917006493826482  0.21943647860058635  0.22976980326674978  0.24017518378038405
  0.25072491817063874  0.26137225199689385  0.27204240037497229  0.28274543560447341
  0.29348078835650776  0.30428749678647299  0.31500514064094182  0.32547997582733335
  0.33583790413366443  0.34627318722575084  0.35673705786923626  0.36725793987754540
  0.37789037059531166  0.38864351127070351  0.39941246999975405  0.41015072493182281
  0.42075591430119830  0.43128896503365233  0.44179295068465396  0.45233334753772425
  0.46302458475606550  0.47361052266009485  0.48433710451377354  0.49493761721923629
  0.50553477818654646  0.51612794589307542  0.52669788617567792  0.53733036506802434
  0.54791930127730015  0.55838380516219832  0.56878244643069498  0.57914241157581126
  0.58968752085107023  0.60025942969560353  0.61078460874708673  0.62128194295793437
  0.63176876677870941  0.64229071494043521  0.65286988592041728  0.66332291427715240
  0.67396267993146530  0.68467483915757310  0.69575233469269959  0.70666929070603701
  0.71745071681126749  0.72825902778233176  0.73899387504283776  0.74961807830703098
  0.75998678200695569  0.77039798958155292  0.78073583023590709  0.79099375486192069
  0.80119180191570638  0.81148430026603102  0.82182251498352610  0.83206722482269047
  0.84226584366462987  0.85249816338824513  0.86294601168725904  0.87357897976247911
  0.88434736240104916  0.89495667578231664  0.90523879573819588  0.91559068934429844
  0.92617819872279772  0.93678665505857883  0.94725884520800130  0.95762553092457203
  0.96813159911196434  0.97876698371705018  0.98934053047620785  1.00000000000000000
 -0.00245498969096245  0.00929954734638049  0.01936043574548508  0.03018703921600184
  0.04115973818764181  0.05210692198291875  0.06282360693065289  0.07351026096353219
  0.08410520166440641  0.09454989963476167  0.10486115584826897  0.11512197928069377
  0.12546413813168741  0.13588367947809829  0.14632182013659958  0.15676606992466144
  0.16724854063816405  0.17781572432882159  0.18851980500909493  0.19925078602875773
  0.20983229415455762  0.22023566098933064  0.23065807245165859  0.24117059022118617
  0.25160384556428106  0.26209970333284821  0.27275345022525815  0.28336246333348958
  0.29392535410165394  0.30429327179608939  0.31467063641034410  0.32498186870397011
  0.33536925596593042  0.34606706315260521  0.35667853743106143  0.36732812454309527
  0.37776983850565848  0.38828755090142880  0.39884167876850407  0.40924382727179631
  0.41965195734267607  0.43014308453748051  0.44085003523244365  0.45142717499128471
  0.46196215911851485  0.47246482965013437  0.48298746119782993  0.49347500019203810
  0.50397565048181203  0.51443180390931786  0.52487396965097644  0.53537988774696921
  0.54605127531002196  0.55679968146022085  0.56754435335905684  0.57832569885498719
  0.58898278470740306  0.59964492155048033  0.61030785393685860  0.62102665604403984
  0.63159936912848480  0.64207800520519709  0.65242839501565253  0.66280735852226347
  0.67309220583597573  0.68339554221206311  0.69361581003366490  0.70383532976540464
  0.71425076973592305  0.72463540962219486  0.73510002854739021  0.74555746095920783
  0.75606401103688714  0.76670395820262172  0.77737091435998995  0.78818156004008200
  0.79881765616132228  0.80947985555240753  0.81989248116583224  0.83036949835568430
  0.84079902758172964  0.85141538481782952  0.86205276674996989  0.87235782836087683
  0.88282376586756484  0.89318522517500087  0.90385698559422345  0.91440466875665882
  0.92500905475674122  0.93559050509873742  0.94635087474453605  0.95710610480011826
  0.96783817227689495  0.97845639756300129  0.98923810213191243  1.00000000000000000
 -0.00243429078449186  0.00966025394208597  0.01972399188260852  0.03021127951123592
  0.04071506930799007  0.05115618906674092  0.06157118304449861  0.07222146123156251
  0.08289793069699679  0.09356601902140337  0.10415813272381876  0.11506804254867627
  0.12610633928381709  0.13697160991006199  0.14779191105648895  0.15845909251852158
  0.16906325549641957  0.17961950844555441  0.19029176771422859  0.20088455611245271
  0.21139259512478759  0.22190226014513337  0.23263979384048877  0.24355509938159317
  0.25449353408924741  0.26547491753128716  0.27631537906839665  0.28688127920215106
  0.29719197887211518  0.30748204243703692  0.31767536201245111  0.32797572337097092
  0.33819258880072695  0.34849297140274549  0.35884228807619739  0.36949929580993940
  0.38027513768514981  0.39105548211625679  0.40158240381726784  0.41201221770615742
  0.42246290243793294  0.43302869932646548  0.44373817611770694  0.45435279535497985
  0.46506200675401493  0.47581923185925279  0.48646336550008218  0.49718556897638766
  0.50787326419912493  0.51849003323146425  0.52899750177135274  0.53941928739137690
  0.54990660877091224  0.56045277651972913  0.57087669322539125  0.58129490104752402
  0.59155829739785581  0.60191204963007838  0.61216691745116358  0.62243008707411918
  0.63271810249075910  0.64304631723009564  0.65356816399758222  0.66405781858477197
  0.67451859095619215  0.68516832714897158  0.69582949546621331  0.70648931009780069
  0.71676292057098179  0.72705823046540063  0.73755924301358855  0.74813161902830339
  0.75869619272447619  0.76913059640902903  0.77975432864131233  0.79037411875390917
  0.80086548890793563  0.81143759200807886  0.82211689177829039  0.83272962902634062
  0.84309168885737407  0.85352852366499976  0.86405327009163790  0.87450703835468180
  0.88499715153024072  0.89547057817260256  0.90619907437702241  0.91680831798221885
  0.92725219502830236  0.93761751071942312  0.94813579622451583  0.95872123017953903
  0.96907288089191768  0.97934123918830074  0.98963505104338956  1.00000000000000000
 -0.00243216273139808  0.00951873880890587  0.01951149824309276  0.02984559062352158
  0.04028420794520225  0.05061190297170829  0.06086378431925632  0.07129541065757852
  0.08182613819848265  0.09247199021451502  0.10317669531199768  0.11379467226576027
  0.12452642607009910  0.13519004946030355  0.14583529733578901  0.15634867169676056
  0.16693617702104099  0.17764337974035707  0.18850759731832220  0.19932515681378010
  0.21008106712192900  0.22050056503021562  0.23086140452778786  0.24101852010907096
  0.25124156170673423  0.26146766714150277  0.27178192117945249  0.28216741035931070
  0.29247855539819434  0.30286694862272795  0.31332065186456370  0.32381064962829387
  0.33433365143386462  0.34487168309050709  0.35529581071131650  0.36585082037112476
  0.37653032368488298  0.38732186718000516  0.39818676517615209  0.40912123256345945
  0.42003649718240155  0.43054315344066418  0.44113556545141175  0.45177809489182774
  0.46245452977030899  0.47297942529980019  0.48344893141704720  0.49396787227347089
  0.50456263524061296  0.51526122563783883  0.52589092465159670  0.53643576668026205
  0.54722588717065546  0.55795787635329985  0.56855108196330184  0.57893846531327853
  0.58934263227511230  0.59997520380045011  0.61058440171279349  0.62141696119566958
  0.63196290564245583  0.64248060700271914  0.65300735601971205  0.66369325968266146
  0.67437204820658803  0.68480331624435586  0.69533517432536129  0.70598182084072536
  0.71664462384077621  0.72715844299851651  0.73757818463928326  0.74797372039395227
  0.75825739304841988  0.76850145777971124  0.77875452440375015  0.78914712097898587
  0.79968523838965211  0.81032393872306407  0.82093611088091245  0.83142131932465924
  0.84192422846654980  0.85224804172459434  0.86276913459168625  0.87321981451521391
  0.88376853580145365  0.89425002984199531  0.90490917202970311  0.91580840855518475
  0.92640012312181141  0.93694143287774334  0.94731780072944705  0.95787115589491334
  0.96841566907427379  0.97883456107395239  0.98938078875715285  1.00000000000000000
 -0.00238650228563332  0.00941112778983836  0.01965246940881855  0.03047217472291506
  0.04140744637848640  0.05227282158678479  0.06303203024538259  0.07354137039695473
  0.08399335549403915  0.09432615333927416  0.10471984916328618  0.11513501323173926
  0.12558832059894165  0.13591828245175036  0.14631973483425437  0.15686154809251812
  0.16745876060628131  0.17791455360383235  0.18833493002525517  0.19872557717976214
  0.20926040744094132  0.21975205908513809  0.23040132288667886  0.24098144810641792
  0.25171059735463769  0.26242913247877270  0.27315130140883515  0.28358760213475981
  0.29415015157130864  0.30481046006536944  0.31532313374764698  0.32571648672900116
  0.33602341913153977  0.34660358975276317  0.35713540529702720  0.36767720961887901
  0.37811303129996321  0.38859786870040125  0.39907029748315270  0.40993619892417466
  0.42088609853664810  0.43178255762654838  0.44255593893057021  0.45327956681450526
  0.46399164038856971  0.47466115539773773  0.48509837463028538  0.49545961136262046
  0.50580656349477660  0.51618440392008869  0.52656083675486542  0.53702421725445659
  0.54759031859485163  0.55820837545798319  0.56880844688848187  0.57957002948093950
  0.59025843103419939  0.60102004251571273  0.61168126496330422  0.62227403130022485
  0.63277677757067419  0.64318932187168998  0.65358979522617278  0.66393431288918381
  0.67445532226169880  0.68506834685781204  0.69538802662011601  0.70577445498489844
  0.71606401013724075  0.72646920657488812  0.73688751065438829  0.74729811475899510
  0.75784667765797598  0.76830044831872779  0.77897597822996589  0.78970178727307838
  0.80036388605508779  0.81102923558536699  0.82164854116465869  0.83218443667417685
  0.84252305230148972  0.85289714820053564  0.86324714735356034  0.87360766197448503
  0.88401920957778213  0.89435762216760850  0.90472618891294510  0.91513735639877547
  0.92585931538949773  0.93644923613226527  0.94680646212291841  0.95725152427399218
  0.96798777771370725  0.97881928858500444  0.98941648921114633  1.00000000000000000
 -0.00251032222704010  0.00949476756474246  0.01955582844659533  0.03019416696777935
  0.04082325863082040  0.05143923443082640  0.06195832510493512  0.07261864178518342
  0.08327626934106395  0.09373894206222716  0.10414577509550763  0.11461232001800481
  0.12514377994061485  0.13561886372829290  0.14597543792945974  0.15639530323162881
  0.16682416101551023  0.17731261487062674  0.18779606162789647  0.19842342445271374
  0.20905427230349960  0.21951110126225162  0.22982846879997360  0.24019154788546296
  0.25051851711286788  0.26097171951535286  0.27147392575407631  0.28212040336050853
  0.29273722881121511  0.30344672226233643  0.31410150130708547  0.32455630437031896
  0.33505619349419047  0.34561405319574406  0.35611824979271722  0.36662047426971239
  0.37717098039367852  0.38790090030368779  0.39846415382603523  0.40922988652168329
  0.42001785474225695  0.43084693558793241  0.44152531177073295  0.45222770284771152
  0.46296729491821770  0.47376017122758046  0.48431414681584228  0.49471610840561558
  0.50520467927750401  0.51586166296637981  0.52664997310697426  0.53753515801638829
  0.54828818719969219  0.55888534341733986  0.56923013848971427  0.57957399465171711
  0.58986388674656820  0.60004733414610134  0.61024195716994634  0.62053926683412886
  0.63100113047733741  0.64149765434854622  0.65208920375208712  0.66269819568352317
  0.67339439978145421  0.68410105510427799  0.69471684692528213  0.70522878566108105
  0.71584115142654725  0.72647328179409520  0.73700662847192588  0.74758684244795570
  0.75802225216062946  0.76834195747798173  0.77839478412800767  0.78841984385436681
  0.79879536605561596  0.80922458537198760  0.81960635368653456  0.82993611943339762
  0.84019944768536481  0.85072945929770705  0.86132644615672826  0.87211142774872297
  0.88298299330120100  0.89378441496196026  0.90467178361599376  0.91551534387579880
  0.92632016596457578  0.93700216368066125  0.94761903296951400  0.95822588188548485
  0.96872834269851416  0.97915920064796125  0.98960007618991586  1.00000000000000000
  0.00919503299942258  0.01563146282486064  0.02535641437606405  0.03627894230968372
  0.04699228468438003  0.05760571211312136  0.06819784528856054  0.07864896139694641
  0.08905712933705637  0.09939394371454274  0.10970413040529504  0.12013599186748752
  0.13057999749448168  0.14106752528246630  0.15154558493655798  0.16217250923013413
  0.17273003938823470  0.18332799896529894  0.19381040262332550  0.20417877314909022
  0.21456069749649762  0.22490467515770518  0.23540818058393262  0.24588055254228741
  0.25625321790022981  0.26651528723423329  0.27670508626742191  0.28683891374600545
  0.29706731656655250  0.30733100470216673  0.31780350210482994  0.32827213533295652
  0.33862175851613968  0.34891169990961657  0.35920621469257047  0.36950675125643251
  0.37971582440168217  0.38992195109788030  0.40030188889581325  0.41083132867354061
  0.42125232576718696  0.43167290116431456  0.44210897887291339  0.45252548876961618
  0.46278486129429774  0.47297098191361159  0.48327794029611937  0.49363577953491006
  0.50389786918835500  0.51403352129896474  0.52418620284612949  0.53445824718135682
  0.54485674559441410  0.55537744297293412  0.56590792745130836  0.57634913897607953
  0.58672657229403824  0.59710638685915629  0.60747401274824497  0.61777606694494580
  0.62809870564312742  0.63847175447230398  0.64884468825440655  0.65919301225233939
  0.66951200250237430  0.67984137177124149  0.69018082229495459  0.70047737279693434
  0.71070960451986220  0.72085831773406184  0.73095319843827466  0.74109441064540160
  0.75133371064915877  0.76166907671479123  0.77205592030550263  0.78245489677795954
  0.79289641015593360  0.80335102298435457  0.81379406483751104  0.82434257095153352
  0.83505793048002386  0.84590771775016638  0.85671968893772976  0.86728149310136360
  0.87770063024853062  0.88780050141392042  0.89803488197109449  0.90829049742109425
  0.91860724545045747  0.92890712370332662  0.93916177832272363  0.94967274997782303
  0.96023892040814451  0.97057825600091285  0.98097222858001853  1.00000000000000000
 -0.01764156831003257  0.12099448769356108  0.18334875103516290  0.22847328088589336
  0.25882709334972304  0.28165063281631503  0.30067085954139083  0.31724531473545364
  0.33227930700367142  0.34562544290483838  0.35817191074134486  0.36973080611705644
  0.38066284916146348  0.39092707223510909  0.40073075164635980  0.41005659426544200
  0.41900458807422025  0.42759729987252587  0.43592587928628446  0.44398350034230399
  0.45176835735575238  0.45934594708430965  0.46664587265241880  0.47379095071559885
  0.48081632054724188  0.48762466744299227  0.49433226146731979  0.50088756308611704
  0.50726272635826353  0.51352114008305794  0.51969606842150662  0.52573794509598248
  0.53169642549126339  0.53760199705715250  0.54337641929319713  0.54905290086703384
  0.55467550246526631  0.56024068706718788  0.56572702438247380  0.57113722778477538
  0.57649966460801838  0.58181894309438253  0.58706126016918314  0.59226953256139148
  0.59745404597026708  0.60259180807739365  0.60766465732866159  0.61267964749086445
  0.61765290314602828  0.62260955409413232  0.62754198424822860  0.63244280611700643
  0.63731997666837181  0.64217825392702454  0.64701855661305718  0.65184116629629352
  0.65666751795851563  0.66149835308767246  0.66633756681016687  0.67118882765930055
  0.67604732958586078  0.68090700641069590  0.68576985491841458  0.69064065745649328
  0.69552341795050199  0.70043482580944727  0.70535033302901740  0.71033537154737436
  0.71533375017749545  0.72036868132792553  0.72542858404897137  0.73053716662462787
  0.73571669305602871  0.74094832179840109  0.74621667342360709  0.75158212822053116
  0.75711808426162164  0.76271654628020824  0.76838911660552334  0.77420498883600519
  0.78023090438471743  0.78637596325238812  0.79271525524982689  0.79939382728064012
  0.80623342322047409  0.81342894639363994  0.82105228422425613  0.82907184009440194
  0.83773713583059395  0.84711012641382621  0.85757705082979263  0.86932751763445293
  0.88340425981857595  0.90123003713175553  0.93029375529968716  1.00000000000000000
   2.4933341462008315E-039  -1.0000000000000000     
 F F F F F F F F F F F F F F F F T T T T T T T T T T T T T T T T T T T T T T T T T T T T T T T T F F F F F F F F F F F F F F F F F F F F F F F F F F F F F F F F T T T T T T T T T T T T T T T T T T T T T T T T T T T T T T T T F F F F F F F F F F F F F F F F
  <DiscreteSampler_grid>
  grouped_processes
  1 # 1 for a reference and 2 for a running grid.
  10 # Attribute 'min_bin_probing_points' of the grid.
  1 # Attribute 'grid_mode' of the grid. 1=='default',2=='initialization'
  0.0000000000000000 # Attribute 'small_contrib_threshold' of the grid.
  0.5000000000000000 # Attribute 'damping_power' of the grid.
 # binID   n_entries weight   weight_sqr   abs_weight
    31   10   5.450306003716217E-026   1.619698055462835E-050   5.450306003716217E-026
    32   10   5.450306003716217E-026   1.619698055462834E-050   5.450306003716217E-026
    34   10   5.450306003716216E-030   1.619698055462835E-058   5.450306003716216E-030
    35   10   5.450306003716213E-030   1.619698055462833E-058   5.450306003716213E-030
    37   10   5.450306003716216E-030   1.619698055462835E-058   5.450306003716216E-030
    38   10   5.450306003716213E-030   1.619698055462833E-058   5.450306003716213E-030
    40   10   5.450306003716217E-026   1.619698055462835E-050   5.450306003716217E-026
    41   10   5.450306003716217E-026   1.619698055462834E-050   5.450306003716217E-026
    43   10   5.450306003716218E-026   1.619698055462835E-050   5.450306003716218E-026
    44   10   5.450306003716216E-026   1.619698055462833E-050   5.450306003716216E-026
    46   10   5.450306003716216E-030   1.619698055462835E-058   5.450306003716216E-030
    47   10   5.450306003716213E-030   1.619698055462833E-058   5.450306003716213E-030
    49   10   5.450306003716216E-030   1.619698055462835E-058   5.450306003716216E-030
    50   10   5.450306003716213E-030   1.619698055462833E-058   5.450306003716213E-030
    52   10   5.450306003716218E-026   1.619698055462835E-050   5.450306003716218E-026
    53   10   5.450306003716216E-026   1.619698055462833E-050   5.450306003716216E-026
  </DiscreteSampler_grid>
