 -0.00005834912115484  0.00060635237206293  0.00157128572705228  0.00303742852332618
  0.00503593995972165  0.00747804303664835  0.01039408249346705  0.01387284558096216
  0.01773196633570792  0.02196680462003294  0.02649184788210460  0.03133315859344001
  0.03662252372570896  0.04232683286227563  0.04833282592685854  0.05457466727433956
  0.06114673917062823  0.06787323452253538  0.07457595409794694  0.08130211768784262
  0.08834833460047345  0.09588643350642853  0.10393344877335241  0.11223149566944945
  0.12061627443327057  0.12908327671552050  0.13770014744279410  0.14656469304023592
  0.15569906285269230  0.16480917337115900  0.17382372630528256  0.18293945067511166
  0.19220434850719290  0.20160559283475532  0.21150448481105050  0.22169030324039790
  0.23185140442115496  0.24200240209576587  0.25226824211913018  0.26273449875770660
  0.27333426233761693  0.28394664675755338  0.29473176477442559  0.30612179106013898
  0.31813678885314495  0.32992888208387533  0.34176619530452773  0.35338128130486857
  0.36506443536217409  0.37694430484829938  0.38885316399337966  0.40072038788426756
  0.41261183793816408  0.42461507936609255  0.43680549612134012  0.44933297015601098
  0.46175207499414533  0.47406608194492117  0.48671135400963716  0.49947415323169120
  0.51215834322982401  0.52493289573921587  0.53771213620621450  0.55060937235196072
  0.56342335264465149  0.57617167055643259  0.58921244035699871  0.60258172898638229
  0.61566553889451558  0.62894619974121246  0.64243098577921609  0.65585564935344520
  0.66924957133969465  0.68275545684481409  0.69649130385646418  0.71037909027755097
  0.72429341087364152  0.73811598474426809  0.75197064716954931  0.76590728084749304
  0.77988439012432487  0.79407129178673175  0.80830073189654594  0.82260471246416622
  0.83706103505829432  0.85171449283353795  0.86640309918391423  0.88106843303175875
  0.89547420118740728  0.90993325071180975  0.92470714848293378  0.93949590877878708
  0.95450519388947330  0.96960143488962847  0.98476174974072517  1.00000000000000000
 -0.00232264532396803  0.00936964644142947  0.01912401530618640  0.02952447554697919
  0.03949792971018455  0.04937253111777729  0.05957072209381595  0.07009228082493890
  0.08069189068717544  0.09111882494258941  0.10119968046009591  0.11138285088672222
  0.12125236474748742  0.13136923592132096  0.14143132972846287  0.15182559080417080
  0.16237068160865653  0.17285230161674392  0.18337555658594237  0.19382490247292219
  0.20414780695413914  0.21432884702700153  0.22463933457284097  0.23494683042270131
  0.24534466198394392  0.25574788390641112  0.26651282581900004  0.27725818958673876
  0.28783149640987155  0.29764375265155624  0.30724678370769365  0.31690373014807710
  0.32652053859452251  0.33630036505468691  0.34632343995833154  0.35665280231877783
  0.36841295308648070  0.38051235944640655  0.39307230623857714  0.40440722102545079
  0.41535477305747193  0.42574561879235534  0.43609067938664858  0.44588126901737912
  0.45588875672926288  0.46637889530907128  0.47703210850723204  0.48797568010672288
  0.49877855594774428  0.50967121463376619  0.52064548519310871  0.53060056611639994
  0.54076161467296424  0.55089128133195364  0.56104443101055368  0.57120849267520113
  0.58118207264357213  0.59130727483763346  0.60179859707380667  0.61236347165995186
  0.62284305094572323  0.63338654561768826  0.64418029574503666  0.65555257427367108
  0.66714507065504303  0.67898367554320860  0.69042254805422776  0.70142365074936952
  0.71250596573202141  0.72406749932906267  0.73581629653017111  0.74750271326170936
  0.75867797433402651  0.76997281879650581  0.78116917670899144  0.79227995307881638
  0.80288875248123992  0.81346063263851154  0.82453460472212037  0.83521812347939139
  0.84561073334391157  0.85579261617821900  0.86589315342450901  0.87586336770039763
  0.88542112723869659  0.89487301982980128  0.90455592807701213  0.91450528675642095
  0.92487482456425674  0.93505935123514627  0.94572838658960845  0.95636057089455373
  0.96733490767294605  0.97836275765991476  0.98911165057860995  1.00000000000000000
 -0.00229397269413624  0.01152011277059454  0.02233354121945122  0.03158711318027440
  0.04068938942397207  0.04868076696543874  0.05644058592153145  0.06379607816730444
  0.07083214166236870  0.07780262451707130  0.08473880669811920  0.09159356711213981
  0.09843493969376116  0.10504783460574743  0.11153176680671575  0.11806246194178530
  0.12464945838657240  0.13129416183316026  0.13803590808353192  0.14470435404358378
  0.15104993762045849  0.15728520825635955  0.16351992477763200  0.16971656993342962
  0.17599795323202636  0.18229381879158374  0.18854272703631370  0.19476177270026110
  0.20101657597817740  0.20732862718397990  0.21355082533858732  0.21959834771929027
  0.22540276937613102  0.23135486719505788  0.23735973844077435  0.24357388014867218
  0.24981848808552312  0.25609233165106904  0.26238163612137316  0.26863655009659548
  0.27497366743546892  0.28151372854165529  0.28824102317926520  0.29504224302229426
  0.30176257166017456  0.30828856871424587  0.31471588537832690  0.32125399495380014
  0.32789365802059361  0.33468842793854248  0.34199278904331204  0.34922238039357412
  0.35659012233266374  0.36404555003980132  0.37162123969256139  0.37939517574862391
  0.38735711748389590  0.39526940429613694  0.40302770282901712  0.41096051908576969
  0.41909980082601889  0.42724017953582943  0.43543988720139221  0.44354182391909225
  0.45171121453435964  0.46002550576570134  0.46849046761492974  0.47700405918867611
  0.48558715357132803  0.49425731200998457  0.50306254004743711  0.51201744233825508
  0.52132748751811209  0.53117763841601973  0.54140584435387007  0.55191878581443421
  0.56285024847684240  0.57417072009867343  0.58590735420562967  0.59788581913366479
  0.60999745010023210  0.62223466421632201  0.63478747735504992  0.64808098748682019
  0.66187585241584279  0.67638141003685659  0.69183169823702695  0.70956363853362259
  0.72883263437583290  0.74904490685302261  0.76996387562286706  0.79305727279421678
  0.81974886337480712  0.85374040362852965  0.90353874773646059  1.00000000000000000
 -0.01978180828326290  0.12489511425536108  0.16893194919864471  0.19801106496877532
  0.22216510587869359  0.24247650359852124  0.26102563681487967  0.27850126521017893
  0.29454550992488499  0.30946587793891378  0.32309381185439451  0.33575767365246523
  0.34725045823513767  0.35855191515973994  0.36939338368081137  0.37955574978855572
  0.38914364852562194  0.39863229779708603  0.40809173659397269  0.41745896342138994
  0.42667250228481146  0.43587310947478025  0.44510012636323359  0.45427148356890362
  0.46311036602693201  0.47151775458040424  0.47958154689597804  0.48744659478312469
  0.49536323520953235  0.50338172854582552  0.51138644388714549  0.51927693004879005
  0.52693535872982467  0.53434692620828395  0.54187618660662629  0.54933014055755569
  0.55680694969258204  0.56387920116313717  0.57062871530385229  0.57736011205766813
  0.58411451818631743  0.59084263155516770  0.59748902224650602  0.60384484240792125
  0.60990324397484430  0.61586353669796068  0.62169088576101139  0.62744867211761057
  0.63320614709729062  0.63901650409300792  0.64500374263245286  0.65065249837383188
  0.65615101117166164  0.66167218333816014  0.66717837683487247  0.67268178913297705
  0.67817350357936168  0.68359017007240352  0.68890294381812467  0.69407994094988490
  0.69916963889431849  0.70421901044323221  0.70924075351817928  0.71437965993760477
  0.71954181414981655  0.72467636758591891  0.72994448956006064  0.73521668531908213
  0.74050994473533793  0.74564516741563580  0.75093350323440566  0.75638918751533291
  0.76191201592982905  0.76751701264768546  0.77324354459023836  0.77913761156140549
  0.78504263197601909  0.79096649438907707  0.79688560658155294  0.80288341924640072
  0.80892976056062627  0.81502603012196539  0.82119009702499557  0.82751420133060039
  0.83420496708309189  0.84127355709724694  0.84853987454857760  0.85608358486426772
  0.86419208187980745  0.87290298037279979  0.88242002620168858  0.89286883703228814
  0.90533215405166556  0.92135399271672558  0.94566320311580576  1.00000000000000000
   9.9912584755276928E-008  -1.0000000000000000     
 F T T F F T T F
  <DiscreteSampler_grid>
  grouped_processes
  1 # 1 for a reference and 2 for a running grid.
  10 # Attribute 'min_bin_probing_points' of the grid.
  1 # Attribute 'grid_mode' of the grid. 1=='default',2=='initialization'
  0.0000000000000000 # Attribute 'small_contrib_threshold' of the grid.
  0.5000000000000000 # Attribute 'damping_power' of the grid.
 # binID   n_entries weight   weight_sqr   abs_weight
    31   10   2.673129255718989E+004   1.012565032209212E+009   2.673129255718989E+004
    32   10   2.673129255718989E+004   1.012565032209212E+009   2.673129255718989E+004
    34   10   2.673129255718989E+000   1.012565032209212E+001   2.673129255718989E+000
    35   10   2.673129255718989E+000   1.012565032209212E+001   2.673129255718989E+000
    37   10   2.673129255718989E+000   1.012565032209212E+001   2.673129255718989E+000
    38   10   2.673129255718989E+000   1.012565032209212E+001   2.673129255718989E+000
    40   10   2.673129255718989E+004   1.012565032209212E+009   2.673129255718989E+004
    41   10   2.673129255718989E+004   1.012565032209212E+009   2.673129255718989E+004
    43   10   2.673129255718989E+004   1.012565032209212E+009   2.673129255718989E+004
    44   10   2.673129255718989E+004   1.012565032209212E+009   2.673129255718989E+004
    46   10   2.673129255718989E+000   1.012565032209212E+001   2.673129255718989E+000
    47   10   2.673129255718989E+000   1.012565032209212E+001   2.673129255718989E+000
    49   10   2.673129255718989E+000   1.012565032209212E+001   2.673129255718989E+000
    50   10   2.673129255718989E+000   1.012565032209212E+001   2.673129255718989E+000
    52   10   2.673129255718989E+004   1.012565032209212E+009   2.673129255718989E+004
    53   10   2.673129255718989E+004   1.012565032209212E+009   2.673129255718989E+004
  </DiscreteSampler_grid>
