 -0.00005850784186419  0.00059960970866483  0.00153344064259500  0.00299498230420070
  0.00489335538942287  0.00721826258709480  0.01006008206871815  0.01336600171786192
  0.01717232699465389  0.02133917277485090  0.02562092523288678  0.03028114161935419
  0.03557700360414798  0.04119686920250234  0.04696561454815989  0.05291205093602732
  0.05918015187551832  0.06581821560803650  0.07264521233593133  0.07953752514746548
  0.08656575228779552  0.09392935385425287  0.10180455192093708  0.11001353970945675
  0.11837524933732466  0.12673370154922517  0.13523897863929660  0.14405484013454031
  0.15323056511962616  0.16275614046421291  0.17246569613129237  0.18209225013672767
  0.19145828571737181  0.20076340397989628  0.21033709490998842  0.22010114725982374
  0.23005154559895202  0.24018012784240744  0.25034095880537877  0.26051398962892075
  0.27077901328723225  0.28130436838447831  0.29215413107791716  0.30317041696218411
  0.31417887755021945  0.32516557142764685  0.33620727340562084  0.34744016496333346
  0.35888471093792351  0.37055700764706834  0.38237045914090473  0.39444562347339518
  0.40662961526609837  0.41882606199877270  0.43118848769623197  0.44390025319849413
  0.45677464056774447  0.46981216890020178  0.48295843445998221  0.49601432515099425
  0.50902044241961819  0.52207766839643199  0.53523641271577493  0.54834513924743433
  0.56151983413470941  0.57475959306993551  0.58815217822880284  0.60162009608499445
  0.61505430472105183  0.62848800415947514  0.64197228378539550  0.65526402801792849
  0.66851375389806122  0.68170799817372518  0.69502861091494372  0.70906369670182567
  0.72298885987789496  0.73693201183732726  0.75084087058965421  0.76477618365377653
  0.77886858177525220  0.79312811267376704  0.80708695201947123  0.82106109880298328
  0.83524747400906529  0.84972638760626718  0.86434017698687093  0.87915500671500169
  0.89409580183912007  0.90922167062908554  0.92459200370258732  0.93987511983884497
  0.95498773661302838  0.97002573387460234  0.98502587537349684  1.00000000000000000
 -0.00285558052001136  0.00998779193956470  0.02090960341031416  0.03155117648444682
  0.04237888491873340  0.05343863925887832  0.06471315137812066  0.07581959879644290
  0.08698028310762460  0.09825625541279168  0.10949756674072809  0.12059702300358534
  0.13129724084283201  0.14180788580772646  0.15224206637770327  0.16255587574510583
  0.17294909056028124  0.18340078819008165  0.19366808554512963  0.20373637245120277
  0.21368892702427444  0.22363241926310187  0.23363613796840949  0.24362833175776066
  0.25367061147649778  0.26396795144203344  0.27401050075512834  0.28436530036556495
  0.29460344250574627  0.30476199098192941  0.31507888635890791  0.32533416468927961
  0.33612461589930692  0.34749552027024311  0.35849058125404215  0.36952108610277618
  0.38049275755573081  0.39144131158312473  0.40168802253071040  0.41157225821927956
  0.42168116906177255  0.43213166995457708  0.44288214890948469  0.45343265986392312
  0.46373348625065824  0.47378642496525403  0.48421458844846321  0.49482921736215324
  0.50540950306264043  0.51596209127906378  0.52680897406299287  0.53761311860403982
  0.54796173624836220  0.55830032084104264  0.56841281997821558  0.57833822693137371
  0.58811256858937011  0.59769605958428840  0.60746247880762339  0.61715235560869319
  0.62698565290849495  0.63747011665438269  0.64788755689473898  0.65876305989813222
  0.66928053645142749  0.67905831412997564  0.68875887476331843  0.69872753251277853
  0.70874000540918858  0.71897541187008407  0.72905012434500360  0.73915639627549845
  0.74935155666096631  0.75960588266197260  0.77017850128542553  0.78040941040244782
  0.79086587756366966  0.80157603150245837  0.81242059957121115  0.82315003642798246
  0.83408035595862129  0.84558616880097248  0.85730077271246730  0.86859584067388795
  0.87995093376807099  0.89102661756290635  0.90187956221744159  0.91283723887863710
  0.92366248871807599  0.93495267758891720  0.94599186576703209  0.95739306318766393
  0.96796878688360810  0.97864578685181192  0.98927172240807759  1.00000000000000000
 -0.00194614802028825  0.01129816599203288  0.02155513001424606  0.03044967992397083
  0.03871716161200482  0.04673217998326870  0.05460015632068619  0.06231002936856850
  0.06945779768777688  0.07647189815300237  0.08345689942678142  0.09049251577194375
  0.09749894563706234  0.10432465644581035  0.11079248493669346  0.11702592025671379
  0.12333743887296422  0.12975997278143009  0.13627737750954191  0.14277487624594776
  0.14924554687568223  0.15567012144206122  0.16214193177092814  0.16855947127164078
  0.17494385945706362  0.18112874058583309  0.18736124116876035  0.19375586266910583
  0.20022995198631519  0.20673397962143619  0.21312739556815702  0.21929346379247699
  0.22549448166291897  0.23156241836159994  0.23782671391018922  0.24416129557135066
  0.25044053693070223  0.25662317052239014  0.26284812627771309  0.26925394432578348
  0.27582197521421681  0.28237835659298732  0.28881520804858435  0.29527854068301346
  0.30188019053940723  0.30855303882099339  0.31537637450814049  0.32212295924895967
  0.32890111720106668  0.33573560329986885  0.34280284144815565  0.34978330391206369
  0.35682449077601858  0.36403685505395100  0.37130918533731050  0.37858706437048922
  0.38595547400931940  0.39336365421008757  0.40075979278496787  0.40810320553401802
  0.41561330865074558  0.42328329851827629  0.43105171958164512  0.43866922075608850
  0.44643519310162383  0.45417296418088260  0.46253284273750883  0.47133800944566340
  0.48049767149484829  0.48982582919707152  0.49905401567646096  0.50871382643707197
  0.51880656517304446  0.52928694488668548  0.53993762204196116  0.55046365926852603
  0.56114168915343066  0.57193278916657331  0.58300561562595010  0.59430376683135444
  0.60592816406192462  0.61837841997200249  0.63190409312673301  0.64645331146706808
  0.66070316042647104  0.67557762689131384  0.69164046760577824  0.70871919987301124
  0.72742488494998880  0.74764175436720171  0.76900649143315380  0.79244362207425034
  0.81936489186897454  0.85306987151336899  0.90247569910985814  1.00000000000000000
 -0.01949551524531855  0.12512766474448281  0.16895187529448413  0.19752266534785898
  0.22162565211121885  0.24273503866740900  0.26184120134268352  0.27890214294840698
  0.29430511256473213  0.30862977670512004  0.32242783604833752  0.33585771233812373
  0.34867128634460648  0.36057984577904950  0.37220211531081443  0.38307319543492779
  0.39393502706413586  0.40425001020834783  0.41443139456051048  0.42385381792443277
  0.43307591823803460  0.44210621374526110  0.45115206330115865  0.45980871552589431
  0.46810735113591956  0.47629052778024622  0.48444428693645397  0.49229487382762899
  0.50009415463452034  0.50760151819507671  0.51502776026661212  0.52241835484899790
  0.52982486124414707  0.53721932040125997  0.54445359599655974  0.55161232388060599
  0.55860000144788624  0.56535025589545562  0.57206954333417936  0.57888097850592846
  0.58551759334656317  0.59187739899889713  0.59811536150870870  0.60421370731388147
  0.61009646581747745  0.61585167778625516  0.62160990556786722  0.62745070815628512
  0.63341429063576993  0.63931947623549823  0.64491533584414307  0.65079301365964726
  0.65666932997745253  0.66250323631591179  0.66834401651313269  0.67419316381011674
  0.68006557798384515  0.68593884989853815  0.69170245767037797  0.69732223906553381
  0.70287868094515016  0.70834543770046687  0.71378582262887091  0.71935747716020559
  0.72509830294065747  0.73092806209001393  0.73674839155486549  0.74251813009098422
  0.74822972967876256  0.75385035194324979  0.75938192455582421  0.76489712444983404
  0.77026221826850427  0.77554371865362715  0.78082883668402814  0.78620386398589837
  0.79159591963354003  0.79697457176668296  0.80238245671775132  0.80785519026661878
  0.81342778647762015  0.81905529973604130  0.82478490527483839  0.83065269634739980
  0.83707694242554964  0.84388907520581102  0.85075980749468183  0.85807253666441874
  0.86608219335350989  0.87456843572626797  0.88417153755863176  0.89462979033511414
  0.90682942420405910  0.92219094554542302  0.94539307007813234  1.00000000000000000
   9.8118506222557511E-008  -1.0000000000000000     
 F T T F F T T F
  <DiscreteSampler_grid>
  grouped_processes
  1 # 1 for a reference and 2 for a running grid.
  10 # Attribute 'min_bin_probing_points' of the grid.
  1 # Attribute 'grid_mode' of the grid. 1=='default',2=='initialization'
  0.0000000000000000 # Attribute 'small_contrib_threshold' of the grid.
  0.5000000000000000 # Attribute 'damping_power' of the grid.
 # binID   n_entries weight   weight_sqr   abs_weight
    31   10   2.873125337047409E+004   1.072267053422412E+009   2.873125337047409E+004
    32   10   2.873125337047409E+004   1.072267053422412E+009   2.873125337047409E+004
    34   10   2.873125337047409E+000   1.072267053422412E+001   2.873125337047409E+000
    35   10   2.873125337047409E+000   1.072267053422412E+001   2.873125337047409E+000
    37   10   2.873125337047409E+000   1.072267053422412E+001   2.873125337047409E+000
    38   10   2.873125337047409E+000   1.072267053422412E+001   2.873125337047409E+000
    40   10   2.873125337047409E+004   1.072267053422412E+009   2.873125337047409E+004
    41   10   2.873125337047409E+004   1.072267053422412E+009   2.873125337047409E+004
    43   10   2.873125337047409E+004   1.072267053422412E+009   2.873125337047409E+004
    44   10   2.873125337047409E+004   1.072267053422412E+009   2.873125337047409E+004
    46   10   2.873125337047409E+000   1.072267053422412E+001   2.873125337047409E+000
    47   10   2.873125337047409E+000   1.072267053422412E+001   2.873125337047409E+000
    49   10   2.873125337047409E+000   1.072267053422412E+001   2.873125337047409E+000
    50   10   2.873125337047409E+000   1.072267053422412E+001   2.873125337047409E+000
    52   10   2.873125337047409E+004   1.072267053422412E+009   2.873125337047409E+004
    53   10   2.873125337047409E+004   1.072267053422412E+009   2.873125337047409E+004
  </DiscreteSampler_grid>
