 -0.00005666723432105  0.00059739065795110  0.00153391863539875  0.00299508968091404
  0.00493572695888326  0.00737434514167605  0.01020805116243454  0.01346099407169943
  0.01725338950120169  0.02146678136690716  0.02581480346560179  0.03045247851341177
  0.03559887034055784  0.04120752009488025  0.04711564863479491  0.05328003435647712
  0.05971369253591106  0.06624862762131013  0.07304191623133355  0.08024796795253239
  0.08779701489714566  0.09540446509314603  0.10315776201229998  0.11117290345184264
  0.11959813365366893  0.12836294848097907  0.13729357058423852  0.14634123560670306
  0.15553450907870636  0.16487225066472513  0.17434682449372313  0.18400289154897770
  0.19396336348883778  0.20415224869776052  0.21437733180628152  0.22469845499192534
  0.23511186884603102  0.24547936128952122  0.25580327120770135  0.26622754699662499
  0.27693886728389178  0.28799020312797530  0.29917263822332862  0.31038676181310298
  0.32150119655962583  0.33283682531304959  0.34431724252993740  0.35593943993683730
  0.36759660793165871  0.37934616152206407  0.39138046856522257  0.40373555996394273
  0.41631127461942730  0.42904733097828318  0.44172218503330946  0.45417102442008223
  0.46647807448914086  0.47883826151417130  0.49138985412140429  0.50409743755722525
  0.51678824525863953  0.52942940255336435  0.54214762060958166  0.55478221345979839
  0.56747452420558953  0.58030584507258465  0.59337040961849652  0.60672708255314889
  0.62010460613964280  0.63356812432548026  0.64713170302993783  0.66052540470488130
  0.67374958260614937  0.68694069917172007  0.70007680760318214  0.71365190171129711
  0.72716858398426776  0.74075787032365381  0.75446514919666086  0.76832499217110306
  0.78254550496317199  0.79682601904681694  0.81082051959543466  0.82497303717381087
  0.83941981832045642  0.85401914116715727  0.86852420286015053  0.88292677211662052
  0.89730651671407125  0.91188223466204854  0.92684390399033367  0.94183067602415305
  0.95657718495222011  0.97118115789186266  0.98565724378671737  1.00000000000000000
 -0.00227476703376994  0.00895980113518255  0.01866875962338311  0.02865710828586999
  0.03887108548068272  0.04833857874414581  0.05782751882682572  0.06759483618591139
  0.07769400323006292  0.08784957934579804  0.09767147920865701  0.10732970782335088
  0.11709491477223870  0.12708908493319171  0.13738386929433249  0.14788311703315865
  0.15845131008276753  0.16915446777786644  0.18014515504536288  0.19144807465182309
  0.20292005948829306  0.21434774164292097  0.22568448828238613  0.23657334931044460
  0.24717477302103238  0.25775025996814938  0.26838307300719216  0.27917551740995855
  0.29000335601620664  0.30067568886753471  0.31149249529654993  0.32247907580001045
  0.33333735720448299  0.34371298494366881  0.35396679124075775  0.36466538621127620
  0.37574393618720503  0.38687852110975834  0.39780779165357660  0.40856129077843423
  0.41922841739000682  0.42956516615187895  0.43978501005608756  0.44998087582018848
  0.46044671443568813  0.47106691521216792  0.48152091689315946  0.49095076863535819
  0.50058098349466684  0.51054147374028302  0.52077451218481452  0.53114007968127530
  0.54170433037711729  0.55341922450573422  0.56505420813214757  0.57551291792972536
  0.58593318202952838  0.59660970941870795  0.60735058301664291  0.61781816661676037
  0.62868242857431822  0.64059726069327061  0.65224788847217607  0.66386990045108130
  0.67566444801971248  0.68815200303029134  0.69955960768070136  0.71101059357744045
  0.72248887230917314  0.73364789331609315  0.74451869415894067  0.75498025245571942
  0.76513583209222302  0.77498371901287966  0.78468885110645492  0.79465120688268742
  0.80466578686585133  0.81487568623576367  0.82506772181887111  0.83521003080601952
  0.84519177957080949  0.85520883460360508  0.86537913084622975  0.87560716971650532
  0.88628606447815583  0.89724838100128967  0.90846800659395299  0.91915190288052451
  0.92929629871491870  0.93917977584371015  0.94901800841685491  0.95910732896639050
  0.96920266743958672  0.97945544702747878  0.98968575003561532  1.00000000000000000
 -0.00244409635712421  0.01144504587371224  0.02262352627016672  0.03166227187386963
  0.04032732665689714  0.04802655583639680  0.05560199632339655  0.06298853517498836
  0.07012896340870314  0.07696242651552448  0.08368972656240860  0.09038343228836786
  0.09699519611015162  0.10358444477613162  0.11016040089332992  0.11670554979797640
  0.12342083670040532  0.12962836335981823  0.13577673622335720  0.14189896639386099
  0.14801942393744960  0.15404792842645990  0.16010230069758669  0.16610937920833371
  0.17216304124711307  0.17838178134170887  0.18472534550021119  0.19123745567297512
  0.19759637603123761  0.20383444534995721  0.21003510834478450  0.21636765029239430
  0.22281711835453519  0.22920789957587029  0.23543087952736771  0.24147136752667961
  0.24753539559645293  0.25365010399607579  0.25980876211870357  0.26603208662619460
  0.27246891567812870  0.27927617045809267  0.28632271802218373  0.29332016068971051
  0.30033323665729406  0.30733771551407968  0.31451288128644367  0.32183470300801076
  0.32906749286477532  0.33622602134510171  0.34311372902802750  0.35025722719221464
  0.35732844574144013  0.36438854933170128  0.37136241032838213  0.37823668811616223
  0.38512072716338963  0.39211551466853239  0.39938400359205750  0.40688731080555623
  0.41459820154574689  0.42258050802335073  0.43070256395965106  0.43896063075602987
  0.44757192899961312  0.45646527496026368  0.46548282384634826  0.47463461144211361
  0.48365926595805470  0.49259030572128526  0.50167811698060194  0.51097726221172590
  0.52060471772278960  0.53067970422919897  0.54106494110193371  0.55163091577244916
  0.56237943951050673  0.57335117208738973  0.58467692406733729  0.59639824825526799
  0.60863726197402512  0.62134475089323216  0.63513457329753054  0.64943889207827055
  0.66353795314761677  0.67812482221142845  0.69353915751099438  0.71030012711220492
  0.72956536560101126  0.75037546890047635  0.77212808372495523  0.79617933144181352
  0.82360848164336786  0.85677341354340386  0.90388521825737866  1.00000000000000000
 -0.01955051257713816  0.12378219846989209  0.16838690807903373  0.19811545253106441
  0.22334720323209448  0.24489459402856500  0.26296664528045405  0.27892920417834821
  0.29375774297071727  0.30778831670626011  0.32106261489281901  0.33411520851558119
  0.34699812099518218  0.35899787583670800  0.36991476928941919  0.38036494208617461
  0.39028721970362623  0.40007133784843862  0.40927011290472859  0.41827786259561556
  0.42716080186600502  0.43606479254305364  0.44479323427358630  0.45316748829825582
  0.46121966978691431  0.46889761461611973  0.47637959412920233  0.48382513315442122
  0.49129469496578898  0.49875465689677634  0.50630997046796955  0.51396351465523227
  0.52171981691556724  0.52951216812418611  0.53713298816018762  0.54449694144502625
  0.55151785066033787  0.55854202476740111  0.56544196945920988  0.57224194818343832
  0.57902080939478306  0.58568688387686529  0.59222860932732457  0.59883025544611479
  0.60540870985653783  0.61185523322420077  0.61819900654548310  0.62436375041855163
  0.63023040318946522  0.63587865252128961  0.64152365117965515  0.64717061742574955
  0.65280216970834515  0.65840930387307794  0.66385967885205210  0.66927773918392341
  0.67444925845834991  0.67967553967523409  0.68473802131151129  0.68995352560206957
  0.69519240671537252  0.70035981417896864  0.70548046118459851  0.71063130272115749
  0.71585893591283156  0.72111709173698957  0.72641837559029110  0.73197857946784162
  0.73765740847469563  0.74334688630937218  0.74896816904536612  0.75465874302448188
  0.76047508863215862  0.76642262519130144  0.77244974208103345  0.77843862611928893
  0.78428912949030039  0.79015102937286241  0.79586118442488007  0.80159307354468345
  0.80731206892600071  0.81315293511526043  0.81917945918685953  0.82525312333191669
  0.83141983220201721  0.83801856768495608  0.84506162498275028  0.85259710593837912
  0.86116097355622656  0.87047270649953390  0.88042157234809959  0.89120856044961583
  0.90401255195703134  0.92037780448637840  0.94484003426675034  1.00000000000000000
   9.8643777442864709E-008  -1.0000000000000000     
 F T T F F T T F
  <DiscreteSampler_grid>
  grouped_processes
  1 # 1 for a reference and 2 for a running grid.
  10 # Attribute 'min_bin_probing_points' of the grid.
  1 # Attribute 'grid_mode' of the grid. 1=='default',2=='initialization'
  0.0000000000000000 # Attribute 'small_contrib_threshold' of the grid.
  0.5000000000000000 # Attribute 'damping_power' of the grid.
 # binID   n_entries weight   weight_sqr   abs_weight
    31   10   3.183196168813969E+004   1.443259510570014E+009   3.183196168813969E+004
    32   10   3.183196168813969E+004   1.443259510570014E+009   3.183196168813969E+004
    34   10   3.183196168813970E+000   1.443259510570014E+001   3.183196168813970E+000
    35   10   3.183196168813970E+000   1.443259510570014E+001   3.183196168813970E+000
    37   10   3.183196168813970E+000   1.443259510570014E+001   3.183196168813970E+000
    38   10   3.183196168813970E+000   1.443259510570014E+001   3.183196168813970E+000
    40   10   3.183196168813969E+004   1.443259510570014E+009   3.183196168813969E+004
    41   10   3.183196168813969E+004   1.443259510570014E+009   3.183196168813969E+004
    43   10   3.183196168813969E+004   1.443259510570014E+009   3.183196168813969E+004
    44   10   3.183196168813969E+004   1.443259510570014E+009   3.183196168813969E+004
    46   10   3.183196168813970E+000   1.443259510570014E+001   3.183196168813970E+000
    47   10   3.183196168813970E+000   1.443259510570014E+001   3.183196168813970E+000
    49   10   3.183196168813970E+000   1.443259510570014E+001   3.183196168813970E+000
    50   10   3.183196168813970E+000   1.443259510570014E+001   3.183196168813970E+000
    52   10   3.183196168813969E+004   1.443259510570014E+009   3.183196168813969E+004
    53   10   3.183196168813969E+004   1.443259510570014E+009   3.183196168813969E+004
  </DiscreteSampler_grid>
