  0.00750178427038157  0.01452894032738869  0.02393768290175393  0.03460940287423180
  0.04497771959549561  0.05520589185492675  0.06557674559790648  0.07609882042048727
  0.08659744709831675  0.09702092562303363  0.10756728713380469  0.11819206483505872
  0.12874741923119465  0.13915677285190847  0.14960721852811876  0.15982758001760400
  0.17006782879144700  0.18027685079606318  0.19054244998524375  0.20072959356539899
  0.21098014903836509  0.22130809670393040  0.23164355096553574  0.24206652605611190
  0.25245173467404908  0.26287900708329104  0.27325831336033363  0.28367686333150161
  0.29399900472517265  0.30431870189067978  0.31472670402891534  0.32532242120974025
  0.33576343902883343  0.34620035638751623  0.35656725715526932  0.36704566087756035
  0.37752317201421010  0.38796821786604652  0.39866533907325558  0.40934001414695537
  0.41994163601972745  0.43039744486082809  0.44086474789549801  0.45135446074606739
  0.46180052238699415  0.47224076150295669  0.48260370080562542  0.49302766224910738
  0.50346287957714908  0.51404758840387554  0.52468857402362445  0.53537500482189149
  0.54607795214210120  0.55675546877078863  0.56729717077878306  0.57780709337307512
  0.58825608678109242  0.59873854793546488  0.60913108905425484  0.61947522518052733
  0.62988332425957771  0.64039661029516681  0.65092773850077734  0.66150573419470582
  0.67198338804620716  0.68249837405518710  0.69284909636557557  0.70320671941621160
  0.71358043361548851  0.72401827579901312  0.73434361908361068  0.74472009765193736
  0.75507707115981004  0.76554462000702950  0.77601227229811842  0.78660399172944240
  0.79727187932649746  0.80792371602345547  0.81850817850233792  0.82903517811498828
  0.83962059813464107  0.85017389307828439  0.86073705829801483  0.87113710578059478
  0.88171613472861321  0.89230781908296863  0.90286333617078207  0.91322153966496511
  0.92362433899850627  0.93417731428931572  0.94483166750857328  0.95565178144527085
  0.96636134542453400  0.97727848932234485  0.98849850007202833  1.00000000000000000
  0.00720631391480880  0.01611742909578138  0.02681443521876938  0.03816271097281982
  0.04913279776251816  0.05997784822326836  0.07067033795882405  0.08114140494294272
  0.09149342767126031  0.10187829225320810  0.11231809039533042  0.12277516046805030
  0.13319072196513562  0.14356664631700616  0.15393787526865849  0.16419840401650088
  0.17454984900193793  0.18505903129380011  0.19565569640811564  0.20611929595572540
  0.21646851714145568  0.22680887774808120  0.23712978902782986  0.24746645561618452
  0.25786715061756293  0.26839400911916195  0.27881078939085663  0.28920814332126360
  0.29974518643255399  0.31042330703365251  0.32110952844710983  0.33166121392302989
  0.34211844678712588  0.35243705526188207  0.36263325624197384  0.37279932020998929
  0.38304245201436399  0.39345760827224785  0.40395917414988980  0.41444664102722950
  0.42487130815743840  0.43526817050844080  0.44566559031578634  0.45596960329164815
  0.46634365908056835  0.47685963115944063  0.48742233565775078  0.49789648637349410
  0.50830984927294520  0.51874428974748898  0.52908252082870055  0.53936596015838156
  0.54983993876190074  0.56042169536806863  0.57084777448359370  0.58109851055398232
  0.59140534882490803  0.60183882807595757  0.61226614281299896  0.62260710716512246
  0.63301029670194953  0.64346744334966643  0.65394550194855761  0.66451483145758861
  0.67505121364664022  0.68559300821966174  0.69607437810278527  0.70656285029355681
  0.71716703182745012  0.72783359628579802  0.73839083050103349  0.74892815233386101
  0.75925201220775107  0.76958840780809179  0.77993322907398965  0.79025328354005064
  0.80056498570040602  0.81077038785199862  0.82111036111382762  0.83146883431849383
  0.84173322455231614  0.85204174222804419  0.86242107279859970  0.87285666860174782
  0.88315894850117038  0.89346410907446761  0.90380495636457547  0.91412475984366259
  0.92463606734894577  0.93510437581809636  0.94570118466998121  0.95618255069328650
  0.96702787143269398  0.97808684633419840  0.98905866445700841  1.00000000000000000
 -0.00252049848260746  0.00965965618523059  0.01977225277947658  0.03038951931026970
  0.04088406975624773  0.05147768234994565  0.06201855630158191  0.07258410487596209
  0.08321475828458441  0.09390359719744097  0.10465051793487423  0.11528166282700150
  0.12576065735198227  0.13629107908224777  0.14675272261968630  0.15727418413699470
  0.16780956100054370  0.17826354447906656  0.18861044954034689  0.19907805933778930
  0.20955552624622775  0.22017847384582334  0.23074427738212330  0.24135913661763442
  0.25173535355903986  0.26203997970982518  0.27230870444678468  0.28274324513502946
  0.29321109859958977  0.30367845848370512  0.31418904281279147  0.32482034039730368
  0.33544572203475376  0.34609493462050206  0.35676438288870804  0.36737271068704974
  0.37790910415204348  0.38831548812670746  0.39870081051803336  0.40908313573403143
  0.41955194770855714  0.43024251020939180  0.44101482068432651  0.45174116942836001
  0.46243437553274225  0.47306134190406574  0.48361305559019446  0.49413333499151924
  0.50466719335074051  0.51513065593697327  0.52553803783597197  0.53594185851368636
  0.54632902033072750  0.55673305802826090  0.56705542899514061  0.57745481660362064
  0.58802552321498491  0.59882440722285601  0.60961000069947446  0.62046871852415153
  0.63141034550129849  0.64232680759293304  0.65304437202992338  0.66349672993905218
  0.67396602714122955  0.68440292291165872  0.69493578458788041  0.70546367667765641
  0.71597444714176339  0.72641896997327493  0.73693564753763618  0.74745826473081456
  0.75803415680482078  0.76863304307496016  0.77932750184142252  0.79009336922003293
  0.80074239727773655  0.81137931943526942  0.82195256100310787  0.83263017955554697
  0.84332407389514874  0.85396813026742102  0.86453462060563258  0.87509675851451529
  0.88553156378954156  0.89600406009593614  0.90619684736422978  0.91649959017714633
  0.92691329323891913  0.93725420226687117  0.94773304716094331  0.95810408069181574
  0.96874410101482189  0.97922116900640555  0.98963280540324672  1.00000000000000000
 -0.00229381398293624  0.00951596566941815  0.01966249331059239  0.03028020008204155
  0.04089726450220137  0.05141864666634630  0.06179994726026643  0.07235319973233170
  0.08285484651069651  0.09361103326830618  0.10423978357083596  0.11464994667152338
  0.12501451337005967  0.13546363106185291  0.14611279766008595  0.15673396177401591
  0.16715746110981189  0.17759960471039979  0.18800922439208106  0.19853452216110962
  0.20907995562190695  0.21960676349781807  0.23011683611386363  0.24055857653054930
  0.25110003275655157  0.26158599606646671  0.27203328223457907  0.28238277673295170
  0.29265192969137999  0.30302382235177727  0.31344154155168141  0.32404660123721746
  0.33473212261306595  0.34557702510596716  0.35637673850039264  0.36703023378095212
  0.37772265080678524  0.38831872940702405  0.39884790011419313  0.40921753557522261
  0.41974069410662418  0.43032848710012300  0.44097863853987590  0.45166969407565705
  0.46240858150088637  0.47308576762556742  0.48364268237609126  0.49412297028231589
  0.50474689794469441  0.51534535301986817  0.52594699253224653  0.53630584285897520
  0.54674282459172840  0.55730352925332827  0.56796282085015282  0.57846034391047851
  0.58884996591158323  0.59912874022209783  0.60941213016741635  0.61966790983952824
  0.62998381948898530  0.64031501246038081  0.65061172315951799  0.66088668932296812
  0.67126335846919005  0.68169282582238822  0.69232309993255547  0.70325714278407847
  0.71405870754313294  0.72474459142800274  0.73518634189059395  0.74580440386579683
  0.75639508592286830  0.76709807063268576  0.77780273872461825  0.78855617505439679
  0.79929154679795489  0.81009549928549052  0.82064126866135167  0.83124460207512996
  0.84175101777568961  0.85232267186736421  0.86282092616379402  0.87315064301773426
  0.88373224062650191  0.89425532003503005  0.90509086653240267  0.91579847186230456
  0.92656179096006763  0.93718336100699406  0.94775416138330848  0.95832766577383210
  0.96887254327164685  0.97931337516831374  0.98968917899995734  1.00000000000000000
 -0.00252941745790003  0.00948414326238412  0.01951571215332604  0.02998974081268878
  0.04036293674651714  0.05102804415135286  0.06168672746140703  0.07233420058944838
  0.08295359079892173  0.09362813044733731  0.10424444378305593  0.11476753319347281
  0.12527940461497164  0.13590211400946986  0.14645109190310648  0.15697816665981917
  0.16739886833974854  0.17783594957630666  0.18825968565301168  0.19894607152469276
  0.20962929577287842  0.22035318946652258  0.23112375020587633  0.24190239034243752
  0.25287030891936174  0.26384264012782543  0.27477091367473860  0.28556244778498618
  0.29634774463664942  0.30705158096946161  0.31747819739983868  0.32785692297330077
  0.33832026425454759  0.34875099175723484  0.35903934458238246  0.36938450329030220
  0.37991702317798332  0.39040589683783650  0.40082242226571169  0.41112405348719222
  0.42155787778130938  0.43202969796106355  0.44255468653493180  0.45300099201493121
  0.46346108400409020  0.47385870028757066  0.48425213225689046  0.49472321053890389
  0.50532878066453668  0.51602354246870419  0.52660503057146779  0.53704235695353242
  0.54742276640583398  0.55764053619565679  0.56797827010445656  0.57833620941727970
  0.58895863933895509  0.59950834607148507  0.61010970223827243  0.62082229384209298
  0.63160308402881393  0.64226637892079852  0.65291987400855589  0.66358463814564894
  0.67437867258130169  0.68509604615671893  0.69556693008717052  0.70590431473819770
  0.71628395844532844  0.72675784038073532  0.73738839550920343  0.74794797803732282
  0.75857576332801357  0.76917728086466386  0.77957907477500965  0.79006054840870965
  0.80071371028832228  0.81143120660712431  0.82198107513607876  0.83252498459232160
  0.84287342311129321  0.85314928921264144  0.86328170583358954  0.87347236330259237
  0.88398494200531863  0.89447729912794993  0.90520008521530593  0.91581406443025726
  0.92648050335878396  0.93702485063715157  0.94743628100418409  0.95786900115722173
  0.96835053701087415  0.97899461018632095  0.98949664327453546  1.00000000000000000
 -0.00251493096883115  0.00962485012800895  0.01999943015931923  0.03062972391311409
  0.04132791212294430  0.05178909605795471  0.06213645753125824  0.07239564352826383
  0.08267963337448608  0.09285835940595220  0.10303387611740690  0.11329349075330489
  0.12357367541514026  0.13384017346111171  0.14413125092834486  0.15457594993549950
  0.16487600818961221  0.17536054096673614  0.18586785997950245  0.19644317790667665
  0.20699765276679380  0.21754251041799455  0.22808081139557795  0.23843293154124351
  0.24889533104399467  0.25925664872120346  0.26955944480456939  0.27999071490284760
  0.29056014509072997  0.30135600471258589  0.31207604719264614  0.32289431951429770
  0.33369307877397725  0.34444943814901818  0.35521428390276616  0.36592329241907928
  0.37655982549068384  0.38716440843598704  0.39774509662608060  0.40824655640629043
  0.41880672700531635  0.42924003357253726  0.43970169010084276  0.45013859925072774
  0.46072652978329109  0.47122117950234105  0.48167974301407601  0.49213647086709134
  0.50272708764008867  0.51330544273919565  0.52381502953346637  0.53434417625943365
  0.54487245282222618  0.55563279426312118  0.56655601031615865  0.57748590165177083
  0.58829684699887097  0.59895324793771765  0.60978784597591384  0.62054494077759281
  0.63131736796076421  0.64187542277123222  0.65236171993069825  0.66283727374095969
  0.67324972140596206  0.68364924152203743  0.69409092123479887  0.70465433620781681
  0.71518496970577894  0.72564841211927766  0.73606298697450701  0.74653396111764614
  0.75707487629985737  0.76770124333514167  0.77848369106429116  0.78928032312233320
  0.80006170304344204  0.81067156185824463  0.82123881502717344  0.83176901356301547
  0.84221681784420788  0.85265071055200115  0.86306893803023998  0.87352861431956863
  0.88393985944542530  0.89442483696746100  0.90489344717704578  0.91547790866701295
  0.92594012674099790  0.93648536069414878  0.94700636033417274  0.95751905473647714
  0.96812991711085117  0.97859199319100376  0.98930085774234489  1.00000000000000000
 -0.00223744163405699  0.00941187551583731  0.01934776556434920  0.02979342126386195
  0.04012606683799533  0.05067771281492166  0.06109561257753296  0.07165551307906673
  0.08206196504284291  0.09252302017935894  0.10296355908382944  0.11333187215068005
  0.12384085888333578  0.13446110145744861  0.14500530384275850  0.15546014964347665
  0.16587017107213128  0.17663178131673821  0.18737349786314322  0.19805534721827864
  0.20868661604577951  0.21927742077052911  0.22989802484009755  0.24042073459322352
  0.25108316738712610  0.26181584177014217  0.27255879263230370  0.28326408615181986
  0.29392222041853722  0.30476132624460545  0.31549162593233893  0.32612179699651067
  0.33666544214417288  0.34732091383858349  0.35786253374386162  0.36839089416346882
  0.37882910050584362  0.38929685404729386  0.39970151592322717  0.40998640722897395
  0.42027825132767110  0.43059832454955682  0.44103782253480445  0.45143783000421112
  0.46183708138346941  0.47233097397995155  0.48292135553978832  0.49351360966657903
  0.50406426459337161  0.51458777331020722  0.52508698678751897  0.53563432696372115
  0.54625165941238019  0.55695918795837329  0.56762929254692729  0.57832374523246088
  0.58885209776313130  0.59929187453351596  0.60970085947974462  0.62016069432287890
  0.63061643607770312  0.64109406039416328  0.65166998310912116  0.66236341744586147
  0.67295445697043588  0.68351120069762061  0.69409713935800899  0.70472811424566950
  0.71529020718581027  0.72577654814206627  0.73626989180400870  0.74679060161843169
  0.75730764328186806  0.76779110997777889  0.77832350251212135  0.78897705634304149
  0.79973442379170134  0.81045997508377698  0.82088756891924985  0.83127095014337749
  0.84173677186498230  0.85228085728119707  0.86285511134574755  0.87343331817967007
  0.88412911155777896  0.89479359610124765  0.90555117974083732  0.91628297098597833
  0.92689730491548028  0.93737396805841811  0.94789019242671302  0.95841702401353024
  0.96863253573044505  0.97901913641902727  0.98945730381754016  1.00000000000000000
 -0.00248321242284637  0.00952119975113135  0.01989992282914646  0.03057945812803912
  0.04136061974176438  0.05197406945133923  0.06278166572871964  0.07346516713706433
  0.08409968192778722  0.09439899257762718  0.10473915291847445  0.11514778195292412
  0.12560032878116864  0.13605985225886391  0.14662908735822131  0.15744446150810917
  0.16832682858480461  0.17922487650258104  0.19001568051971915  0.20066609504167091
  0.21135044855781146  0.22186607127531852  0.23246184959622376  0.24296130320541512
  0.25367266727769833  0.26432821057005895  0.27500350859694928  0.28555558205514064
  0.29606118209823373  0.30643799889317458  0.31679559427398363  0.32710207597826624
  0.33750375913521891  0.34802200576375775  0.35865986765307473  0.36933233758582157
  0.37995063582653699  0.39057151467523976  0.40111180422684017  0.41166566081641959
  0.42212754769913324  0.43253742376347032  0.44296378428480121  0.45346896316726992
  0.46387739654774335  0.47424793219432060  0.48459349896331855  0.49507739324107269
  0.50571979976396331  0.51634643789008028  0.52692218426838777  0.53739136574958846
  0.54791975635514067  0.55845362541406973  0.56901367167981676  0.57941948520762698
  0.58981016484715154  0.60030149695966772  0.61088890327759693  0.62148898366544025
  0.63189365822711474  0.64240001724925311  0.65295028303137903  0.66351837436707928
  0.67398810487183580  0.68448961002393061  0.69491397917566766  0.70525594689095128
  0.71547838922975415  0.72585656457524350  0.73629568144197699  0.74693793337249559
  0.75762241637776528  0.76834947395813513  0.77908233926599446  0.78976344611716076
  0.80055019422033924  0.81123699376398062  0.82173467886306384  0.83212799478744381
  0.84275411772180353  0.85342072600056762  0.86404552056584338  0.87461246850854868
  0.88518678060382272  0.89591704789796178  0.90633686677795500  0.91702780778823945
  0.92741211413470204  0.93790661557666388  0.94828759571762533  0.95868326423233097
  0.96901039186213267  0.97923658773694577  0.98960620499265439  1.00000000000000000
  0.00938012230762476  0.02648269205185269  0.04169002364888241  0.05399257533255317
  0.06528646015853526  0.07623483474869960  0.08707924727516682  0.09783305679781862
  0.10859579485956455  0.11946605381428095  0.13043037713345296  0.14126202484829467
  0.15169319284632421  0.16185929044059427  0.17194820621300044  0.18213333334304407
  0.19237914131080991  0.20256143655329589  0.21269358384297227  0.22289454595203836
  0.23311347184306305  0.24329590566459269  0.25340373830126683  0.26352957290538143
  0.27370999463365281  0.28396374432937310  0.29429285841681746  0.30467853784227844
  0.31502183581807652  0.32522712101762941  0.33536906571412650  0.34557709921127011
  0.35579922796824826  0.36598363682782042  0.37608761520397549  0.38617878931616129
  0.39635848919807332  0.40656098419062803  0.41685538388938409  0.42716269518748495
  0.43744485983367642  0.44772990143106067  0.45795752580997912  0.46820280044327905
  0.47845505624672474  0.48863326847680821  0.49878644817421602  0.50898123601966316
  0.51921649684018856  0.52943298866655164  0.53956316979143659  0.54972406569897803
  0.55989437644491391  0.57006366293509692  0.58022099520800996  0.59044694566042288
  0.60072646476001013  0.61104169611546821  0.62134934463113245  0.63152239749909722
  0.64161075868889961  0.65168472023792268  0.66177262803342840  0.67190380667847094
  0.68206959056883820  0.69237464747067190  0.70272116075196822  0.71316993938995388
  0.72344038042357850  0.73374510022546413  0.74383263627165208  0.75401876198872664
  0.76418911100449305  0.77426496942632406  0.78433821900587142  0.79432470620752671
  0.80435825008162520  0.81435890293549473  0.82458240382800374  0.83469567653210452
  0.84486460003971109  0.85502040383708877  0.86534513023431980  0.87559649461062838
  0.88564907443677110  0.89572577781808160  0.90581829284454796  0.91592266970716796
  0.92584763707973949  0.93596488547140066  0.94603946048265608  0.95623567490528172
  0.96640037848243177  0.97665997414984551  0.98789540838490619  1.00000000000000000
 -0.01956802208733113  0.12280625243345872  0.16809140256134425  0.19721320956087024
  0.22112118841064934  0.24165874925177322  0.25992725179115100  0.27657175704454118
  0.29200859226506803  0.30644255832386302  0.31996784913355625  0.33274613845060258
  0.34494297715344652  0.35667183127427254  0.36790117779676551  0.37873280717695990
  0.38920450609125978  0.39942619639474702  0.40933072251207475  0.41896480144640935
  0.42830644585542171  0.43750891959815924  0.44657237907079089  0.45547051673251460
  0.46415220392315143  0.47260377303407142  0.48092359143848817  0.48897590610356989
  0.49694815374821055  0.50474217825785861  0.51242804407470466  0.52003322608852987
  0.52744031761462240  0.53478548464906528  0.54203312881141030  0.54919022871126122
  0.55628782238607477  0.56327924083851721  0.57013198898565232  0.57688954750909227
  0.58356750018876413  0.59016287993021310  0.59670168687782055  0.60317623676324783
  0.60954256567570675  0.61581443267920510  0.62201379221422015  0.62811960363214725
  0.63413910259269513  0.64012298559707770  0.64607231760863804  0.65190375499660147
  0.65771646640404702  0.66348732480015649  0.66918772179879749  0.67483298945587167
  0.68044467655792729  0.68603716117038105  0.69160853485245211  0.69715196184163075
  0.70269857237744349  0.70822087395717470  0.71371367816677833  0.71918189831412271
  0.72462410555828849  0.73004178108136697  0.73545171603972348  0.74085536745293490
  0.74625498193152984  0.75164272533986110  0.75701572728266375  0.76240154950157490
  0.76781520084282096  0.77326701317200019  0.77877068356640722  0.78429474787866771
  0.78984418658090327  0.79547210222010167  0.80119604812404699  0.80698593645168804
  0.81288013235828682  0.81889868071690464  0.82500326950266634  0.83123860882870004
  0.83773590058627412  0.84447358698364416  0.85143109205289724  0.85879964489092331
  0.86671335829388707  0.87508645414471253  0.88441467594958190  0.89472393270123929
  0.90690765851686750  0.92231697114843625  0.94576940344921645  1.00000000000000000
   4.5714714865310348E-004  -1.0000000000000000     
 F F F F F F F F F F F F F F F F T T T T T T T T T T T T T T T T T T T T T T T T T T T T T T T T F F F F F F F F F F F F F F F F F F F F F F F F F F F F F F F F T T T T T T T T T T T T T T T T T T T T T T T T T T T T T T T T F F F F F F F F F F F F F F F F
  <DiscreteSampler_grid>
  grouped_processes
  1 # 1 for a reference and 2 for a running grid.
  10 # Attribute 'min_bin_probing_points' of the grid.
  1 # Attribute 'grid_mode' of the grid. 1=='default',2=='initialization'
  0.0000000000000000 # Attribute 'small_contrib_threshold' of the grid.
  0.5000000000000000 # Attribute 'damping_power' of the grid.
 # binID   n_entries weight   weight_sqr   abs_weight
    31   10   1.141002468998099E+008   3.593859951763295E+016   1.141002468998099E+008
    32   10   1.141002468998099E+008   3.593859951763296E+016   1.141002468998099E+008
    34   10   1.141002468998098E+004   3.593859951763293E+008   1.141002468998098E+004
    35   10   1.141002468998099E+004   3.593859951763295E+008   1.141002468998099E+004
    37   10   1.141002468998098E+004   3.593859951763293E+008   1.141002468998098E+004
    38   10   1.141002468998099E+004   3.593859951763295E+008   1.141002468998099E+004
    40   10   1.141002468998099E+008   3.593859951763295E+016   1.141002468998099E+008
    41   10   1.141002468998099E+008   3.593859951763296E+016   1.141002468998099E+008
    43   10   1.141002468998099E+008   3.593859951763295E+016   1.141002468998099E+008
    44   10   1.141002468998099E+008   3.593859951763296E+016   1.141002468998099E+008
    46   10   1.141002468998098E+004   3.593859951763295E+008   1.141002468998098E+004
    47   10   1.141002468998098E+004   3.593859951763295E+008   1.141002468998098E+004
    49   10   1.141002468998098E+004   3.593859951763295E+008   1.141002468998098E+004
    50   10   1.141002468998098E+004   3.593859951763295E+008   1.141002468998098E+004
    52   10   1.141002468998099E+008   3.593859951763295E+016   1.141002468998099E+008
    53   10   1.141002468998099E+008   3.593859951763296E+016   1.141002468998099E+008
  </DiscreteSampler_grid>
