  0.00755415456309873  0.01434778479071278  0.02391196250989956  0.03457297168747128
  0.04490491355112206  0.05529993797738898  0.06557794006057613  0.07555606817395716
  0.08548677539889084  0.09549929787995808  0.10560635843573080  0.11578787882098222
  0.12605085800011026  0.13646319764801135  0.14687888359978069  0.15730508430074069
  0.16778655121254793  0.17830692558955660  0.18880224679292296  0.19916671254748378
  0.20958418853856425  0.22008324260981285  0.23052543263686176  0.24101542325877648
  0.25138887061366816  0.26188488556834610  0.27239369408948017  0.28300590097915823
  0.29369372102709362  0.30407300226464501  0.31463182019310909  0.32514629335801326
  0.33565454442252640  0.34583018531436205  0.35598035812049805  0.36641423768904463
  0.37684402488955643  0.38745549830371645  0.39807724154698693  0.40893764829721863
  0.41966524074182082  0.43013749517785793  0.44061993786765813  0.45100574749048217
  0.46139300833676627  0.47185725392592964  0.48229761763889395  0.49293169322002001
  0.50349971189742659  0.51430322473871581  0.52484238746792267  0.53538695884015042
  0.54598406396988142  0.55667778724588435  0.56719658549989915  0.57749476663931143
  0.58779660659676014  0.59826645204218676  0.60881169079683339  0.61948986186668731
  0.63023928815484165  0.64088248070647014  0.65143705004684405  0.66190764611551478
  0.67239778766839053  0.68286693830462342  0.69332009947093476  0.70365175333240759
  0.71405386609865462  0.72428761005801157  0.73473799748882695  0.74509637045306532
  0.75569981826390664  0.76631780902870417  0.77687284613899310  0.78726989940811809
  0.79769643997465878  0.80811245633091955  0.81848682960984132  0.82888430539986746
  0.83945082102778379  0.84996673991019434  0.86043206561564733  0.87087505620585715
  0.88132763915459456  0.89183597705512208  0.90232147726571765  0.91278667105459466
  0.92330155667359570  0.93387436386825839  0.94456861612210008  0.95528696564823057
  0.96614728735856248  0.97706048646473187  0.98839193038823192  1.00000000000000000
  0.00725914057517910  0.01575842340714417  0.02661609863087541  0.03773777733509402
  0.04845006885116225  0.05903312136577445  0.06960806254248640  0.08027569397489402
  0.09095346084814815  0.10153962089027123  0.11199178870508533  0.12241795924783047
  0.13281831199411465  0.14318446050259553  0.15358413483005881  0.16384348507262073
  0.17411409883767723  0.18439895304021869  0.19480090198474700  0.20529129504386359
  0.21574173240135827  0.22625802654679761  0.23669898560387728  0.24724982460634654
  0.25778675409426166  0.26832236607219939  0.27870070414318643  0.28915350023999487
  0.29961725316467192  0.31020385801883799  0.32063075588163048  0.33098897288473422
  0.34118747900512825  0.35141453486489393  0.36159010035138284  0.37185736271095565
  0.38216015974743539  0.39265114277999524  0.40306702074990514  0.41349812934207281
  0.42378544572458038  0.43409984366436677  0.44444312569039091  0.45474057009525559
  0.46504720445755521  0.47537314050669155  0.48583007294795083  0.49630779852920826
  0.50673594784592679  0.51720855952016853  0.52774267424353050  0.53826236229562952
  0.54871642444811219  0.55906560979450903  0.56935448841550385  0.57963276704313571
  0.58994853183549778  0.60035703585900302  0.61082202320228740  0.62118525036500194
  0.63150382416169060  0.64173172704959214  0.65214975283203236  0.66265519806978801
  0.67324289213577126  0.68381938744882520  0.69447054365126992  0.70510706149329683
  0.71563131518835199  0.72608245613528954  0.73657230700272180  0.74703937655117303
  0.75748068523872414  0.76781423343464417  0.77824645600595854  0.78873876691518852
  0.79923264001694583  0.80976472135396871  0.82020948125822901  0.83067032000294061
  0.84072741248681160  0.85070727983564620  0.86088451718906245  0.87144668135614312
  0.88214149679014919  0.89276352205751897  0.90342915903201104  0.91423450296992514
  0.92486198974169953  0.93551288700465429  0.94613729855875650  0.95680570688578892
  0.96746724446459897  0.97820381007851032  0.98907730776879044  1.00000000000000000
 -0.00248952851315479  0.00930932307809260  0.01947859828687085  0.03008301373974488
  0.04060539594297682  0.05125473535188615  0.06179537788558993  0.07222347675639537
  0.08261457854212012  0.09310671247606295  0.10359334076422592  0.11392023712282048
  0.12428574079753016  0.13485059485188447  0.14547119003552789  0.15582665840175086
  0.16618839877240701  0.17664302110191324  0.18710962710510176  0.19742510085237591
  0.20763202924128557  0.21797423390408785  0.22836797767895617  0.23883541224513496
  0.24932090773573656  0.26002662775544821  0.27063847792718793  0.28126202020198410
  0.29180323832951915  0.30267889730531039  0.31340278036353381  0.32394826581685987
  0.33442702172163807  0.34510280602839372  0.35579116900669933  0.36638952664825170
  0.37677207939174484  0.38697958703175617  0.39719341150732812  0.40754702903695306
  0.41809850836936913  0.42863782842059450  0.43910522123888890  0.44967811107917105
  0.46018395360852726  0.47062662592769311  0.48103442805889934  0.49151561911793518
  0.50229162500382696  0.51286336485751138  0.52338158034771221  0.53394824199171154
  0.54459646361490222  0.55532807458905786  0.56592672171068581  0.57648704146246865
  0.58701783270172170  0.59761147822720628  0.60827425090230358  0.61883078517182943
  0.62929908131218837  0.63977784467200827  0.65030179915221009  0.66080685627975433
  0.67137291141305211  0.68203135871472187  0.69260864315426907  0.70318072051661118
  0.71384984224916714  0.72461637011193336  0.73529999844884719  0.74582333639829956
  0.75630215649886812  0.76686377483520929  0.77735808451600552  0.78788581216048093
  0.79836715204305164  0.80881059308845249  0.81936966022783619  0.82973810564552375
  0.84019307212723537  0.85068395222097537  0.86139697901803758  0.87214062775092083
  0.88280942409937357  0.89347625787000051  0.90398220012208363  0.91463863971713788
  0.92540669629450822  0.93625586313191345  0.94690401723225004  0.95759598971171500
  0.96833095673303371  0.97904196499968155  0.98951195382565360  1.00000000000000000
 -0.00253719303409175  0.00961383449004264  0.01981476860266324  0.03007957810497327
  0.04037893757863156  0.05069937518449313  0.06116864566824232  0.07152338927977299
  0.08197576523700437  0.09260047597264343  0.10319074801965088  0.11370925852412329
  0.12420689862981882  0.13463192502006097  0.14515409473960661  0.15571585062996199
  0.16639603239331716  0.17691031068390475  0.18747653374324047  0.19814218709518963
  0.20889610707230150  0.21965498687148849  0.23029903813808131  0.24089469630737956
  0.25142827350287911  0.26194912437330808  0.27252274563558465  0.28309919758301627
  0.29369126254970440  0.30417588649637939  0.31474242893952797  0.32539873585746143
  0.33613607262419781  0.34689271502372121  0.35762794767140071  0.36826657511168703
  0.37865347975346825  0.38898241853089127  0.39945690221895147  0.41000109832173337
  0.42052247632247269  0.43093818371641740  0.44133119530889314  0.45174486944114556
  0.46217854652841661  0.47266892619085871  0.48322148527602965  0.49382729566094030
  0.50447553898956132  0.51505428321184643  0.52577042607749713  0.53643606201776695
  0.54708228656781421  0.55749235267626784  0.56787827689663162  0.57827243861314026
  0.58889208683135330  0.59958398742473595  0.61021216777622256  0.62079555026714528
  0.63126330606662673  0.64172800338324365  0.65212388911224684  0.66253161010447925
  0.67301677416553363  0.68344443301530811  0.69400183118268521  0.70461411699997412
  0.71507417882531987  0.72561478859966033  0.73604882475809974  0.74656117439623082
  0.75710418450614902  0.76763900403223462  0.77796795710531719  0.78817749665950132
  0.79846732712393775  0.80908683486428767  0.81980798032648239  0.83046815155120612
  0.84120226144155075  0.85194348848647483  0.86268727512666243  0.87325800279896404
  0.88376497170477109  0.89431930438518836  0.90488173439046560  0.91546721595333624
  0.92597705481407455  0.93648819411670248  0.94705298416601602  0.95764278920246959
  0.96819083822357432  0.97868509860684627  0.98937270674985989  1.00000000000000000
 -0.00247215269700672  0.00970547224322271  0.01994227001835817  0.03057092204703393
  0.04116145587550982  0.05188703240841475  0.06255847178910674  0.07318130330386499
  0.08401002464283604  0.09473935009341072  0.10537600736870213  0.11570075870865987
  0.12608847043723781  0.13643001509926944  0.14695248576951189  0.15773812560831241
  0.16871004626547598  0.17961164468505281  0.19039462330089008  0.20099901756398586
  0.21144624834684539  0.22175548985072929  0.23207386102983818  0.24230524038462825
  0.25253539814657117  0.26276642284270491  0.27309536291681902  0.28364882492198640
  0.29417809878799300  0.30470472288552186  0.31513280435304841  0.32565591170279029
  0.33625175463205287  0.34684213226059574  0.35735670398301606  0.36787611529918129
  0.37842375594757177  0.38912681597689824  0.39978949836351918  0.41048402334732681
  0.42117149113891522  0.43190195095682371  0.44251423347790808  0.45315389401888140
  0.46386042012968970  0.47463937307522897  0.48545248968742061  0.49612785447536073
  0.50681586754175312  0.51732597300720251  0.52794065371393728  0.53856169765450135
  0.54909698870753343  0.55967504622881492  0.57017447633246543  0.58070617517616363
  0.59114845357836743  0.60163806128969355  0.61214075612233787  0.62272224686748023
  0.63344771250610699  0.64410644737052325  0.65436793648976899  0.66472860514873167
  0.67533760343806448  0.68595037417484073  0.69650772410275730  0.70691480730468448
  0.71754875735205725  0.72814296981732785  0.73871861828167473  0.74946963386129817
  0.75998123979609322  0.77048978271268109  0.78092687357460544  0.79142227164255996
  0.80193483949214084  0.81235341375107095  0.82291436441580690  0.83337249093775778
  0.84390456827483418  0.85416908462094621  0.86477583025671567  0.87529444916581556
  0.88598976106523242  0.89656259938617600  0.90721283813296416  0.91780146537137530
  0.92818524195779517  0.93857023939450612  0.94874167467383541  0.95888710611767547
  0.96900593743441477  0.97918010770554720  0.98955100963421383  1.00000000000000000
 -0.00259126521949669  0.00965529121704897  0.01999866411960068  0.03074870434499557
  0.04138606642793600  0.05211189907343103  0.06256149615370578  0.07317536499809052
  0.08374438650538275  0.09450680744436313  0.10531580472135880  0.11599177164815372
  0.12670390995176894  0.13729031823820484  0.14787137733791864  0.15836420395764403
  0.16886501633632264  0.17931012052223697  0.18973675674129969  0.20009466818137175
  0.21055201522796155  0.22135360312892238  0.23217201692903888  0.24282285982462268
  0.25330775303567882  0.26383719554115048  0.27422201173997302  0.28454350108095450
  0.29492837020354923  0.30548829663570792  0.31610604320566760  0.32663861943768813
  0.33723164977050307  0.34767702637794728  0.35818577525817619  0.36877722950419239
  0.37956405538945376  0.39018431760127714  0.40076326926762407  0.41125778958034720
  0.42175714419698407  0.43210877875623976  0.44238078974532730  0.45262382976670207
  0.46287245295011753  0.47324372285621147  0.48363004513184704  0.49414272899703954
  0.50470435484606369  0.51549202591376941  0.52611294137452180  0.53659293627919780
  0.54713930938211253  0.55769025151495799  0.56809359938507276  0.57826397241678451
  0.58852973141356435  0.59890611667131233  0.60921720775245713  0.61958142046985443
  0.63000840738029251  0.64057505787349311  0.65107565755394492  0.66152839005557384
  0.67199461703396546  0.68251560241802156  0.69313179499470434  0.70371836766407891
  0.71414219017269198  0.72441919060285409  0.73473883630308134  0.74522427733510088
  0.75572004305017138  0.76624864430366613  0.77689825246092226  0.78754357935739794
  0.79826013959443154  0.80887784907678606  0.81949956465150553  0.83011595007304761
  0.84088893814733623  0.85167931836543087  0.86219591090372683  0.87269386646743219
  0.88335268190830107  0.89410088326296122  0.90474885784859083  0.91539147700904666
  0.92592148054452128  0.93633838274029269  0.94689864323696571  0.95763052985533570
  0.96843892082514804  0.97898864179875278  0.98956309055614955  1.00000000000000000
 -0.00237612452034378  0.00955655202406564  0.01961724630069326  0.03011335210480083
  0.04034857525154223  0.05075333450834184  0.06119693066218769  0.07191916903373946
  0.08255625566243009  0.09307251522582483  0.10354934433263865  0.11377085685070856
  0.12414293856889046  0.13453681444893412  0.14503987171461277  0.15556949284846150
  0.16615565616048197  0.17684700987166213  0.18755797735324256  0.19808353529595440
  0.20870665694322679  0.21941856424775422  0.23006797703518575  0.24063332921419070
  0.25123199607098823  0.26210081431782090  0.27279786040285103  0.28329403588464569
  0.29370212933400691  0.30405958429094615  0.31452826553846441  0.32501348593107632
  0.33543910162436369  0.34593548420487402  0.35655492858466986  0.36737764615146440
  0.37809513601176969  0.38872959550580838  0.39932220845492045  0.40993587094845818
  0.42037677893816700  0.43091970939073898  0.44139028689193005  0.45197905084909173
  0.46252172154562043  0.47305242713290585  0.48352550623014395  0.49405020241830394
  0.50462903000501014  0.51510879477270777  0.52547813570112889  0.53573704772158637
  0.54611256800127084  0.55647877982489224  0.56677753178480006  0.57703874860996862
  0.58728339211828418  0.59767563333907670  0.60813611027396441  0.61870577540467997
  0.62938379750098417  0.64008590122324516  0.65065798013346854  0.66114081173225603
  0.67165575237645514  0.68221356411425249  0.69272338803614253  0.70320626060348179
  0.71372938627296412  0.72436539379720144  0.73501370042849001  0.74559113571864288
  0.75603808776204673  0.76647902735527440  0.77682417635576884  0.78728013629222915
  0.79776758578144724  0.80844973268731890  0.81899934305879751  0.82959969605623474
  0.84005965454755460  0.85059725083016524  0.86094595175873112  0.87136737185548585
  0.88186699189171958  0.89239308567092568  0.90293485352749847  0.91353431541553609
  0.92418720191655956  0.93487732538866286  0.94567953801713356  0.95651414576913163
  0.96741327121785692  0.97815313742936250  0.98912873033673943  1.00000000000000000
 -0.00249092210000911  0.00976168062462431  0.01993530754130583  0.03035816463904010
  0.04066548634466385  0.05126808566291573  0.06196390240449753  0.07234821106726594
  0.08267048425692826  0.09306633731801342  0.10360393106318873  0.11396888264875070
  0.12429300236629737  0.13461284978058760  0.14504184760130090  0.15566223213536812
  0.16622610666237106  0.17685984949588623  0.18745095927769967  0.19826875959915188
  0.20906503194964268  0.21964410656797267  0.23029245980039104  0.24095057289036367
  0.25171762075347265  0.26223408119297503  0.27271004752176475  0.28328731133124979
  0.29390420633199904  0.30468898381384824  0.31550432098884296  0.32617176320602786
  0.33680932656090967  0.34720074771661308  0.35751215562751532  0.36775985948022477
  0.37812457785275494  0.38874932519890154  0.39931736866557649  0.40988251730446174
  0.42047450995240926  0.43106727259103811  0.44163432738367508  0.45218574169275594
  0.46267755914058406  0.47322605205334350  0.48361339254773444  0.49398214727004025
  0.50446139785077115  0.51500976796614684  0.52559981122224797  0.53616870852502796
  0.54677922534834000  0.55751940938166644  0.56820036411621067  0.57891533386390714
  0.58958625186339797  0.60013354977204680  0.61073919404661925  0.62133256486624711
  0.63201340328544808  0.64244982701823283  0.65280838321687928  0.66306867149690085
  0.67336527910865029  0.68379051126924484  0.69432994375341150  0.70504527978758258
  0.71558955079541964  0.72596635519273423  0.73637170334919899  0.74676399948685634
  0.75728630448687584  0.76786312379437660  0.77869022460827675  0.78949474135923126
  0.80008596372918284  0.81057793040027515  0.82104365299583815  0.83161781561525905
  0.84213196686927705  0.85260076554784481  0.86306400436734598  0.87337026152551833
  0.88378712069983412  0.89418788992933529  0.90473723497134573  0.91531386605682064
  0.92589434926499536  0.93648861189949939  0.94690019694316419  0.95743636994607328
  0.96809440824042836  0.97884014305750544  0.98942785486019236  1.00000000000000000
  0.01017320987696735  0.02689941768599199  0.04210204523372571  0.05412588519509808
  0.06525076856738764  0.07601979187240918  0.08670854793789379  0.09742015895290876
  0.10808492996951050  0.11866559375572296  0.12918228282599117  0.13968475754226858
  0.15021518857376295  0.16073570517793626  0.17126510053332475  0.18179781600276090
  0.19227116100801833  0.20270504966354869  0.21310073250526146  0.22342249480754239
  0.23360418085785178  0.24373170728325944  0.25392541258116469  0.26417723116151132
  0.27443567633489846  0.28468325412652540  0.29492316730114915  0.30512503034601191
  0.31531616541011692  0.32553103883685441  0.33577058191463660  0.34605687135593688
  0.35639298244127404  0.36682413683686765  0.37723832098702875  0.38758257209506736
  0.39787634156893253  0.40818217445723265  0.41852462862600226  0.42878849616549647
  0.43899375090498999  0.44920235639405104  0.45942716224206870  0.46967170198571701
  0.47996492885682346  0.49019356445110351  0.50033165397987722  0.51041643876722920
  0.52060824564069086  0.53096176145280694  0.54140867439823381  0.55185174446112251
  0.56235696078013087  0.57285327172470868  0.58331165327617707  0.59362818227647596
  0.60377345574816665  0.61382372813779384  0.62375584883022317  0.63366034933982018
  0.64355011566430032  0.65346179149628802  0.66340628364645882  0.67342141660466925
  0.68341157196786828  0.69341187063834486  0.70328697461680789  0.71323189473748894
  0.72317462982637937  0.73327057449349498  0.74355110521062484  0.75372806140410420
  0.76398359273051408  0.77411455116429784  0.78436533753891313  0.79445030726000077
  0.80439272184630406  0.81436223512157313  0.82436514055348908  0.83449304848696804
  0.84474791252023085  0.85485243299704128  0.86493180457579011  0.87490782237433562
  0.88492110016663583  0.89481851487341912  0.90478014265467432  0.91480945781131984
  0.92505883283488044  0.93527768902832054  0.94538696195675942  0.95551016717127268
  0.96592246118051428  0.97645232869694965  0.98791159946640006  1.00000000000000000
 -0.01974014802539576  0.12268529028907042  0.16810975870631789  0.19742022044653240
  0.22137372476254039  0.24167022245588674  0.25976647269320247  0.27634243426615496
  0.29177940725562551  0.30621212370318729  0.31976760568234824  0.33262397573362479
  0.34484225353936598  0.35655070066509004  0.36780569401472346  0.37871371746273397
  0.38924177139380378  0.39945517655622742  0.40933318367099414  0.41900253516591024
  0.42840919157286189  0.43764152202068685  0.44664455906287986  0.45546846086099124
  0.46407392045287899  0.47248489649107439  0.48076423076326835  0.48881853787282531
  0.49678854600943234  0.50460950454718523  0.51228555706200285  0.51991176887409796
  0.52733591561666127  0.53467454192966291  0.54190013573382290  0.54898779772177320
  0.55602190339177482  0.56298315245196218  0.56985326069637565  0.57662972558325110
  0.58332153777668061  0.58989979091968436  0.59641143823167830  0.60287686840835086
  0.60923399962037361  0.61552260525087732  0.62173907643457138  0.62787927205852168
  0.63393658209189496  0.63995291294944889  0.64595165789408149  0.65181484843180437
  0.65763038207014390  0.66339419001768873  0.66908241018744830  0.67473179125943605
  0.68037214317735228  0.68600511893159710  0.69161593598626880  0.69718268795423533
  0.70271293953295899  0.70820864999622446  0.71365514121443907  0.71907247649047001
  0.72446811868476180  0.72983594234570470  0.73516623191062358  0.74048544104826952
  0.74582168277917760  0.75118347396731189  0.75657233014776759  0.76198878303620199
  0.76740813191331814  0.77284116196022756  0.77833054249474598  0.78383564802702343
  0.78939633147937616  0.79503679440323671  0.80076627978362391  0.80656000078687462
  0.81244316980592102  0.81847869457728450  0.82465297785971603  0.83094873936656521
  0.83751624240851952  0.84431353026014333  0.85131588779475198  0.85869567239551758
  0.86657444458523891  0.87491330088313257  0.88422363160011408  0.89458018178443821
  0.90675695113125476  0.92213453458482941  0.94562009758960242  1.00000000000000000
   4.5759720324657578E-004  -1.0000000000000000     
 F F F F F F F F F F F F F F F F T T T T T T T T T T T T T T T T T T T T T T T T T T T T T T T T F F F F F F F F F F F F F F F F F F F F F F F F F F F F F F F F T T T T T T T T T T T T T T T T T T T T T T T T T T T T T T T T F F F F F F F F F F F F F F F F
  <DiscreteSampler_grid>
  grouped_processes
  1 # 1 for a reference and 2 for a running grid.
  10 # Attribute 'min_bin_probing_points' of the grid.
  1 # Attribute 'grid_mode' of the grid. 1=='default',2=='initialization'
  0.0000000000000000 # Attribute 'small_contrib_threshold' of the grid.
  0.5000000000000000 # Attribute 'damping_power' of the grid.
 # binID   n_entries weight   weight_sqr   abs_weight
    31   10   5.203286792153039E+007   6.356351779158056E+015   5.203286792153039E+007
    32   10   5.203286792153037E+007   6.356351779158053E+015   5.203286792153037E+007
    34   10   5.203286792153038E+003   6.356351779158054E+007   5.203286792153038E+003
    35   10   5.203286792153038E+003   6.356351779158051E+007   5.203286792153038E+003
    37   10   5.203286792153038E+003   6.356351779158054E+007   5.203286792153038E+003
    38   10   5.203286792153038E+003   6.356351779158051E+007   5.203286792153038E+003
    40   10   5.203286792153039E+007   6.356351779158056E+015   5.203286792153039E+007
    41   10   5.203286792153037E+007   6.356351779158053E+015   5.203286792153037E+007
    43   10   5.203286792153039E+007   6.356351779158057E+015   5.203286792153039E+007
    44   10   5.203286792153037E+007   6.356351779158051E+015   5.203286792153037E+007
    46   10   5.203286792153038E+003   6.356351779158054E+007   5.203286792153038E+003
    47   10   5.203286792153038E+003   6.356351779158051E+007   5.203286792153038E+003
    49   10   5.203286792153038E+003   6.356351779158054E+007   5.203286792153038E+003
    50   10   5.203286792153038E+003   6.356351779158051E+007   5.203286792153038E+003
    52   10   5.203286792153039E+007   6.356351779158057E+015   5.203286792153039E+007
    53   10   5.203286792153037E+007   6.356351779158051E+015   5.203286792153037E+007
  </DiscreteSampler_grid>
