  0.00914027238004941  0.01565799613915866  0.02448910729819061  0.03507197876329519
  0.04526856391450390  0.05556681498729130  0.06584684007044930  0.07619214258298922
  0.08661330072360196  0.09712351048326134  0.10764382435829245  0.11816651810832883
  0.12863506580217288  0.13917840589963848  0.14965395882131530  0.16029963317615614
  0.17094400258921358  0.18151607925212690  0.19199797750583217  0.20236491035783671
  0.21285478726008278  0.22336267942257698  0.23396948479535781  0.24450092616809196
  0.25503453224076850  0.26567749973606269  0.27628976046836190  0.28685070512715877
  0.29723673411103835  0.30766911441464800  0.31796600338955877  0.32821922365315032
  0.33851121119953365  0.34896186473115925  0.35941907277620994  0.37005045986475132
  0.38071818214343089  0.39144524569389810  0.40199115106816069  0.41235061827364455
  0.42267490388053991  0.43291591806494356  0.44324896068698227  0.45357313075890976
  0.46399423235978515  0.47435542609958831  0.48478094007627059  0.49527223590951930
  0.50574394922992849  0.51613964977912152  0.52649844097595377  0.53699673468754638
  0.54756767958438735  0.55825447532416239  0.56888003962892442  0.57956763278787293
  0.58989027794084203  0.60019656247477049  0.61037798190787207  0.62061624151896699
  0.63073212018007574  0.64074951356128984  0.65092613555608836  0.66125900559991646
  0.67162803364766954  0.68200752158279920  0.69240622919911088  0.70313674331157394
  0.71387226414381200  0.72477995307612131  0.73541043589989252  0.74580060212743426
  0.75600080018112059  0.76603993380358737  0.77626230320510692  0.78656009822402517
  0.79682163174448140  0.80713082090753674  0.81740805423232044  0.82801041623819227
  0.83848069504852873  0.84908824624543133  0.85957172499409096  0.87002415050258253
  0.88062836552989199  0.89135102795569321  0.90221840373673967  0.91291502263591451
  0.92358527306587823  0.93432985591467921  0.94506027346677457  0.95601245010626323
  0.96683782712076949  0.97772646217717751  0.98873655338974109  1.00000000000000000
  0.00734306846216020  0.01499786608182732  0.02523998637579237  0.03658216302150976
  0.04750534258077871  0.05827482612823676  0.06907661165278239  0.07998056659464914
  0.09082588627679200  0.10156155586395264  0.11209836012681264  0.12263892225189782
  0.13329700528442451  0.14408719231566625  0.15457967464045022  0.16515063225867327
  0.17570690786658899  0.18612315682978589  0.19630084681975812  0.20648723877688074
  0.21677417286642264  0.22710403333955428  0.23742094208839526  0.24783436180322482
  0.25826951913656904  0.26864069251110329  0.27891822375543962  0.28914436897429224
  0.29941995910181074  0.30981566013937090  0.32026527479889300  0.33061215710073533
  0.34079336852165953  0.35099219956749378  0.36136139875123785  0.37184655454790710
  0.38241509329996037  0.39300088452935461  0.40353538654073678  0.41395318390062907
  0.42433943417071546  0.43467538036667835  0.44492908278996390  0.45513670057677641
  0.46536743265314445  0.47566012746329422  0.48586099144093148  0.49600801047716786
  0.50623566098758133  0.51652558930468706  0.52681943197504244  0.53701102984742355
  0.54728039367752146  0.55775986397868504  0.56837314395769711  0.57904770860470578
  0.58967630958361372  0.60020164816569965  0.61061500434283211  0.62097251456946534
  0.63136956475138795  0.64181325405636402  0.65225775787971041  0.66274358692186464
  0.67325815345912687  0.68375783803617152  0.69426495324113791  0.70474754184437616
  0.71506817485100538  0.72527560636707245  0.73555136352569261  0.74601782093853197
  0.75661011960612667  0.76709339125461873  0.77756063045236723  0.78815968882765930
  0.79885813333357403  0.80960848890125736  0.82023000208364283  0.83065833179359794
  0.84105157621112125  0.85134279308332339  0.86170230318222785  0.87199843523255971
  0.88224129755858194  0.89236969420212253  0.90249654650165667  0.91263276655342196
  0.92281545621612004  0.93289091743364305  0.94297917669820674  0.95299484216450558
  0.96298975067204029  0.97275192252417109  0.98226131620550872  1.00000000000000000
 -0.00250944859747790  0.00953669817898417  0.01993178570937168  0.03043044102383991
  0.04091101798308675  0.05161180826596333  0.06222779545594629  0.07256357269655718
  0.08286330606137837  0.09323792641199651  0.10377622975450616  0.11428550108117416
  0.12482781464840537  0.13536257800648735  0.14579660378586295  0.15626861495692446
  0.16666913418710766  0.17696421682657659  0.18731341946603250  0.19768402849110736
  0.20806705988014093  0.21834338909247858  0.22882713158793871  0.23950082081517615
  0.24996873316190579  0.26035089408386469  0.27069215368153193  0.28119646637425122
  0.29172172862555695  0.30208676111753791  0.31258560550208053  0.32290743449946069
  0.33337833372513476  0.34377707793116918  0.35419630995022960  0.36469835198418399
  0.37522534396633017  0.38586242670542353  0.39639993244347577  0.40714449033034611
  0.41808049157143667  0.42888705308923741  0.43960362686687471  0.45011241241237610
  0.46061440475629911  0.47119469874518999  0.48186482139976566  0.49247120098836605
  0.50308551900520593  0.51374604240288191  0.52453135744478774  0.53535995320204943
  0.54612274250692761  0.55678713856650719  0.56750436922938663  0.57814857419516663
  0.58865883286959364  0.59892331570673074  0.60925182864638006  0.61968054063363165
  0.63013613571314664  0.64070764902125910  0.65131078816447097  0.66194808666984484
  0.67254074732916125  0.68301582641263203  0.69348959331293969  0.70383378648658790
  0.71427512039401420  0.72473488592825497  0.73536414222756219  0.74608346334220033
  0.75666472879940117  0.76728302075244570  0.77823258531848027  0.78943730731099937
  0.80048810657465563  0.81164559050138518  0.82249922117276741  0.83318928585765273
  0.84345437677231871  0.85369037099252909  0.86433854890020823  0.87475215677364826
  0.88519271609181738  0.89548258332756914  0.90612493708474173  0.91681010994364376
  0.92750094470807842  0.93816160397187831  0.94863527104708856  0.95911052468008207
  0.96940438688201336  0.97968962495175549  0.98981626047375537  1.00000000000000000
 -0.00252038576582066  0.00965567788965920  0.01996720323517765  0.03059044213531075
  0.04122256826725684  0.05174272858212606  0.06240289077815591  0.07299337473559706
  0.08358410662242761  0.09420423498629223  0.10484867243602752  0.11557838271680378
  0.12622474838304498  0.13679703371126012  0.14720848696100131  0.15739055543354613
  0.16758403689837220  0.17784587383526898  0.18797668382290672  0.19842873822806886
  0.20890192315094908  0.21966239152458100  0.23034973800798123  0.24121958185869782
  0.25208961968124377  0.26279137628199695  0.27343029457452472  0.28402623056965426
  0.29473664162527174  0.30534621983715576  0.31601570491264463  0.32676563899935790
  0.33740023762373167  0.34803160203379657  0.35856161308255963  0.36912416381223950
  0.37959109226736443  0.39010584658834752  0.40072049674929233  0.41130625656242426
  0.42189656096619310  0.43249110201885899  0.44300873619601722  0.45340038213603873
  0.46409019358801729  0.47494526280832322  0.48564630423987293  0.49600224888854505
  0.50647287024653653  0.51704734928517404  0.52769582566441686  0.53833589511472335
  0.54901589201360257  0.55963038537751975  0.57004921992006752  0.58044166652801055
  0.59086694618516522  0.60116675497531213  0.61148190450051687  0.62184029605876734
  0.63250001173974657  0.64312852540769860  0.65374303259218014  0.66412468477465803
  0.67467327922921461  0.68518403723250498  0.69573776248788022  0.70620304251311627
  0.71649807922111697  0.72672752193209100  0.73709936889935701  0.74760520751861037
  0.75816200786046939  0.76865351801291371  0.77913098311844164  0.78979272132242184
  0.80029607876347786  0.81074264508170890  0.82109170800395348  0.83142108486866895
  0.84197652531926837  0.85250948761050394  0.86302892974003076  0.87337123449195531
  0.88378895374119126  0.89409917982647169  0.90445999925816178  0.91467419605137956
  0.92521469529113554  0.93592110909768000  0.94679782765632003  0.95756774140934786
  0.96814950934200272  0.97871439841744834  0.98937019524810010  1.00000000000000000
 -0.00239074828413087  0.00961750700937927  0.01977926470582359  0.03025203995851389
  0.04074796070097023  0.05125844482719150  0.06165830459931959  0.07195427678134714
  0.08219696593026306  0.09276609342311548  0.10327602884654877  0.11378599809615317
  0.12446027840665357  0.13508780056302111  0.14574381031357475  0.15622562551488228
  0.16683892305544848  0.17735570205925169  0.18795520481175626  0.19849966472202960
  0.20913639661939729  0.21968957386139140  0.23032861054487819  0.24100353909540076
  0.25150120392709119  0.26217049780041307  0.27281361144880723  0.28347641002640167
  0.29413124746454383  0.30474343885174354  0.31535052699645583  0.32588443718684651
  0.33637044059660604  0.34670920026957025  0.35704406598071092  0.36740068987391861
  0.37762020736965701  0.38762335795771474  0.39764072779039411  0.40789720308127136
  0.41827672689796852  0.42875097511662080  0.43918014813351086  0.44968354843501396
  0.46015355881726927  0.47078737640251034  0.48137262235204203  0.49202597053654634
  0.50274622897725829  0.51358598370109898  0.52433542501744268  0.53498475312587601
  0.54559944838446661  0.55622600185546178  0.56677724675737295  0.57732887724107274
  0.58774513848952126  0.59827846470261881  0.60893644055694840  0.61974914862429897
  0.63042143870917777  0.64086118843334205  0.65129639032646747  0.66176085320726163
  0.67233805553738990  0.68287331985613431  0.69344488046696806  0.70392984350806820
  0.71441581069988747  0.72488249999282339  0.73526739734668967  0.74551719080190193
  0.75582815965588313  0.76628394601882976  0.77668897547367299  0.78703704858111778
  0.79732271221939499  0.80774053675016344  0.81816077209148341  0.82869851407861506
  0.83918788753104534  0.84972951415001841  0.86015080627007745  0.87089964267625697
  0.88156475794844469  0.89231948693074836  0.90281244321508436  0.91326735763948186
  0.92386107601105327  0.93451517037286969  0.94532599205040702  0.95611798876880283
  0.96711717220883897  0.97817806985811950  0.98911560359516693  1.00000000000000000
 -0.00257757900520676  0.00970678250576258  0.01991918298264648  0.03053830786555855
  0.04115314183590706  0.05180824124314309  0.06230987730258319  0.07292682343117182
  0.08347133340887319  0.09411217078570211  0.10464784266932464  0.11498784304219314
  0.12529775229261764  0.13575648078625546  0.14637092810250310  0.15705750005510877
  0.16759592356837144  0.17816617016107264  0.18877081483268582  0.19949181968441079
  0.21017636963072930  0.22089212546007958  0.23157436288882235  0.24230702581326077
  0.25310547310205272  0.26393732444766127  0.27470164612345815  0.28521969732741675
  0.29563744800736741  0.30587866492107568  0.31630209108818930  0.32681482567397213
  0.33749085069873391  0.34803545380469575  0.35842911151369533  0.36869521489931362
  0.37892228625077173  0.38923261023511752  0.39954643356904990  0.40990100758161058
  0.42024367212008035  0.43068859279860827  0.44103381756165211  0.45161271734751329
  0.46216096434516024  0.47283687380544759  0.48334668362666988  0.49401741352389666
  0.50453269384790900  0.51498018579062477  0.52550888044549737  0.53621724575983309
  0.54685566175180222  0.55742231417002230  0.56802517064160940  0.57872532800026322
  0.58936496357034562  0.59979281931249850  0.61033803345260806  0.62088145170501019
  0.63142001040725815  0.64192170122024594  0.65239120680697715  0.66288608372914648
  0.67332613120355866  0.68357563316655923  0.69403058831098008  0.70451583843252275
  0.71504090364838224  0.72542631893532361  0.73569151938351829  0.74600115821455737
  0.75641857113666322  0.76679818759982088  0.77723555463918537  0.78774347682918433
  0.79836594464236477  0.80904626098905430  0.81967066098111108  0.83031591199907684
  0.84092474143812013  0.85144363252703104  0.86197553614530942  0.87246593255488802
  0.88318551412120927  0.89411487038911674  0.90521681353299788  0.91609590494391779
  0.92669894228217153  0.93724019915588130  0.94773195397108190  0.95845014257230943
  0.96877513590475206  0.97932021672706415  0.98964008384628732  1.00000000000000000
 -0.00260607772955322  0.01006998979266747  0.02056194039194990  0.03144942194272810
  0.04214953658287172  0.05282085241182832  0.06348690357190501  0.07409545106901376
  0.08484960889566193  0.09537490425808400  0.10592026745750616  0.11625762883829593
  0.12666060658619510  0.13704153364451194  0.14739421080170856  0.15794648834724509
  0.16833530792350243  0.17893392448840378  0.18949385100237817  0.20018824132864455
  0.21094249763055584  0.22185891965585536  0.23284977031776627  0.24377996087234319
  0.25449435058584924  0.26499769756129932  0.27546611838980328  0.28593198540449349
  0.29647493786755930  0.30701916119930656  0.31769238974094210  0.32837536591490424
  0.33905677750212770  0.34982981683388387  0.36070024149057767  0.37172798717708760
  0.38249512850210954  0.39324237416992919  0.40388569088038206  0.41450860945919288
  0.42490561176027158  0.43529722687661759  0.44589123312439888  0.45653788832767256
  0.46702413475239818  0.47735815705871382  0.48776512036091013  0.49822381274385796
  0.50867059245060087  0.51909500491819283  0.52945879928444972  0.53975571938835265
  0.54998586907572511  0.56025743152221907  0.57063911748043683  0.58092900706293116
  0.59133729948908442  0.60178555195361549  0.61230392283271340  0.62268700409474609
  0.63293580105318026  0.64326750367215280  0.65365268131015197  0.66399754521161314
  0.67439382103267131  0.68486599669239800  0.69536899993611334  0.70576355937231539
  0.71622526584964563  0.72666936607301680  0.73713000853923538  0.74761037728029700
  0.75813123043100394  0.76878317598828039  0.77933553288263013  0.78996710550183791
  0.80059880414555296  0.81119079858831189  0.82190846422784170  0.83263987339806078
  0.84330349441861296  0.85400716703106794  0.86455022763770029  0.87514814504809257
  0.88554718145358535  0.89588396797185788  0.90621024827633689  0.91656251774376463
  0.92684644059713062  0.93712249789786273  0.94764006760293662  0.95820393382567870
  0.96858932221270633  0.97892474276158736  0.98945829693338527  1.00000000000000000
 -0.00249376827991292  0.00916389717076138  0.01916567246573950  0.02951569294004468
  0.03997212765337007  0.05031488598526410  0.06071163129023973  0.07118169948323208
  0.08166115757328643  0.09223426473760253  0.10262510650500539  0.11313700188030258
  0.12352970526860702  0.13388866886351958  0.14447227937380558  0.15512131444759603
  0.16577628167657790  0.17620395672956321  0.18665463549815087  0.19719437707062193
  0.20786732212235259  0.21834345483649303  0.22878681937035911  0.23900554477870500
  0.24932941826860211  0.25966964109405183  0.27013855471591364  0.28052389931879040
  0.29070566809686044  0.30108171512373594  0.31158715702622952  0.32232807436926431
  0.33300813110356847  0.34370198591075501  0.35429091749583397  0.36475230625490701
  0.37520642640838209  0.38577486252906834  0.39627669477796895  0.40684889710577948
  0.41729223888059019  0.42811745955618580  0.43906829590662616  0.45014243515827035
  0.46106774094659447  0.47188099165818781  0.48242497454227101  0.49295725803004836
  0.50357077632171277  0.51425106899167439  0.52493666634373115  0.53534047508724703
  0.54567318791840136  0.55567464509756614  0.56583304873694329  0.57620978400243839
  0.58680125119650595  0.59744457098033665  0.60807646065737109  0.61852235384454224
  0.62903293468261756  0.63943304284447633  0.64997197369057724  0.66062896285627393
  0.67141091719150381  0.68221486169891177  0.69289526556097925  0.70351931897368736
  0.71412449607800899  0.72479868318081286  0.73546862832551885  0.74624079384964903
  0.75697469273267126  0.76760430622781728  0.77841268747045744  0.78900943072905561
  0.79960382498746696  0.81005090509888178  0.82047633491950611  0.83108938265740218
  0.84158650841198768  0.85208754574765966  0.86266362518125728  0.87315384004572294
  0.88349869993396990  0.89373222966583776  0.90401270067913286  0.91456525537072264
  0.92533097162859268  0.93604133172580428  0.94676665533026771  0.95734174673542094
  0.96791229132803902  0.97852139775680891  0.98917382014819788  1.00000000000000000
  0.00911009138944286  0.01622228758328272  0.02571352429604434  0.03693222653240187
  0.04760116955062300  0.05831585403149658  0.06888857808342225  0.07940855179235264
  0.08971651886848926  0.09996948679817333  0.11041376411556542  0.12091582245546478
  0.13148063788630621  0.14188757547918862  0.15222993820876587  0.16245976688128075
  0.17256807202656516  0.18253698296480908  0.19258750400746760  0.20278286477886642
  0.21300605268528403  0.22324821311717527  0.23341625558973306  0.24360485895536418
  0.25368863511211781  0.26369227332559708  0.27385984647270500  0.28419578013888946
  0.29454517969149346  0.30482396343578222  0.31497113828613699  0.32532133731404467
  0.33577388121257867  0.34641056417552085  0.35696379019936136  0.36744583640512007
  0.37793474370293706  0.38836418580291543  0.39883823432353344  0.40952077486269994
  0.42032708451749801  0.43125619944076921  0.44205557737628742  0.45288984409040617
  0.46363670089866188  0.47433155550421385  0.48489223383033775  0.49528422995787319
  0.50545536632563881  0.51544054755995850  0.52548013753855694  0.53571155645264412
  0.54608091078320409  0.55644355920564070  0.56672362853937153  0.57696486580479811
  0.58721176810027809  0.59750129006818364  0.60786491270398657  0.61826590364824840
  0.62872216907769130  0.63923039445807328  0.64970282782465805  0.66011247764018799
  0.67038480956967672  0.68055105898116741  0.69075692629693475  0.70094703906024880
  0.71112672473571270  0.72124573056572527  0.73139613211989074  0.74154340417188502
  0.75170295018278088  0.76180936298373836  0.77182691514901702  0.78187034956787416
  0.79204577736702086  0.80240778242506294  0.81283552568225248  0.82334135638741057
  0.83391851942870543  0.84441164450650930  0.85491417000749181  0.86553572440512561
  0.87629330756619472  0.88683581431050751  0.89725246283473026  0.90761294423481653
  0.91796409685820912  0.92849035949092273  0.93900291820792603  0.94959739175810265
  0.96012703917857933  0.97055079108083697  0.98093150235226012  1.00000000000000000
 -0.01697719582938981  0.12057074309945860  0.18289969821955976  0.22822340265253457
  0.25846600844198503  0.28148746389416079  0.30068587761234250  0.31734054793869521
  0.33233465066154094  0.34556037303354004  0.35801406146021819  0.36947759075135117
  0.38037158190234960  0.39062957313455954  0.40047157009086493  0.40983044480641445
  0.41882802145570991  0.42747041039550765  0.43584928277646412  0.44392079826186109
  0.45171327933990496  0.45930926932568417  0.46664126158313018  0.47383313857843345
  0.48085949882244655  0.48762789033154164  0.49428110635615241  0.50079732157111478
  0.50717697039155940  0.51347438170713966  0.51970169893783380  0.52580809090327973
  0.53177215248498477  0.53767012357734956  0.54342614546187307  0.54909027349721051
  0.55471428167778192  0.56027933187137091  0.56576496546061339  0.57117737850547190
  0.57653943193404744  0.58185324236326053  0.58708796474979141  0.59227149442485094
  0.59741905189355948  0.60252665720820298  0.60759369012155906  0.61260892839864989
  0.61760423783191276  0.62257511110095454  0.62751655608391688  0.63242809193042060
  0.63731928024045215  0.64220817388605733  0.64709914553213632  0.65197252703976705
  0.65683583425310499  0.66168420605756995  0.66651016756280679  0.67133039879528500
  0.67614577699836054  0.68096609121218454  0.68580836000112844  0.69067591936284212
  0.69555874010260099  0.70046240076175392  0.70537230593206701  0.71035047401378570
  0.71536912251596374  0.72040573879389558  0.72546690384561330  0.73057271457327921
  0.73574985650620306  0.74098971547357739  0.74627864438957414  0.75165802206885257
  0.75717158652452443  0.76275317441340884  0.76843258795438474  0.77426358646790039
  0.78034907281961274  0.78650157005431398  0.79287269129389237  0.79956033427077577
  0.80641209885467258  0.81361200391861721  0.82121692642707933  0.82922453031903209
  0.83790162175957872  0.84727735061294218  0.85775389826058823  0.86950926242952598
  0.88361059850844703  0.90147196240661742  0.93042232974615835  1.00000000000000000
   2.4744491352682381E-039  -1.0000000000000000     
 F F F F F F F F F F F F F F F F T T T T T T T T T T T T T T T T T T T T T T T T T T T T T T T T F F F F F F F F F F F F F F F F F F F F F F F F F F F F F F F F T T T T T T T T T T T T T T T T T T T T T T T T T T T T T T T T F F F F F F F F F F F F F F F F
  <DiscreteSampler_grid>
  grouped_processes
  1 # 1 for a reference and 2 for a running grid.
  10 # Attribute 'min_bin_probing_points' of the grid.
  1 # Attribute 'grid_mode' of the grid. 1=='default',2=='initialization'
  0.0000000000000000 # Attribute 'small_contrib_threshold' of the grid.
  0.5000000000000000 # Attribute 'damping_power' of the grid.
 # binID   n_entries weight   weight_sqr   abs_weight
    31   10   1.916805900382315E-025   1.121843801551215E-049   1.916805900382315E-025
    32   10   1.916805900382315E-025   1.121843801551215E-049   1.916805900382315E-025
    34   10   1.916805900382315E-029   1.121843801551214E-057   1.916805900382315E-029
    35   10   1.916805900382315E-029   1.121843801551214E-057   1.916805900382315E-029
    37   10   1.916805900382315E-029   1.121843801551214E-057   1.916805900382315E-029
    38   10   1.916805900382315E-029   1.121843801551214E-057   1.916805900382315E-029
    40   10   1.916805900382315E-025   1.121843801551215E-049   1.916805900382315E-025
    41   10   1.916805900382315E-025   1.121843801551215E-049   1.916805900382315E-025
    43   10   1.916805900382315E-025   1.121843801551215E-049   1.916805900382315E-025
    44   10   1.916805900382315E-025   1.121843801551215E-049   1.916805900382315E-025
    46   10   1.916805900382315E-029   1.121843801551214E-057   1.916805900382315E-029
    47   10   1.916805900382315E-029   1.121843801551214E-057   1.916805900382315E-029
    49   10   1.916805900382315E-029   1.121843801551214E-057   1.916805900382315E-029
    50   10   1.916805900382315E-029   1.121843801551214E-057   1.916805900382315E-029
    52   10   1.916805900382315E-025   1.121843801551215E-049   1.916805900382315E-025
    53   10   1.916805900382315E-025   1.121843801551215E-049   1.916805900382315E-025
  </DiscreteSampler_grid>
