 -0.00247730704152283  0.00948931189639462  0.01950753510717279  0.02984798198482297
  0.04014198384080531  0.05043912715868443  0.06077178985996282  0.07127971266078914
  0.08174523760369552  0.09218577283443788  0.10264675079031479  0.11307941492369357
  0.12357339766129885  0.13399013718757344  0.14434143690254103  0.15480294153516372
  0.16509077430277552  0.17552612200341208  0.18584841122366699  0.19635797373240430
  0.20699518109524165  0.21767417001536613  0.22858817786726096  0.23921688598565938
  0.24986202797399684  0.26036512136707918  0.27067549321223527  0.28124199766698099
  0.29164412101399773  0.30234114077865470  0.31294595498845235  0.32365228089740017
  0.33414035471819897  0.34460085905675009  0.35497742176815500  0.36543627713169002
  0.37576277638759520  0.38607502889282036  0.39643624029576080  0.40707802623416406
  0.41775485233845139  0.42851631803846152  0.43913248384402953  0.44980110510414745
  0.46043156501109828  0.47110241217135257  0.48167831591085047  0.49226253187267760
  0.50284645716586818  0.51348908908417690  0.52406443625621690  0.53434893613510404
  0.54468616337166198  0.55504755753048174  0.56543087450304141  0.57572007017041449
  0.58597965064848889  0.59637667603317213  0.60676632788850049  0.61710137192304371
  0.62750867976023639  0.63796813725102053  0.64859371400571830  0.65927716343523901
  0.67001667330795245  0.68082791391112851  0.69158086973208455  0.70233262533905694
  0.71298930979981634  0.72360152523134402  0.73411317737091220  0.74459484502971496
  0.75510964957411764  0.76567871318396896  0.77598815670321397  0.78624788829987202
  0.79653346497379007  0.80693935707721831  0.81737395958632542  0.82785096711135775
  0.83837365116365914  0.84904472169741974  0.85967311966776561  0.87049391381450170
  0.88123024215416235  0.89194942618816819  0.90262617974585146  0.91340868262084762
  0.92433980704934537  0.93510911387558493  0.94589057346883143  0.95657878595343804
  0.96737905625998499  0.97823252868442589  0.98908267992158394  1.00000000000000000
 -0.00248392436872729  0.00955384874112904  0.01960933285894532  0.02988630541342319
  0.04021224301005710  0.05076399585051707  0.06137663247358197  0.07224418620801021
  0.08306442722846184  0.09374472901465253  0.10429113802370407  0.11465217372814250
  0.12503409108095903  0.13527525971293711  0.14554392654940487  0.15598420738214161
  0.16654380377052569  0.17726009013443147  0.18795397845652134  0.19876818876703528
  0.20963614583138246  0.22037866095496053  0.23114865720683406  0.24170384541311232
  0.25220458281360814  0.26255746779284755  0.27282815697542562  0.28307898140661047
  0.29323889957350213  0.30358181539132995  0.31398667448760459  0.32431604995198315
  0.33460484204443491  0.34490150625431293  0.35537082504322842  0.36586322919612257
  0.37631207257638466  0.38682806680682896  0.39735010426170042  0.40786207927651708
  0.41848894752096083  0.42908879339920336  0.43974222844996075  0.45031181542870707
  0.46106742346955104  0.47187472733562563  0.48265767323237113  0.49331608481382255
  0.50408983368778704  0.51488010197423872  0.52577966737207171  0.53645270535127076
  0.54695254915065983  0.55734248744711890  0.56784153688422845  0.57849265173480213
  0.58914647254021102  0.59997100519183699  0.61064200684223324  0.62130123079543498
  0.63187260467603534  0.64247217995827588  0.65304163819094319  0.66352377593476997
  0.67410483030913615  0.68471802755748246  0.69525853339553934  0.70581865626462093
  0.71651339277335502  0.72719829782058476  0.73795165190243928  0.74854057633420268
  0.75912103068477843  0.76967850021787676  0.78023530004679964  0.79090958222814678
  0.80146960631836706  0.81203027825175822  0.82260460157973980  0.83321152210214466
  0.84388929059567375  0.85456255227947575  0.86494634840042550  0.87532582445017337
  0.88561010293258502  0.89600924479144906  0.90642772411616901  0.91686100787886970
  0.92731492958613770  0.93779670937341453  0.94807030580864526  0.95845886669641744
  0.96882919758376163  0.97928337239341101  0.98968761552833928  1.00000000000000000
  0.00186465866270173  0.01148066110582634  0.02240103641384411  0.03293217045154598
  0.04332118651789404  0.05379156483944126  0.06418589926149210  0.07469932609530437
  0.08514740641217733  0.09574050656844997  0.10625996425596142  0.11681010026056618
  0.12734193953500969  0.13798369534327568  0.14855628729487205  0.15890411885231615
  0.16921116290906485  0.17947466720876479  0.18978719228236923  0.20028784819662343
  0.21079397270283781  0.22149082088332542  0.23207381168552546  0.24266121797391180
  0.25305582294896911  0.26342526522468401  0.27374510827633275  0.28411585762693004
  0.29459916780772682  0.30520134193695014  0.31576410354933543  0.32637152441182793
  0.33692517145290490  0.34755327689348420  0.35822832499095492  0.36886076727712869
  0.37946498281027508  0.38986295940001020  0.40027024243925952  0.41052725329402273
  0.42073298036602219  0.43082682438367009  0.44113742955259189  0.45155640275370212
  0.46224845754721661  0.47294007362656393  0.48357837546299703  0.49394290939646995
  0.50427647778437290  0.51468275772101413  0.52518325284669576  0.53586721609841803
  0.54649099352618569  0.55711708925848902  0.56752762360965670  0.57793149840982461
  0.58839455134036733  0.59904452252238582  0.60967457280626991  0.62042286603702124
  0.63110040947414459  0.64193435604603888  0.65251243636301404  0.66309524199306091
  0.67361426578105899  0.68412748172961679  0.69472057886660132  0.70524353133090167
  0.71575683428741299  0.72625835451281928  0.73684360526066661  0.74751279858013386
  0.75822225874865656  0.76874854278926652  0.77910867774264592  0.78958915430173449
  0.79999323059783478  0.81057641764806454  0.82105065216356177  0.83160498971799568
  0.84214254818146783  0.85254469602471972  0.86312741572470475  0.87369742120367944
  0.88431358903662249  0.89487692843942646  0.90547225832901224  0.91602763808288423
  0.92643652783697861  0.93678570981686482  0.94702113832784851  0.95730341184050760
  0.96764855265720551  0.97805910874650070  0.98886519388645333  1.00000000000000000
 -0.01962779923525506  0.12213549496368757  0.16760694334497139  0.19689758801424118
  0.22085570835547216  0.24132776816813079  0.25952620759685724  0.27609264799966515
  0.29144998992258125  0.30584016681256615  0.31936803528517294  0.33222333968712225
  0.34447625524043957  0.35626844010890740  0.36755335292915120  0.37846500405842121
  0.38898672404270479  0.39923466390217022  0.40914032520254401  0.41881589523509949
  0.42820304040753060  0.43740580299209292  0.44637559959985584  0.45516317851974974
  0.46378447284620661  0.47221937700232391  0.48055061781409858  0.48864025417277801
  0.49664871578170217  0.50447696516349394  0.51216056147143341  0.51978717306185840
  0.52722899312702121  0.53460322731056487  0.54185659910099637  0.54898041566946143
  0.55601312338803222  0.56294602434208862  0.56976542645489370  0.57651186257573517
  0.58319077342042991  0.58976418656795826  0.59625238202931186  0.60267625239529654
  0.60900987105963589  0.61528156944246948  0.62150962965082124  0.62766167025191166
  0.63372679573015211  0.63975043366808382  0.64573224274435292  0.65158777227124121
  0.65740638735710555  0.66319592514056991  0.66893651606922788  0.67462301458528384
  0.68026920144039993  0.68588357335007222  0.69145665547634827  0.69698777058102879
  0.70250834413378149  0.70800515649962992  0.71347020460500410  0.71890533075777885
  0.72432744832396556  0.72973889137892589  0.73513368622480801  0.74051943304695156
  0.74590313058580804  0.75129155368641221  0.75669230117585384  0.76210608521880197
  0.76752889017846859  0.77296928683438537  0.77847135436297732  0.78399285926519868
  0.78956531411519681  0.79521086488613191  0.80093421461074987  0.80671344264549183
  0.81257805424964502  0.81858963374539417  0.82474197313226461  0.83102517364423378
  0.83755929876213542  0.84432265014984320  0.85129509572877304  0.85867622761933782
  0.86659312646874731  0.87495455712038428  0.88427718551226464  0.89465329061781484
  0.90688160060238232  0.92229262448308047  0.94577261240442623  1.00000000000000000
   6.2534199459207129E-003  -1.0000000000000000     
 F T T F F T T F
  <DiscreteSampler_grid>
  grouped_processes
  1 # 1 for a reference and 2 for a running grid.
  10 # Attribute 'min_bin_probing_points' of the grid.
  1 # Attribute 'grid_mode' of the grid. 1=='default',2=='initialization'
  0.0000000000000000 # Attribute 'small_contrib_threshold' of the grid.
  0.5000000000000000 # Attribute 'damping_power' of the grid.
 # binID   n_entries weight   weight_sqr   abs_weight
    31   10   6.330813042524117E+010   6.887280962128804E+021   6.330813042524117E+010
    32   10   6.330813042524117E+010   6.887280962128804E+021   6.330813042524117E+010
    34   10   6.330813042524114E+006   6.887280962128802E+013   6.330813042524114E+006
    35   10   6.330813042524114E+006   6.887280962128802E+013   6.330813042524114E+006
    37   10   6.330813042524114E+006   6.887280962128802E+013   6.330813042524114E+006
    38   10   6.330813042524114E+006   6.887280962128802E+013   6.330813042524114E+006
    40   10   6.330813042524117E+010   6.887280962128804E+021   6.330813042524117E+010
    41   10   6.330813042524117E+010   6.887280962128804E+021   6.330813042524117E+010
    43   10   6.330813042524117E+010   6.887280962128804E+021   6.330813042524117E+010
    44   10   6.330813042524117E+010   6.887280962128804E+021   6.330813042524117E+010
    46   10   6.330813042524114E+006   6.887280962128802E+013   6.330813042524114E+006
    47   10   6.330813042524114E+006   6.887280962128802E+013   6.330813042524114E+006
    49   10   6.330813042524114E+006   6.887280962128802E+013   6.330813042524114E+006
    50   10   6.330813042524114E+006   6.887280962128802E+013   6.330813042524114E+006
    52   10   6.330813042524117E+010   6.887280962128804E+021   6.330813042524117E+010
    53   10   6.330813042524117E+010   6.887280962128804E+021   6.330813042524117E+010
  </DiscreteSampler_grid>
