 -0.00240717047542232  0.00927851797630950  0.01949469013114601  0.03013290692033160
  0.04084873814959165  0.05143603767902934  0.06197572069973546  0.07262812610872070
  0.08332030537403808  0.09396816819640295  0.10449247568001821  0.11509997080214179
  0.12569451724322778  0.13625884964894666  0.14681304271870443  0.15756251266504542
  0.16833146304902474  0.17902562178551762  0.18972835474940986  0.20037446366599451
  0.21105944149102013  0.22169650823954298  0.23228558949963438  0.24287934198961747
  0.25349481340016727  0.26408622757199585  0.27457755003728357  0.28500856241986749
  0.29545848773666139  0.30601150243892983  0.31642989496583501  0.32676500991745500
  0.33709248105976858  0.34746086230820444  0.35778308460841096  0.36817054667745419
  0.37865004268728952  0.38927506691948804  0.39981417115707268  0.41039502962032742
  0.42104190722479728  0.43158888963517666  0.44216757852779021  0.45276786792264884
  0.46323804950162378  0.47356073460696901  0.48403498020004487  0.49466229546041834
  0.50530198363951673  0.51589868573530462  0.52644195858953735  0.53693668764460123
  0.54732462324833264  0.55783784213988408  0.56826013683412180  0.57871754035345080
  0.58896702382419008  0.59933273920629526  0.60953069398966953  0.61986138033595206
  0.63022889571174168  0.64076898115033931  0.65132084119176348  0.66201953305458150
  0.67270484961946231  0.68346326352528042  0.69427172612805654  0.70506573959893659
  0.71560403019935792  0.72614660805752029  0.73650250313160426  0.74685061142093512
  0.75711680776665990  0.76746111758365332  0.77771665217600017  0.78792103331098262
  0.79823254287041689  0.80865958184732456  0.81904039695809272  0.82941332686399094
  0.83980742596954849  0.85025312757741456  0.86070927729496838  0.87120799854932318
  0.88184338232286641  0.89273922705475406  0.90351318899265154  0.91435574195816760
  0.92500427490862758  0.93575294267257636  0.94631110248788630  0.95694201239608090
  0.96761672716296243  0.97839753095682191  0.98916689481046327  1.00000000000000000
 -0.00248652495630999  0.00973791799701477  0.02006593044634441  0.03078826110421695
  0.04158111362557609  0.05238290209022588  0.06322562149390271  0.07402472351051513
  0.08470006582926627  0.09535408581974729  0.10597007699475158  0.11657140213505032
  0.12713219834429049  0.13755806906641685  0.14807377127976448  0.15834988625615867
  0.16870675503052590  0.17905791040046767  0.18953342319799305  0.20005782388635557
  0.21056837353482027  0.22104245933349104  0.23161242626053749  0.24211296805567650
  0.25265873601154826  0.26318349664437846  0.27370368078177948  0.28425811105715565
  0.29479045537071830  0.30536189994998703  0.31592373091696263  0.32636113125166821
  0.33682099857992909  0.34735267486128563  0.35791140521868647  0.36851087714164221
  0.37918181253898292  0.38992771160890516  0.40045280496772023  0.41090999423557867
  0.42134536644387915  0.43185975104554192  0.44226108348578452  0.45272686669060763
  0.46329245774879507  0.47389825890845716  0.48445048534123142  0.49504016335130152
  0.50551109679589890  0.51583498998980026  0.52630563556995258  0.53688826208163076
  0.54761279668622243  0.55813154844553203  0.56881868373380517  0.57939958255987400
  0.59009516572225484  0.60077008639906293  0.61136968230841982  0.62205184573517913
  0.63270540840409606  0.64337320777775664  0.65382113532763619  0.66419979422094755
  0.67475680946704153  0.68532580824634248  0.69603047066261770  0.70683232752318459
  0.71756295589428232  0.72839803250075907  0.73902553893667244  0.74963882720772390
  0.76000052050277722  0.77048935076863545  0.78099779565207073  0.79140375579899358
  0.80181539741811569  0.81222560696802371  0.82251781215309028  0.83277833199048656
  0.84311865574239953  0.85349352715313853  0.86394123665348388  0.87423430537906088
  0.88476023727776409  0.89522062039959927  0.90574643704366842  0.91620472997218916
  0.92664325066057640  0.93707868295953578  0.94755411264357936  0.95817366513928670
  0.96873835505237116  0.97925609427378923  0.98960974473654983  1.00000000000000000
  0.00193241012546804  0.01116098153138643  0.02210680819616718  0.03281209396349725
  0.04339567509530812  0.05395556216950990  0.06460887878792750  0.07543467019926103
  0.08620740093157742  0.09671421338147577  0.10718904838826659  0.11759258591673245
  0.12806048041498741  0.13832430697324299  0.14873191079163864  0.15906393668803248
  0.16959004303581679  0.17998719118075587  0.19038181932843296  0.20081981683807634
  0.21126200102210599  0.22188570777919858  0.23250747145007544  0.24309676578467029
  0.25363455402381813  0.26413732169954746  0.27459650643216188  0.28502393727326697
  0.29543695145163401  0.30592193727049644  0.31631543347943519  0.32681866084429911
  0.33714945929518586  0.34766861787924197  0.35802836698836032  0.36865834171102518
  0.37915128483096494  0.38972812805636559  0.40018869167847593  0.41047116290889124
  0.42092647012577827  0.43124872386851082  0.44172803193384552  0.45197591324919351
  0.46230906401935812  0.47274326778827280  0.48333926917253289  0.49399689818527170
  0.50462500789685905  0.51525654926990561  0.52597530906254231  0.53674896757974699
  0.54743922062380601  0.55806552497597461  0.56872647891508432  0.57946337769498635
  0.59020192963965890  0.60091383031042633  0.61159775277554662  0.62220920366395382
  0.63269805975108573  0.64318309946079233  0.65356887925511675  0.66397357323074035
  0.67435241934823231  0.68468991027231785  0.69498126334002863  0.70518784310985183
  0.71553674755840047  0.72596960716372771  0.73661945467328072  0.74730094006894421
  0.75790531609931500  0.76854884936498757  0.77907981322585373  0.78980274404251771
  0.80036401382682199  0.81102130944132733  0.82134295105281951  0.83162235704519993
  0.84183924920551678  0.85203852738830255  0.86244682718220833  0.87285135137876113
  0.88342364253323702  0.89396784368550497  0.90461248566720831  0.91523429094521414
  0.92576984986491095  0.93610625825970206  0.94636076646739808  0.95644586597931880
  0.96704437222266726  0.97764782956344576  0.98875315838012257  1.00000000000000000
 -0.01971346640558786  0.12305796283177417  0.16812189044093639  0.19729308285519612
  0.22124923324388682  0.24169433981637106  0.25982261491156111  0.27634277069388263
  0.29171260763221635  0.30612090318788449  0.31965917080148021  0.33250474529362239
  0.34471285066613594  0.35644512388559646  0.36769728015010972  0.37860428227308218
  0.38912063868458163  0.39934326600339420  0.40923060327810429  0.41889381103671491
  0.42830163567146268  0.43752578421724148  0.44651001960670089  0.45531159427551976
  0.46392062975236759  0.47234749903605555  0.48065574695868785  0.48874555733253017
  0.49675883663269649  0.50459637307653737  0.51228298607953371  0.51990496530349961
  0.52733929861918838  0.53470068020926353  0.54195132140716595  0.54908810829855215
  0.55614431666796460  0.56309508153673771  0.56992114983871400  0.57666068988870123
  0.58332685336907197  0.58989244349548253  0.59638847411691343  0.60283098085207032
  0.60917461532633077  0.61544332335433638  0.62166293864862188  0.62780282438215906
  0.63385911367858316  0.63986273021110429  0.64583112129299447  0.65168412287584909
  0.65750660635470926  0.66329490904666710  0.66902692241008865  0.67471333555870805
  0.68036957546040711  0.68599955909506982  0.69158398490299633  0.69710832399213796
  0.70261925704033523  0.70809347275397538  0.71353706721306076  0.71894975931870009
  0.72435511837994937  0.72975464592925132  0.73513949580904292  0.74051601504093867
  0.74588501584867428  0.75125273921407332  0.75663256153972169  0.76202528068396824
  0.76742912838443178  0.77285594617777775  0.77833573536900191  0.78385270722253231
  0.78942307717055882  0.79507496330987470  0.80080325267544783  0.80658552369643921
  0.81245399263923124  0.81848414363926247  0.82466604025276724  0.83096407963901231
  0.83750562605806700  0.84426665286952007  0.85122728284077709  0.85860343145360141
  0.86651004431096690  0.87487139253328727  0.88416839573437578  0.89447251655898241
  0.90658885253180976  0.92190766472575170  0.94528400816264024  1.00000000000000000
   6.2446221501568384E-003  -1.0000000000000000     
 F T T F F T T F
  <DiscreteSampler_grid>
  grouped_processes
  1 # 1 for a reference and 2 for a running grid.
  10 # Attribute 'min_bin_probing_points' of the grid.
  1 # Attribute 'grid_mode' of the grid. 1=='default',2=='initialization'
  0.0000000000000000 # Attribute 'small_contrib_threshold' of the grid.
  0.5000000000000000 # Attribute 'damping_power' of the grid.
 # binID   n_entries weight   weight_sqr   abs_weight
    31   10   7.126626395277057E+010   7.264099269647554E+021   7.126626395277057E+010
    32   10   7.126626395277057E+010   7.264099269647554E+021   7.126626395277057E+010
    34   10   7.126626395277059E+006   7.264099269647553E+013   7.126626395277059E+006
    35   10   7.126626395277059E+006   7.264099269647553E+013   7.126626395277059E+006
    37   10   7.126626395277059E+006   7.264099269647553E+013   7.126626395277059E+006
    38   10   7.126626395277059E+006   7.264099269647553E+013   7.126626395277059E+006
    40   10   7.126626395277057E+010   7.264099269647554E+021   7.126626395277057E+010
    41   10   7.126626395277057E+010   7.264099269647554E+021   7.126626395277057E+010
    43   10   7.126626395277057E+010   7.264099269647554E+021   7.126626395277057E+010
    44   10   7.126626395277057E+010   7.264099269647554E+021   7.126626395277057E+010
    46   10   7.126626395277059E+006   7.264099269647553E+013   7.126626395277059E+006
    47   10   7.126626395277059E+006   7.264099269647553E+013   7.126626395277059E+006
    49   10   7.126626395277059E+006   7.264099269647553E+013   7.126626395277059E+006
    50   10   7.126626395277059E+006   7.264099269647553E+013   7.126626395277059E+006
    52   10   7.126626395277057E+010   7.264099269647554E+021   7.126626395277057E+010
    53   10   7.126626395277057E+010   7.264099269647554E+021   7.126626395277057E+010
  </DiscreteSampler_grid>
